2
278 1 985
2
579 1 421
2
223 1 942
2
895 2 465
2
311 1 610
2
627 2 1004
2
188 2 616
2
273 1 1294
2
545 1 971
2
1109 1 1148
2
665 1 150
2
331 1 135
2
628 1 534
2
1345 2 850
2
1185 1 972
2
1124 2 1151
2
336 1 443
2
1376 1 704
2
224 1 29
2
123 1 1212
2
661 1 1329
2
194 7 1163
2
1066 2 265
2
163 1 449
2
8 2 994
2
483 1 440
2
1216 2 160
2
81 1 291
2
657 1 1169
2
1031 1 289
2
338 4 715
2
71 2 759
2
1320 2 1348
2
774 2 188
2
408 1 240
2
515 2 715
2
835 1 392
2
455 2 1066
2
773 1 774
2
286 7 805
2
465 2 397
2
1158 1 1382
2
197 2 70
2
496 4 1318
2
805 2 1005
2
1217 1 132
2
465 2 123
2
1212 1 1177
2
775 1 562
2
262 1 286
2
192 1 564
2
1281 2 1089
2
502 1 1157
2
1374 2 179
2
632 1 1019
2
10 1 1020
2
1003 2 870
2
733 2 960
2
336 1 436
2
728 1 1383
2
822 2 1005
2
1106 4 26
2
1300 2 1261
2
957 1 1193
2
585 2 1060
2
1238 1 282
2
158 1 101
2
959 2 705
2
374 4 966
2
814 1 273
2
19 2 1384
2
855 1 97
2
39 1 337
2
454 1 91
2
1111 2 270
2
1197 1 1047
2
886 1 1334
2
1007 1 1358
2
1325 2 1063
2
364 2 111
2
1356 1 452
2
794 1 910
2
1282 1 1236
2
913 4 60
2
261 2 639
2
801 2 264
2
231 1 389
2
1255 4 968
2
651 1 1321
2
99 2 733
2
1015 6 487
2
1049 1 489
2
1026 1 1343
2
591 1 718
2
66 1 173
2
994 1 53
2
1261 1 272
2
1000 2 640
2
547 1 177
2
30 1 319
2
78 1 267
2
593 1 17
2
1341 2 379
2
138 2 239
2
819 2 446
2
948 1 997
2
190 1 492
2
886 2 470
2
595 1 1282
2
380 1 1313
2
12 1 1168
2
1264 1 317
2
1000 1 593
2
969 2 544
2
1109 1 1186
2
618 1 601
2
1215 1 797
2
1077 1 1239
2
456 1 168
2
533 2 71
2
923 2 848
2
69 7 1257
2
794 2 74
2
443 1 638
2
683 4 736
2
1244 1 165
2
1058 2 696
2
829 1 856
2
871 2 1340
2
992 1 170
2
457 2 329
2
662 1 445
2
182 3 648
2
492 1 1011
2
723 2 1048
2
705 1 919
2
387 2 487
2
398 1 459
2
1249 4 1161
2
649 1 623
2
964 1 756
2
971 1 1001
2
603 2 821
2
702 1 797
2
575 1 1334
2
122 1 1377
2
366 1 246
2
644 2 761
2
927 1 483
2
1052 1 214
2
1251 1 806
2
111 4 388
2
190 1 927
2
511 1 1020
2
1105 2 694
2
134 2 371
2
810 2 1324
2
1085 1 525
2
767 1 51
2
747 1 905
2
1173 1 540
2
742 1 1170
2
176 1 541
2
333 2 1242
2
180 1 292
2
105 2 741
2
1328 2 673
2
830 1 610
2
1066 1 438
2
69 4 338
2
266 1 520
2
312 1 1255
2
672 2 180
2
302 4 915
2
988 1 183
2
525 1 1046
2
839 4 442
2
1014 1 1245
2
637 2 768
2
283 1 886
2
1122 1 1338
2
1123 1 1117
2
670 1 562
2
997 1 308
2
1290 1 1147
2
827 1 1200
2
621 1 961
2
1211 1 1322
2
1275 2 481
2
512 2 844
2
846 2 1083
2
1047 1 539
2
966 1 713
2
706 1 366
2
476 4 580
2
1350 1 1035
2
848 1 886
2
1029 1 399
2
1386 1 906
2
58 1 1244
2
62 1 884
2
1040 1 705
2
1213 1 1373
2
904 1 849
2
90 1 926
2
865 1 884
2
615 2 1311
2
1114 1 1208
2
1227 2 923
2
591 6 1246
2
1266 1 732
2
933 1 502
2
1084 1 155
2
1078 2 376
2
814 1 1323
2
1031 2 515
2
47 2 1027
2
237 2 1263
2
616 2 577
2
1275 1 939
2
254 1 871
2
1180 1 301
2
906 2 407
2
277 2 1151
2
852 1 172
2
855 2 536
2
164 1 369
2
1160 1 4
2
1339 1 1238
2
1092 1 524
2
575 2 924
2
917 2 230
2
987 4 153
2
1179 2 945
2
1053 1 369
2
1166 1 643
2
695 2 455
2
1118 1 325
2
56 1 360
2
1275 1 1218
2
575 1 29
2
195 1 370
2
871 1 99
2
422 2 1128
2
1113 1 966
2
595 4 956
2
1084 1 909
2
1123 2 554
2
1346 1 753
2
717 1 1107
2
368 2 109
2
388 1 619
2
144 2 690
2
554 2 572
2
294 1 230
2
1007 1 436
2
518 2 363
2
796 1 179
2
1173 1 1213
2
1075 1 855
2
607 1 589
2
1114 1 1051
2
18 1 845
2
715 2 70
2
291 1 767
2
148 1 936
2
568 1 443
2
446 2 1019
2
724 2 780
2
925 2 330
2
864 2 234
2
903 2 221
2
237 5 1006
2
1239 1 105
2
679 1 197
2
1171 1 921
2
603 2 754
2
941 1 469
2
1196 1 123
2
1268 1 92
2
1152 1 84
2
1291 2 648
2
508 1 767
2
1133 1 778
2
237 2 642
2
274 1 967
2
460 1 1204
2
1356 1 893
2
1332 1 994
2
755 2 1093
2
889 2 518
2
1057 4 937
2
650 1 1026
2
779 1 24
2
992 6 154
2
44 1 765
2
597 2 247
2
1179 4 663
2
1199 1 44
2
1077 1 1347
2
1238 1 868
2
697 2 268
2
586 1 530
2
640 2 100
2
57 1 787
2
774 1 987
2
1025 2 1070
2
1259 1 825
2
172 1 980
2
1308 1 389
2
1177 1 1166
2
131 1 1024
2
54 1 268
2
465 2 1008
2
818 1 397
2
807 1 397
2
1291 2 93
2
722 2 85
2
191 1 282
2
197 1 20
2
1369 2 1358
2
203 1 472
2
1015 7 445
2
1244 1 1102
2
640 2 672
2
426 1 84
2
1259 1 971
2
285 2 807
2
325 1 1158
2
940 4 798
2
467 1 520
2
807 1 1050
2
810 1 35
2
1213 1 50
2
841 2 655
2
353 2 787
2
496 4 1352
2
844 4 288
2
1335 1 1088
2
411 1 618
2
557 1 246
2
809 2 443
2
1038 2 771
2
1041 4 201
2
489 1 129
2
581 2 73
2
656 1 38
2
555 1 1125
2
81 1 911
2
514 1 1229
2
233 1 1122
2
1127 2 372
2
459 1 811
2
1109 1 343
2
454 1 999
2
574 1 922
2
366 1 1129
2
1091 2 637
2
849 1 1018
2
1326 1 1117
2
383 6 75
2
244 1 1146
2
1137 1 986
2
223 1 833
2
985 1 501
2
553 1 661
2
1002 1 957
2
784 1 1019
2
24 1 1165
2
353 2 372
2
1305 1 927
2
178 2 162
2
1007 1 531
2
203 1 1200
2
1050 1 934
2
1315 4 1014
2
199 4 1268
2
1071 6 1366
2
913 2 1313
2
722 4 26
2
1322 4 582
2
385 2 359
2
1174 4 51
2
1161 1 1126
2
811 1 1362
2
1086 1 337
2
9 2 952
2
981 1 988
2
1077 2 1131
2
704 1 856
2
1255 1 1047
2
733 2 514
2
1135 1 309
2
368 2 1131
2
1350 1 282
2
1048 2 1150
2
961 1 378
2
714 1 880
2
681 2 1374
2
565 1 149
2
985 1 1377
2
323 1 501
2
1149 1 1368
2
1331 1 130
2
853 1 402
2
9 2 19
2
242 2 1148
2
736 2 754
2
606 2 199
2
520 1 813
2
950 1 41
2
805 2 954
2
1060 1 1124
2
937 4 655
2
516 1 783
2
667 1 882
2
540 1 88
2
375 1 93
2
108 1 1227
2
463 2 40
2
1326 1 323
2
531 1 1123
2
171 2 1339
2
531 6 1028
2
1115 4 1361
2
168 1 852
2
235 1 1013
2
399 1 862
2
356 1 301
2
170 1 843
2
319 1 787
2
607 1 416
2
223 1 1129
2
799 1 1386
2
1322 1 461
2
297 1 394
2
32 2 154
2
225 1 963
2
1113 2 889
2
1068 2 510
2
792 1 367
2
1051 1 1090
2
1104 1 606
2
799 1 692
2
902 2 1269
2
1181 1 556
2
775 1 1387
2
681 2 376
2
1248 1 607
2
422 2 302
2
1145 7 1140
2
976 2 457
2
1302 1 1022
2
1044 2 1126
2
998 1 343
2
937 4 674
2
992 1 1321
2
1046 1 24
2
702 2 873
2
844 4 26
2
122 2 1073
2
482 1 831
2
936 1 456
2
791 1 743
2
644 1 967
2
1326 1 1331
2
489 1 107
2
984 2 544
2
418 1 288
2
593 1 416
2
177 1 786
2
505 2 1310
2
786 2 533
2
133 2 870
2
496 1 81
2
1126 2 761
2
738 4 645
2
977 5 310
2
1006 1 604
2
810 1 830
2
143 2 822
2
217 2 285
2
211 2 847
2
689 1 1364
2
1082 1 365
2
104 1 593
2
815 1 845
2
624 1 135
2
95 1 394
2
80 1 750
2
365 1 126
2
656 1 253
2
239 2 1204
2
78 1 155
2
620 1 568
2
1344 1 622
2
556 1 666
2
758 2 1216
2
1259 1 1099
2
129 1 200
2
1319 1 1205
2
1126 1 892
2
583 1 731
2
174 1 1343
2
314 1 1349
2
475 1 915
2
595 1 1172
2
483 1 519
2
235 1 1380
2
1333 1 494
2
304 1 31
2
842 2 56
2
380 1 1242
2
593 1 591
2
286 7 353
2
183 1 724
2
656 1 1072
2
73 2 1339
2
681 2 1085
2
1225 1 355
2
891 1 1183
2
408 1 356
2
516 1 190
2
417 1 486
2
240 1 104
2
1301 1 634
2
1192 1 929
2
1282 1 393
2
456 1 356
2
772 1 447
2
829 1 727
2
492 1 998
2
1220 1 380
2
1094 1 215
2
1064 1 1253
2
493 1 362
2
129 1 44
2
1078 1 311
2
164 1 238
2
677 1 451
2
2 2 948
2
280 3 1279
2
28 4 1286
2
1070 1 888
2
855 1 540
2
1113 4 1056
2
430 1 1194
2
18 2 1023
2
556 1 862
2
365 2 1073
2
1087 1 813
2
731 1 1006
2
695 2 1131
2
1320 2 15
2
793 1 1221
2
633 2 45
2
1085 2 840
2
264 2 45
2
729 2 1230
2
204 2 383
2
1355 2 1303
2
453 1 537
2
654 1 606
2
822 2 71
2
485 4 162
2
762 1 1339
2
388 1 360
2
557 1 679
2
513 1 1081
2
770 1 1094
2
1194 1 98
2
620 1 1183
2
85 2 1372
2
719 2 46
2
359 2 673
2
243 1 628
2
421 1 1113
2
1237 1 1375
2
1049 1 1287
2
89 1 131
2
843 1 1149
2
150 1 982
2
1194 2 959
2
548 2 886
2
754 2 1300
2
132 1 1292
2
587 1 871
2
794 1 63
2
803 1 1283
2
934 1 254
2
699 2 1270
2
602 1 1282
2
512 2 1306
2
858 2 986
2
84 1 886
2
1353 4 1323
2
155 1 1076
2
1012 2 1126
2
579 2 334
2
867 1 1202
2
277 4 796
2
1002 1 793
2
1272 1 90
2
1223 1 912
2
582 4 146
2
356 1 1141
2
823 2 1101
2
171 4 293
2
1104 1 662
2
273 1 1379
2
568 1 796
2
1141 2 962
2
661 1 667
2
402 1 955
2
152 1 185
2
987 2 181
2
658 1 1065
2
946 1 931
2
1251 1 695
2
1053 1 1332
2
883 2 321
2
1169 1 294
2
1180 1 1317
2
1064 1 351
2
247 2 1177
2
1 1 981
2
865 1 895
2
937 4 841
2
755 2 618
2
125 1 228
2
396 1 14
2
98 1 656
2
458 1 1281
2
573 1 833
2
1194 2 590
2
459 1 997
2
734 7 1023
2
940 1 58
2
566 1 538
2
465 2 742
2
336 1 948
2
1195 1 1068
2
1218 1 1043
2
643 1 1223
2
61 2 873
2
153 4 956
2
239 2 428
2
367 1 454
2
1035 2 1008
2
970 7 1207
2
1148 1 1191
2
1315 2 905
2
951 1 796
2
129 1 903
2
901 2 1270
2
188 4 248
2
384 1 1067
2
337 1 203
2
578 2 731
2
905 1 1211
2
459 1 626
2
1156 2 481
2
104 1 146
2
1025 2 1138
2
858 2 254
2
1100 2 755
2
845 1 714
2
667 2 899
2
544 2 1120
2
222 1 655
2
970 1 1161
2
1219 1 365
2
716 2 251
2
518 6 1046
2
1379 1 313
2
453 1 86
2
200 1 1225
2
956 4 1091
2
959 2 312
2
796 1 1212
2
77 2 234
2
722 2 680
2
834 1 375
2
661 1 807
2
661 2 189
2
374 4 1138
2
1093 1 785
2
512 1 559
2
942 1 1104
2
175 2 211
2
955 1 547
2
1036 1 1177
2
248 1 338
2
513 1 922
2
222 2 83
2
1242 1 900
2
1095 2 477
2
227 4 1255
2
821 1 1083
2
878 1 496
2
1125 1 620
2
79 1 281
2
1221 1 340
2
439 1 1297
2
940 1 197
2
446 2 443
2
890 1 1181
2
586 1 643
2
699 2 1366
2
672 4 272
2
1236 2 730
2
810 1 676
2
896 2 824
2
497 2 847
2
846 2 822
2
946 1 173
2
532 2 462
2
297 1 906
2
583 1 1317
2
806 1 1321
2
1314 1 390
2
1244 1 1349
2
818 1 174
2
418 1 203
2
63 1 175
2
482 1 459
2
450 2 64
2
279 2 1354
2
284 1 308
2
294 1 1263
2
60 4 70
2
1080 1 993
2
437 1 155
2
1164 4 116
2
1154 2 699
2
1336 2 1316
2
1138 1 569
2
955 1 216
2
1280 4 798
2
1072 1 632
2
1287 1 557
2
135 2 1374
2
388 1 1304
2
727 1 250
2
358 1 1127
2
2 4 926
2
695 2 1240
2
1068 2 510
2
820 6 1008
2
267 1 984
2
295 1 1385
2
586 1 1223
2
281 1 786
2
687 2 1131
2
171 2 1162
2
9 1 583
2
1381 1 803
2
1143 1 1080
2
1064 1 748
2
1363 6 1028
2
82 2 575
2
1057 4 1370
2
237 2 269
2
30 1 814
2
397 1 1017
2
622 2 685
2
1014 1 256
2
1225 1 631
2
988 1 922
2
130 2 932
2
1374 2 776
2
639 2 289
2
99 1 643
2
194 7 797
2
562 1 1377
2
730 2 356
2
42 1 532
2
1047 1 29
2
664 1 444
2
379 2 296
2
903 2 16
2
29 1 1195
2
1132 1 624
2
502 1 727
2
167 1 834
2
1088 2 213
2
835 1 263
2
925 1 630
2
957 2 1274
2
560 7 794
2
624 1 1094
2
715 2 858
2
1380 1 318
2
520 1 911
2
1194 2 188
2
949 1 1100
2
562 1 616
2
310 4 758
2
46 1 273
2
520 1 95
2
971 1 762
2
661 1 391
2
947 4 753
2
1125 1 695
2
840 2 739
2
1109 2 1340
2
328 2 281
2
664 1 859
2
348 4 517
2
164 7 962
2
925 1 386
2
433 2 776
2
839 4 1271
2
1279 2 1232
2
279 1 950
2
679 1 1356
2
294 2 590
2
1099 1 173
2
1079 1 143
2
569 1 1030
2
815 1 675
2
120 1 875
2
659 1 876
2
439 1 497
2
40 2 1279
2
660 1 729
2
933 1 920
2
587 1 762
2
121 1 144
2
446 2 300
2
436 1 38
2
906 2 952
2
1357 2 590
2
131 1 380
2
1019 2 1178
2
959 2 639
2
1289 2 241
2
786 1 270
2
433 2 43
2
510 2 1188
2
863 4 1106
2
665 4 844
2
297 1 1285
2
846 2 497
2
273 1 1285
2
647 2 341
2
93 2 247
2
616 1 61
2
226 1 1266
2
767 1 139
2
1149 1 1134
2
420 2 579
2
643 1 1026
2
781 1 848
2
1168 1 30
2
576 1 1188
2
681 2 18
2
1226 4 761
2
270 1 927
2
1039 1 687
2
1111 2 795
2
759 2 1284
2
740 1 524
2
1000 1 451
2
1296 4 1288
2
365 1 390
2
1026 1 47
2
1272 1 757
2
272 1 81
2
110 1 637
2
145 1 1063
2
1364 2 465
2
216 2 766
2
17 1 417
2
981 1 920
2
1035 1 1124
2
813 1 689
2
1378 1 1356
2
148 1 703
2
570 11 182
2
326 2 1025
2
1085 1 266
2
1161 1 599
2
58 1 677
2
990 1 88
2
1122 1 849
2
839 4 646
2
73 2 42
2
934 1 1222
2
775 1 831
2
271 1 326
2
486 1 430
2
1255 1 1235
2
227 2 543
2
636 1 753
2
274 1 1137
2
223 1 599
2
156 1 843
2
1268 1 136
2
942 1 931
2
268 1 676
2
386 1 279
2
761 2 1328
2
244 1 1332
2
1302 1 200
2
156 1 811
2
254 2 221
2
708 2 1269
2
328 2 251
2
1300 2 993
2
584 7 1271
2
923 2 1060
2
1252 1 384
2
877 2 1231
2
1136 2 570
2
43 2 1087
2
143 1 678
2
1067 1 306
2
712 3 609
2
1150 1 370
2
1371 2 201
2
254 2 857
2
120 2 302
2
348 4 858
2
1197 1 360
2
874 1 1185
2
780 2 366
2
1122 1 98
2
828 4 878
2
803 1 164
2
608 1 547
2
44 1 667
2
208 2 755
2
169 2 510
2
329 1 222
2
360 2 551
2
327 2 177
2
1363 1 657
2
1080 1 1297
2
681 2 328
2
1267 1 373
2
1011 5 280
2
1315 2 616
2
335 2 509
2
21 1 1372
2
216 1 811
2
929 6 627
2
693 2 251
2
193 1 1239
2
1139 1 916
2
664 1 1347
2
856 1 12
2
168 2 287
2
1182 1 456
2
301 1 683
2
1078 3 280
2
1229 1 1301
2
779 1 488
2
469 1 428
2
926 1 1376
2
661 1 495
2
1303 2 945
2
307 1 432
2
1233 1 76
2
710 2 1025
2
196 1 1329
2
655 1 1299
2
1247 1 1114
2
107 1 888
2
1162 1 96
2
768 2 522
2
218 1 1099
2
370 1 545
2
1055 4 1178
2
264 2 621
2
1339 1 1142
2
782 1 282
2
280 7 1041
2
1361 2 749
2
1121 1 1177
2
1194 2 932
2
1238 1 934
2
720 1 944
2
986 1 96
2
741 2 656
2
1150 1 981
2
1160 1 434
2
725 1 635
2
1279 2 302
2
136 1 176
2
740 4 663
2
1359 1 1
2
1270 2 701
2
66 1 1156
2
722 2 413
2
314 1 815
2
344 1 608
2
236 1 1319
2
926 1 628
2
1089 2 574
2
178 1 791
2
1261 1 228
2
1383 1 100
2
1289 1 550
2
329 1 831
2
1069 1 1017
2
145 1 674
2
151 1 304
2
75 1 215
2
1030 1 511
2
650 1 836
2
856 1 542
2
57 2 204
2
809 2 954
2
653 1 1141
2
860 1 541
2
36 1 395
2
994 2 760
2
1298 2 428
2
1231 2 541
2
359 2 376
2
363 4 735
2
571 1 1011
2
1130 1 1099
2
115 1 389
2
1116 2 969
2
1274 2 819
2
18 1 451
2
21 1 806
2
1018 1 95
2
47 2 1110
2
320 1 1280
2
584 6 1365
2
19 2 1003
2
706 1 781
2
464 1 655
2
1078 1 1006
2
855 1 42
2
1235 1 447
2
1057 1 1120
2
841 4 448
2
1362 2 1164
2
203 1 589
2
1322 1 222
2
76 1 526
2
1134 1 428
2
130 1 821
2
490 1 720
2
1214 1 1322
2
1384 1 1171
2
915 1 660
2
139 1 492
2
1089 2 320
2
797 1 966
2
629 1 1209
2
338 1 408
2
1079 1 1094
2
335 1 878
2
232 1 295
2
435 1 875
2
9 1 231
2
36 1 458
2
198 1 882
2
1100 1 522
2
513 1 348
2
811 1 1067
2
48 1 1223
2
1349 1 1183
2
959 2 1301
2
5 1 567
2
1296 4 495
2
313 1 1229
2
504 1 901
2
64 2 171
2
46 1 1137
2
931 1 217
2
665 1 418
2
279 1 51
2
1164 2 1281
2
617 2 354
2
553 1 985
2
1217 1 1363
2
850 1 868
2
289 1 1092
2
712 1 1066
2
474 2 156
2
1277 1 122
2
16 2 234
2
871 1 9
2
10 7 584
2
1372 1 1007
2
918 1 332
2
924 2 254
2
1183 4 672
2
1094 1 877
2
412 2 804
2
1042 1 133
2
941 1 126
2
704 1 818
2
302 2 488
2
161 1 834
2
1041 7 598
2
1090 1 183
2
1228 2 322
2
192 1 1213
2
270 1 1293
2
893 1 231
2
44 1 550
2
172 1 1037
2
398 1 848
2
1203 1 710
2
202 1 1186
2
1378 1 217
2
386 1 963
2
1359 1 734
2
348 1 1074
2
253 1 312
2
1212 1 59
2
1092 1 703
2
1308 2 162
2
1160 2 507
2
282 1 781
2
206 2 34
2
1130 5 1325
2
114 1 784
2
253 2 760
2
583 1 687
2
1290 6 221
2
93 2 1328
2
1144 1 193
2
1324 2 72
2
728 2 639
2
1039 1 516
2
682 1 520
2
1184 1 717
2
1341 2 364
2
1089 2 177
2
709 1 1143
2
637 1 35
2
552 1 501
2
39 1 1373
2
90 1 682
2
1246 2 122
2
348 1 905
2
1204 2 1023
2
824 1 388
2
1276 2 587
2
1066 1 1260
2
332 1 121
2
1276 2 250
2
1046 1 684
2
1292 1 1197
2
229 1 99
2
189 6 418
2
1169 1 381
2
11 1 461
2
1171 1 1143
2
572 2 719
2
419 2 778
2
17 1 538
2
947 6 1075
2
686 1 142
2
1158 1 76
2
1225 1 1192
2
1364 1 93
2
743 1 378
2
603 4 676
2
177 1 23
2
269 1 537
2
106 1 1005
2
1245 1 367
2
41 2 858
2
434 1 58
2
393 2 598
2
639 2 1113
2
911 1 1030
2
1254 1 710
2
1183 1 637
2
828 4 1303
2
1357 1 1001
2
807 1 1122
2
327 5 1283
2
806 1 390
2
305 2 968
2
323 1 1376
2
830 1 650
2
958 2 1201
2
843 1 391
2
443 1 877
2
945 5 854
2
763 1 1253
2
1005 1 137
2
559 1 3
2
160 1 1218
2
761 2 231
2
668 6 517
2
9 1 802
2
95 2 220
2
1156 2 723
2
955 1 1187
2
1099 4 374
2
47 1 1074
2
914 1 756
2
1165 1 732
2
590 4 1225
2
1318 2 143
2
661 2 1328
2
683 6 64
2
1338 2 441
2
465 2 875
2
208 1 249
2
851 2 347
2
671 1 772
2
1266 7 560
2
328 2 903
2
160 1 998
2
177 1 453
2
1210 6 1332
2
825 1 521
2
47 2 847
2
400 4 839
2
487 2 902
2
271 2 1110
2
861 1 185
2
470 2 587
2
640 2 1155
2
1029 2 425
2
571 1 290
2
38 1 872
2
18 1 1229
2
369 1 851
2
665 1 90
2
1240 2 726
2
268 1 1232
2
1091 2 306
2
830 1 21
2
372 4 1222
2
907 6 43
2
885 1 656
2
504 2 16
2
379 1 972
2
565 1 666
2
194 4 1102
2
325 2 590
2
1015 6 130
2
630 1 1229
2
1074 1 834
2
324 1 1127
2
219 1 988
2
432 1 743
2
437 1 647
2
1326 1 1239
2
465 4 919
2
1007 1 1358
2
881 1 475
2
663 4 724
2
403 2 97
2
360 1 261
2
1235 4 310
2
88 1 1295
2
453 1 878
2
669 2 1379
2
1365 1 969
2
1022 1 51
2
579 1 197
2
328 2 430
2
1209 1 1241
2
1111 2 563
2
304 1 813
2
319 1 193
2
1204 1 33
2
1366 2 1170
2
711 1 1242
2
999 1 25
2
605 2 247
2
769 2 302
2
1022 1 1385
2
1058 1 1133
2
551 2 1227
2
1004 2 202
2
1177 1 1295
2
1352 2 226
2
460 1 570
2
615 2 259
2
50 1 88
2
387 2 654
2
156 1 565
2
338 1 396
2
1024 1 1344
2
874 1 1336
2
84 1 1049
2
1040 1 1132
2
493 1 787
2
593 1 512
2
915 1 1350
2
528 1 1150
2
871 1 1213
2
167 1 714
2
621 1 1268
2
1016 2 847
2
106 1 1156
2
1382 2 85
2
500 1 1123
2
221 4 978
2
727 4 889
2
704 2 962
2
881 2 685
2
848 1 1166
2
515 4 496
2
808 7 1294
2
971 2 572
2
547 2 1318
2
640 2 596
2
413 2 133
2
574 1 1294
2
48 1 1186
2
1077 1 345
2
1071 1 1381
2
21 1 682
2
206 1 107
2
321 2 436
2
378 1 453
2
759 2 294
2
347 6 874
2
560 7 1105
2
483 1 624
2
796 1 1130
2
714 1 1021
2
692 1 29
2
1385 2 1027
2
1039 1 345
2
653 1 379
2
548 2 441
2
956 4 1029
2
826 1 1088
2
1257 2 827
2
17 1 231
2
170 1 1225
2
811 1 135
2
361 1 1138
2
1056 4 683
2
1296 4 364
2
658 2 1327
2
712 4 701
2
1191 1 1138
2
556 1 358
2
861 1 825
2
212 2 1348
2
705 1 602
2
795 1 1049
2
654 1 660
2
833 1 1182
2
765 1 829
2
473 1 203
2
430 1 848
2
183 1 115
2
646 1 324
2
521 1 184
2
1087 1 490
2
195 1 895
2
226 1 14
2
47 1 447
2
554 2 1098
2
232 1 625
2
107 1 505
2
699 1 135
2
718 1 789
2
182 4 323
2
546 2 1175
2
966 1 459
2
365 1 93
2
538 1 762
2
111 4 1245
2
578 2 637
2
73 2 644
2
1162 1 867
2
157 1 793
2
703 1 986
2
61 1 258
2
265 2 260
2
945 2 1287
2
440 1 563
2
1352 2 457
2
140 1 1141
2
626 1 42
2
43 2 1211
2
1284 2 141
2
266 1 1358
2
727 1 428
2
441 2 774
2
51 1 400
2
1162 2 118
2
403 2 1215
2
1332 1 1143
2
241 2 320
2
331 1 454
2
594 1 664
2
142 1 331
2
766 2 928
2
1016 2 744
2
469 1 1017
2
227 4 1122
2
1152 1 217
2
109 1 1263
2
628 1 711
2
132 1 79
2
597 4 50
2
424 4 614
2
214 1 700
2
1064 1 337
2
648 2 872
2
866 1 367
2
701 2 1
2
1232 1 875
2
1153 2 660
2
487 1 929
2
643 4 1360
2
1215 1 422
2
765 1 1076
2
1268 4 1353
2
1359 1 1343
2
374 4 492
2
1064 1 786
2
804 1 1247
2
7 2 420
2
427 2 784
2
1151 2 840
2
674 1 875
2
198 1 725
2
1149 2 761
2
1191 4 1370
2
937 4 1246
2
401 1 365
2
1370 2 1154
2
972 1 80
2
678 1 520
2
474 2 577
2
77 2 544
2
155 1 1308
2
1259 1 969
2
946 1 436
2
1112 2 411
2
508 6 64
2
1197 1 689
2
241 2 1173
2
180 1 942
2
4 1 1368
2
171 4 1037
2
1070 1 711
2
724 1 373
2
808 7 49
2
914 1 329
2
931 1 901
2
261 1 541
2
120 1 1000
2
218 1 557
2
13 1 1261
2
1353 4 49
2
1280 1 443
2
600 1 542
2
323 2 1008
2
926 7 1257
2
95 1 1090
2
748 1 132
2
727 1 1139
2
1004 2 1100
2
899 2 129
2
1269 2 43
2
217 1 57
2
1258 4 1057
2
133 1 168
2
944 2 455
2
901 1 386
2
105 1 1077
2
307 1 994
2
1177 1 935
2
1357 1 1251
2
777 1 21
2
146 1 503
2
503 1 989
2
1041 6 681
2
5 1 44
2
403 2 681
2
822 2 137
2
852 1 30
2
1070 1 1346
2
244 1 1336
2
254 1 595
2
405 1 169
2
120 2 551
2
240 1 145
2
1008 2 513
2
389 1 936
2
1349 1 466
2
1322 1 1193
2
699 1 329
2
40 1 1202
2
1000 1 68
2
729 1 562
2
172 1 731
2
986 2 548
2
818 1 198
2
241 4 937
2
1217 1 1218
2
68 1 1155
2
326 1 267
2
1177 2 162
2
274 1 78
2
481 2 787
2
1011 1 1134
2
1152 2 1257
2
1241 2 154
2
268 6 1028
2
38 1 553
2
930 2 1320
2
1322 1 169
2
885 1 869
2
810 1 1009
2
993 1 1217
2
778 1 293
2
167 1 1076
2
550 1 1130
2
765 1 737
2
582 7 697
2
718 1 1189
2
208 1 950
2
1367 1 432
2
171 2 871
2
1109 1 638
2
282 2 1291
2
584 6 77
2
626 2 111
2
1211 4 991
2
1047 1 813
2
155 1 143
2
898 1 1242
2
203 4 768
2
951 1 395
2
917 2 880
2
27 2 474
2
534 1 249
2
73 2 1000
2
1200 1 176
2
1259 1 250
2
1249 6 1350
2
387 4 1140
2
670 2 857
2
1158 1 1209
2
1028 5 717
2
551 2 782
2
556 1 71
2
693 1 1281
2
368 2 1008
2
107 1 915
2
1211 2 321
2
874 1 351
2
1056 4 291
2
1007 1 666
2
1312 1 1019
2
874 1 589
2
185 1 1026
2
831 1 1321
2
1165 1 216
2
731 1 1026
2
913 2 959
2
857 2 1024
2
969 1 411
2
1061 1 301
2
131 1 426
2
171 2 334
2
581 1 1114
2
1165 1 1157
2
355 4 1240
2
1066 2 1003
2
1332 1 1199
2
307 1 595
2
89 1 1155
2
979 4 1125
2
1278 4 828
2
551 2 741
2
918 1 66
2
411 1 871
2
1029 1 1188
2
696 2 788
2
638 1 1118
2
1259 1 587
2
769 1 651
2
617 2 955
2
261 1 1146
2
243 2 1328
2
88 1 875
2
855 2 477
2
1114 1 903
2
791 1 1156
2
978 1 138
2
399 4 310
2
799 1 586
2
79 1 139
2
666 1 473
2
813 2 561
2
1210 4 870
2
1047 2 446
2
279 2 55
2
28 2 1346
2
782 1 820
2
489 1 800
2
725 2 685
2
874 1 358
2
300 1 978
2
1032 1 1280
2
776 2 105
2
53 1 611
2
131 3 220
2
1041 4 1039
2
613 2 1194
2
399 1 1377
2
467 2 609
2
656 1 879
2
277 2 444
2
790 1 739
2
1313 1 851
2
227 2 783
2
29 1 726
2
1170 2 977
2
1350 1 30
2
37 2 917
2
1092 1 367
2
496 1 31
2
777 1 1050
2
533 2 586
2
973 4 1116
2
957 1 1161
2
164 7 554
2
833 1 282
2
158 1 1109
2
173 2 477
2
1350 1 1244
2
829 1 711
2
1228 2 932
2
94 1 611
2
44 2 733
2
129 1 550
2
954 1 973
2
889 4 1373
2
266 2 1298
2
731 1 492
2
124 2 1211
2
353 2 449
2
806 1 895
2
536 2 353
2
575 1 848
2
20 1 1242
2
151 1 421
2
1147 1 1292
2
683 1 56
2
972 4 1216
2
699 1 1384
2
500 1 141
2
371 2 1153
2
99 1 9
2
241 2 215
2
483 2 245
2
154 2 276
2
188 2 955
2
882 1 908
2
663 4 703
2
623 2 766
2
1113 1 1104
2
491 1 230
2
417 1 352
2
1323 1 408
2
1096 1 1233
2
1255 4 1366
2
592 4 828
2
1246 2 124
2
95 6 907
2
1037 4 759
2
1290 1 522
2
902 2 299
2
893 1 108
2
906 1 490
2
1042 1 298
2
57 1 748
2
802 2 239
2
1172 1 936
2
775 1 409
2
1046 1 569
2
737 1 520
2
324 1 1109
2
343 1 887
2
306 2 19
2
781 1 271
2
930 2 129
2
985 1 794
2
1272 1 288
2
809 2 1121
2
198 1 1330
2
167 1 476
2
876 5 280
2
862 1 166
2
831 1 311
2
1036 1 31
2
861 1 1339
2
546 1 955
2
644 1 725
2
734 1 756
2
381 1 705
2
771 2 470
2
746 2 680
2
154 2 8
2
111 2 986
2
712 1 836
2
1055 1 1234
2
361 1 573
2
1009 2 968
2
1080 1 230
2
1058 4 1360
2
926 1 734
2
1138 2 74
2
690 2 481
2
733 2 596
2
1171 1 1010
2
507 2 110
2
630 1 169
2
480 1 825
2
872 1 1100
2
786 4 1054
2
310 4 650
2
581 1 303
2
936 1 1211
2
371 2 287
2
532 1 77
2
268 1 1232
2
126 1 468
2
1065 1 709
2
176 1 970
2
1151 2 1098
2
608 2 1116
2
795 1 21
2
721 1 416
2
289 2 260
2
1057 1 473
2
650 1 365
2
928 1 1309
2
155 1 123
2
503 1 831
2
1299 1 224
2
1070 1 1009
2
195 1 89
2
812 1 198
2
188 2 637
2
500 1 712
2
1143 1 5
2
1114 1 599
2
535 2 834
2
133 1 657
2
981 1 1278
2
79 2 251
2
1010 2 507
2
335 1 276
2
642 1 684
2
967 1 173
2
747 1 1226
2
658 2 171
2
539 1 1156
2
416 1 61
2
224 1 621
2
1315 2 1179
2
123 1 508
2
1041 4 890
2
1117 1 869
2
459 1 897
2
833 1 1289
2
223 7 668
2
661 2 551
2
154 2 259
2
479 1 631
2
1014 1 541
2
730 2 536
2
1358 1 380
2
210 1 1297
2
765 4 182
2
238 1 731
2
833 1 880
2
1355 2 1316
2
386 1 1211
2
377 2 1209
2
210 1 786
2
213 2 1328
2
456 4 1374
2
88 2 427
2
648 2 1309
2
1379 1 203
2
1341 2 807
2
424 4 910
2
292 1 589
2
29 2 844
2
486 1 795
2
445 1 688
2
582 7 273
2
535 2 604
2
743 1 625
2
1011 1 30
2
961 1 363
2
200 4 958
2
429 2 1246
2
1341 2 227
2
950 2 572
2
420 4 1386
2
919 1 769
2
714 1 6
2
689 1 1133
2
991 4 129
2
879 2 590
2
392 1 1205
2
555 1 1017
2
1005 1 513
2
217 1 1220
2
601 1 660
2
1331 1 430
2
815 1 989
2
1200 1 24
2
2 2 1157
2
476 1 990
2
568 1 1264
2
712 1 172
2
972 4 1016
2
748 2 958
2
69 7 679
2
772 1 178
2
668 6 430
2
974 2 1179
2
442 1 1265
2
263 1 1331
2
974 4 1172
2
426 2 1008
2
831 1 825
2
1206 2 585
2
1011 1 96
2
1089 2 656
2
504 2 387
2
1142 1 439
2
1001 1 657
2
1154 4 876
2
716 2 1111
2
960 1 1082
2
1154 2 957
2
1144 2 749
2
476 1 770
2
913 2 109
2
828 4 208
2
595 2 55
2
1264 2 70
2
892 1 362
2
644 2 923
2
672 2 1
2
313 1 817
2
617 2 550
2
992 1 1195
2
1035 1 488
2
1140 4 1296
2
355 1 596
2
1202 2 212
2
771 2 1352
2
1156 1 440
2
506 1 140
2
728 1 859
2
890 1 856
2
897 1 314
2
867 1 439
2
653 1 1312
2
800 1 340
2
112 1 1289
2
1261 1 170
2
997 2 477
2
594 1 982
2
1231 2 714
2
897 2 455
2
1167 2 8
2
972 4 1178
2
761 2 1163
2
478 1 1114
2
767 1 1200
2
1134 1 963
2
271 1 1045
2
737 1 549
2
365 1 122
2
648 2 1184
2
183 1 724
2
998 1 936
2
1124 1 289
2
1048 2 316
2
395 1 1138
2
153 4 900
2
1304 4 194
2
1003 2 138
2
946 2 1240
2
226 1 718
2
452 1 1138
2
448 1 1169
2
1211 1 729
2
1172 6 1128
2
36 1 438
2
1339 1 789
2
728 4 1249
2
1140 4 104
2
19 4 1037
2
1217 1 1069
2
753 1 318
2
188 2 1009
2
1057 6 551
2
1062 1 799
2
1296 4 947
2
905 1 571
2
1379 1 304
2
787 1 393
2
43 2 1012
2
281 1 1155
2
572 2 1023
2
82 2 941
2
767 1 1085
2
1110 2 63
2
634 1 900
2
433 2 742
2
1181 1 845
2
98 1 790
2
1322 2 605
2
364 2 550
2
380 1 601
2
963 1 275
2
645 1 528
2
143 1 1375
2
1331 1 338
2
1254 1 405
2
101 1 571
2
1232 1 382
2
778 1 490
2
693 1 501
2
197 1 754
2
658 1 1269
2
555 1 581
2
1013 1 620
2
737 1 1013
2
186 1 454
2
113 2 707
2
531 2 477
2
534 1 195
2
731 1 140
2
1332 2 410
2
884 1 158
2
241 7 584
2
718 1 475
2
967 4 1153
2
108 1 1158
2
1272 1 1009
2
642 2 73
2
85 2 1082
2
642 1 541
2
893 1 752
2
1014 1 1113
2
1101 2 1061
2
467 1 569
2
445 1 546
2
505 2 1262
2
640 2 1148
2
929 4 1366
2
220 2 621
2
438 1 428
2
584 6 922
2
1101 2 654
2
1161 1 915
2
60 4 435
2
271 1 562
2
722 2 725
2
1383 1 388
2
653 1 57
2
1154 2 132
2
581 1 292
2
1117 1 1156
2
668 7 611
2
701 2 965
2
2 2 1319
2
541 1 489
2
1121 1 1173
2
1303 1 970
2
434 1 1299
2
1000 1 1326
2
802 1 1100
2
381 2 690
2
787 1 687
2
306 1 1363
2
746 2 717
2
475 1 765
2
1111 4 935
2
1249 4 489
2
1044 2 489
2
488 1 185
2
519 1 949
2
953 2 1101
2
161 1 497
2
635 1 459
2
657 1 267
2
1149 1 345
2
1193 2 1044
2
151 1 553
2
217 1 810
2
287 2 1175
2
754 1 637
2
395 1 390
2
1191 1 1099
2
709 1 1222
2
418 1 1161
2
323 1 197
2
684 1 562
2
491 2 1340
2
1063 1 610
2
345 1 633
2
306 1 436
2
785 1 1093
2
1024 1 567
2
1242 2 1361
2
546 1 361
2
1065 2 49
2
941 1 159
2
304 1 1313
2
1015 6 1202
2
1102 1 706
2
930 2 409
2
933 4 924
2
1076 12 808
2
1272 1 496
2
143 7 979
2
1054 6 959
2
1004 2 278
2
198 1 337
2
489 2 204
2
310 4 1268
2
1384 2 1034
2
405 1 985
2
448 1 732
2
667 1 763
2
713 1 1283
2
1123 1 155
2
695 1 306
2
975 2 783
2
1254 1 943
2
1195 1 262
2
865 1 1220
2
379 4 310
2
939 1 398
2
374 4 880
2
614 1 882
2
973 4 69
2
1035 1 81
2
476 1 961
2
934 1 275
2
74 2 950
2
812 4 561
2
82 2 837
2
1147 2 535
2
650 1 872
2
109 1 905
2
639 2 401
2
366 2 510
2
716 2 773
2
1330 1 645
2
1224 2 346
2
435 1 1301
2
1249 4 159
2
720 1 853
2
1353 4 581
2
306 1 711
2
857 2 378
2
445 1 415
2
498 7 1316
2
1147 1 1166
2
701 2 404
2
1270 2 569
2
527 2 562
2
611 1 1192
2
944 1 1329
2
750 1 436
2
240 1 729
2
849 1 1029
2
1143 1 98
2
998 1 775
2
739 1 400
2
641 1 1290
2
460 1 408
2
1205 1 599
2
1135 2 716
2
77 2 1324
2
1037 4 968
2
1204 1 1229
2
1295 1 233
2
735 6 418
2
203 1 769
2
838 2 17
2
937 4 279
2
832 1 256
2
523 1 1237
2
482 2 1369
2
1362 1 263
2
1251 1 91
2
903 1 743
2
1327 2 1184
2
1001 2 1112
2
774 1 709
2
551 2 709
2
367 1 1066
2
1132 2 685
2
1124 1 875
2
63 1 93
2
357 1 1194
2
145 1 1078
2
156 2 902
2
751 1 381
2
196 1 1347
2
436 1 399
2
1326 2 952
2
376 2 502
2
140 1 1356
2
1338 1 1305
2
1021 1 152
2
29 2 962
2
505 1 435
2
1116 2 1377
2
263 1 464
2
402 1 728
2
447 1 933
2
1190 2 805
2
709 1 349
2
276 2 841
2
902 2 323
2
1099 1 190
2
585 2 1361
2
379 2 1073
2
751 2 1327
2
340 1 1260
2
698 1 528
2
1385 1 1330
2
843 1 1304
2
675 1 892
2
581 1 216
2
820 6 760
2
270 2 111
2
759 2 1341
2
625 1 357
2
246 1 751
2
1140 4 1029
2
670 1 1321
2
235 2 1257
2
51 1 1377
2
1009 1 816
2
30 1 1260
2
411 1 592
2
1367 1 1311
2
643 1 941
2
281 1 244
2
191 1 1332
2
924 4 36
2
1338 1 32
2
1168 2 544
2
650 1 1072
2
978 1 689
2
770 1 662
2
602 2 932
2
607 1 304
2
1303 1 386
2
760 2 1367
2
1362 1 1201
2
404 4 663
2
552 1 1222
2
1268 1 177
2
1066 2 117
2
390 1 625
2
1108 1 401
2
468 4 1016
2
340 1 811
2
204 2 532
2
446 2 1117
2
455 4 1172
2
869 1 1125
2
527 2 382
2
503 1 1152
2
264 2 522
2
912 1 378
2
367 1 396
2
37 2 639
2
91 2 1012
2
705 1 80
2
802 1 272
2
939 4 669
2
1190 1 618
2
1169 1 1330
2
1260 1 1302
2
147 1 255
2
792 1 214
2
1360 4 687
2
406 2 1374
2
42 1 163
2
1 1 557
2
1073 4 448
2
685 2 741
2
500 1 1026
2
1046 1 985
2
720 1 266
2
833 2 1110
2
864 1 995
2
1131 2 1139
2
239 2 256
2
364 2 297
2
408 2 1073
2
1030 1 660
2
544 6 1350
2
1334 1 985
2
33 1 837
2
137 2 347
2
806 2 766
2
903 1 1236
2
1161 1 1142
2
315 1 543
2
1112 2 325
2
1005 1 951
2
444 2 801
2
910 1 1119
2
313 1 881
2
718 1 79
2
1030 2 697
2
808 7 1134
2
759 2 705
2
528 2 242
2
354 1 84
2
118 2 823
2
1067 1 1239
2
839 7 15
2
294 1 422
2
86 4 889
2
20 1 644
2
292 1 186
2
853 1 1333
2
435 2 1348
2
123 1 101
2
736 4 796
2
912 1 322
2
817 1 912
2
947 4 1340
2
1308 1 1022
2
636 1 678
2
680 1 303
2
233 1 891
2
697 2 221
2
656 1 530
2
1343 1 559
2
1081 1 903
2
887 1 589
2
595 1 1035
2
1038 2 629
2
1051 2 1257
2
849 1 11
2
954 2 1342
2
275 1 792
2
684 1 352
2
636 1 1166
2
637 1 1193
2
722 4 1143
2
1282 1 800
2
1094 1 1205
2
191 1 402
2
803 4 353
2
388 1 1293
2
1011 1 468
2
762 1 394
2
1058 1 197
2
564 1 421
2
1300 4 338
2
898 1 466
2
1138 1 1248
2
835 1 222
2
1183 1 514
2
631 1 103
2
1037 1 1275
2
977 2 337
2
290 2 441
2
613 2 1157
2
177 1 38
2
836 1 1227
2
45 2 172
2
422 1 1200
2
105 1 123
2
968 2 263
2
1038 2 1203
2
660 1 496
2
1323 1 9
2
790 1 823
2
597 2 124
2
1102 1 366
2
487 1 350
2
1322 1 66
2
1099 1 698
2
1138 1 748
2
1181 1 929
2
348 1 1334
2
62 4 26
2
1369 2 1214
2
928 1 628
2
574 4 580
2
141 1 910
2
282 2 1003
2
797 1 438
2
107 1 1118
2
378 1 611
2
285 2 330
2
993 1 352
2
344 1 1326
2
924 2 516
2
774 1 335
2
364 2 694
2
519 1 684
2
1031 1 756
2
1188 1 1119
2
695 1 988
2
1087 1 1124
2
1319 1 555
2
1346 1 86
2
430 1 357
2
331 1 1256
2
263 1 1233
2
34 4 249
2
1135 1 29
2
16 2 1025
2
572 6 1046
2
545 2 1025
2
1041 4 894
2
719 2 677
2
585 2 345
2
953 1 308
2
370 1 331
2
188 4 1076
2
385 1 177
2
627 2 145
2
71 1 957
2
553 1 148
2
821 2 251
2
75 1 475
2
1265 4 1073
2
332 1 1076
2
600 2 420
2
197 1 123
2
419 4 1210
2
1364 1 587
2
743 1 877
2
701 2 740
2
1260 1 93
2
44 1 108
2
335 1 397
2
74 2 788
2
639 4 1381
2
453 1 326
2
516 1 541
2
511 1 568
2
147 1 109
2
35 4 1041
2
117 7 970
2
630 1 877
2
1072 2 597
2
347 2 809
2
1182 1 866
2
117 2 843
2
1308 4 979
2
520 1 983
2
421 1 626
2
8 2 824
2
1274 2 1197
2
447 4 424
2
1176 1 149
2
1261 1 297
2
629 1 332
2
452 2 425
2
404 1 140
2
585 2 884
2
1097 6 363
2
744 1 574
2
690 2 1317
2
1265 1 718
2
1199 1 418
2
928 1 737
2
1181 1 1142
2
1157 1 452
2
501 4 83
2
507 4 1055
2
762 1 389
2
961 1 689
2
402 1 546
2
1057 1 787
2
484 2 736
2
255 1 589
2
264 2 176
2
728 1 472
2
486 1 1277
2
1262 2 1088
2
950 1 270
2
819 1 1108
2
860 1 114
2
575 1 996
2
1217 2 1004
2
755 2 107
2
1101 2 766
2
1294 2 70
2
390 2 1008
2
160 1 1191
2
482 1 233
2
1184 2 1027
2
421 2 234
2
301 2 822
2
853 1 818
2
24 1 782
2
354 1 416
2
1046 1 926
2
575 2 251
2
940 1 883
2
374 4 1132
2
228 1 890
2
168 1 150
2
809 4 700
2
380 1 453
2
26 4 979
2
85 2 1281
2
396 1 1071
2
681 6 86
2
940 2 162
2
1232 1 202
2
877 1 1189
2
881 1 718
2
472 1 1329
2
1363 1 1046
2
1205 1 1172
2
911 1 397
2
189 2 1243
2
1284 2 300
2
786 1 549
2
747 2 111
2
70 4 398
2
872 1 149
2
1110 2 872
2
42 2 285
2
601 3 535
2
1158 2 902
2
442 1 628
2
1304 1 629
2
1284 2 752
2
1015 6 1092
2
178 1 1070
2
1005 1 101
2
453 6 668
2
86 1 1260
2
696 2 1251
2
686 1 579
2
9 1 93
2
45 2 1061
2
1060 1 1312
2
175 1 23
2
1249 4 1077
2
930 2 64
2
637 1 1069
2
1278 1 1333
2
1035 1 1215
2
1238 1 748
2
219 1 1026
2
612 2 1284
2
1102 1 890
2
1329 1 90
2
603 4 601
2
593 1 865
2
714 1 261
2
452 1 1070
2
33 1 1188
2
948 1 1134
2
682 1 1226
2
495 1 157
2
858 6 591
2
705 1 158
2
493 1 1203
2
895 1 1042
2
52 1 1117
2
87 1 443
2
351 2 952
2
434 2 333
2
1289 1 915
2
353 2 695
2
460 1 589
2
66 1 1372
2
1215 2 1279
2
608 2 842
2
1148 2 1354
2
960 1 458
2
280 7 1352
2
1342 4 355
2
512 1 757
2
918 1 52
2
393 1 817
2
914 1 255
2
48 7 204
2
1083 1 652
2
419 2 394
2
646 1 1020
2
16 2 1184
2
871 1 895
2
193 1 409
2
1035 1 620
2
872 1 644
2
30 1 912
2
657 2 1027
2
542 2 457
2
218 1 920
2
366 1 1238
2
583 1 132
2
373 1 807
2
888 1 856
2
103 1 1141
2
321 2 356
2
526 1 705
2
1308 1 1077
2
709 1 166
2
1276 2 343
2
666 2 410
2
348 1 614
2
418 1 684
2
926 1 163
2
5 1 661
2
298 1 920
2
702 1 362
2
698 1 12
2
1224 1 57
2
1057 1 44
2
370 2 457
2
397 1 435
2
650 1 268
2
1372 1 59
2
253 1 1321
2
522 1 431
2
556 1 469
2
1232 1 22
2
1324 2 45
2
291 1 796
2
820 6 43
2
547 1 1107
2
39 2 189
2
13 1 539
2
94 1 1339
2
422 1 1335
2
1034 2 748
2
168 6 798
2
447 1 1017
2
1368 1 1166
2
1296 4 612
2
1194 2 189
2
1381 1 850
2
43 2 1248
2
235 1 77
2
1067 1 65
2
1366 2 34
2
889 2 316
2
298 1 687
2
422 4 828
2
246 1 1365
2
741 2 715
2
1241 1 1338
2
780 2 175
2
840 2 367
2
1217 1 630
2
803 1 338
2
1015 7 218
2
308 1 863
2
995 6 613
2
52 2 1175
2
1386 1 258
2
316 1 1214
2
404 1 418
2
551 7 1218
2
864 1 1166
2
1061 1 401
2
1123 1 141
2
593 1 574
2
1127 1 206
2
1066 2 1175
2
1214 2 239
2
1200 1 1010
2
488 1 895
2
808 12 712
2
865 1 1196
2
376 3 601
2
313 1 877
2
889 4 691
2
196 2 220
2
255 1 460
2
964 6 697
2
1000 1 261
2
23 1 1176
2
1263 2 847
2
587 6 1054
2
796 1 415
2
1246 2 1139
2
713 1 193
2
819 1 1313
2
278 7 1097
2
737 1 1122
2
336 1 176
2
254 1 308
2
733 2 59
2
885 1 47
2
1122 1 1312
2
928 1 1171
2
772 2 234
2
984 1 1047
2
1052 1 39
2
1196 1 989
2
1305 1 29
2
127 2 773
2
293 1 246
2
570 1 1317
2
1330 1 763
2
1005 2 462
2
769 2 672
2
1277 1 1377
2
192 1 1382
2
1323 1 671
2
555 1 236
2
402 1 1030
2
674 1 778
2
567 1 278
2
662 4 69
2
111 2 1127
2
295 1 702
2
1272 1 348
2
70 7 1046
2
16 2 772
2
1119 1 329
2
730 4 866
2
672 2 1221
2
422 1 704
2
813 1 46
2
567 1 1365
2
381 1 233
2
1113 1 1225
2
875 2 1298
2
996 1 824
2
1111 4 200
2
22 1 258
2
631 2 1034
2
250 1 20
2
1189 1 126
2
838 2 254
2
220 2 658
2
107 1 802
2
393 1 1329
2
116 4 309
2
1262 2 579
2
780 4 1122
2
360 1 1212
2
523 1 440
2
129 1 821
2
998 1 254
2
1318 2 981
2
40 1 791
2
598 2 807
2
644 1 799
2
179 1 38
2
1160 2 801
2
1134 1 852
2
1324 2 1038
2
1023 2 1126
2
323 1 299
2
492 1 447
2
1207 2 438
2
663 6 927
2
1296 4 764
2
584 7 564
2
994 2 1270
2
1260 1 972
2
478 2 113
2
889 2 522
2
917 4 1218
2
611 1 1358
2
1341 2 150
2
1305 1 1117
2
795 1 1386
2
269 1 1037
2
307 2 463
2
1253 1 1173
2
733 2 777
2
1073 2 306
2
381 1 636
2
877 1 233
2
489 2 34
2
1185 4 1249
2
804 1 1103
2
1255 1 1191
2
391 1 1063
2
983 2 118
2
996 1 119
2
939 4 844
2
75 1 103
2
906 1 226
2
874 1 785
2
168 1 757
2
765 1 1
2
1327 2 216
2
690 2 494
2
507 4 915
2
334 4 798
2
154 2 232
2
964 1 109
2
104 1 257
2
959 2 141
2
850 2 247
2
693 7 668
2
860 1 338
2
1310 2 744
2
1064 1 112
2
181 4 22
2
218 1 79
2
881 1 571
2
276 1 1383
2
69 4 1152
2
604 1 366
2
643 4 1056
2
797 1 98
2
963 1 775
2
339 1 11
2
456 1 988
2
78 1 145
2
17 1 906
2
247 2 430
2
60 4 860
2
560 7 808
2
705 1 997
2
1364 2 968
2
1065 1 676
2
347 2 525
2
612 1 1156
2
241 4 891
2
1324 2 723
2
1379 1 731
2
558 1 163
2
1335 1 600
2
683 1 1061
2
1199 1 982
2
9 1 1202
2
363 1 1363
2
1277 1 850
2
1009 1 667
2
680 1 215
2
1264 1 752
2
104 1 115
2
339 2 640
2
915 1 193
2
1281 1 1293
2
740 1 235
2
1193 1 228
2
803 6 1097
2
1301 1 1198
2
566 1 168
2
605 2 684
2
190 1 1120
2
22 4 251
2
1266 1 89
2
1117 1 1072
2
1332 1 737
2
908 1 226
2
1152 1 398
2
326 2 838
2
1187 1 399
2
758 6 584
2
1098 1 269
2
1260 1 1275
2
290 2 333
2
775 2 2
2
343 1 531
2
494 1 820
2
347 2 227
2
1274 2 186
2
1108 1 1010
2
1237 1 905
2
927 6 738
2
795 1 1311
2
982 1 307
2
232 1 138
2
1073 4 601
2
298 4 828
2
659 1 1214
2
210 1 360
2
434 1 929
2
223 2 690
2
1313 1 149
2
860 1 1200
2
537 1 872
2
1240 2 1310
2
662 1 1158
2
549 1 214
2
479 1 284
2
1056 4 576
2
224 1 1031
2
1028 6 447
2
117 2 3
2
690 2 427
2
775 1 569
2
725 2 917
2
209 1 1265
2
707 1 624
2
788 1 1169
2
873 6 418
2
433 2 857
2
458 1 1120
2
1258 2 1029
2
460 1 1233
2
826 4 73
2
679 1 431
2
223 2 1111
2
291 1 826
2
54 1 217
2
630 1 206
2
118 2 469
2
1372 2 8
2
803 1 1026
2
1063 4 194
2
958 2 1050
2
180 1 157
2
294 1 1134
2
747 1 928
2
185 1 624
2
102 2 105
2
369 1 1199
2
189 2 1103
2
796 1 99
2
697 2 1100
2
105 1 1046
2
1104 2 413
2
262 1 887
2
342 1 1250
2
1115 4 318
2
739 2 34
2
165 1 670
2
215 1 12
2
67 4 358
2
672 2 573
2
348 1 250
2
872 1 339
2
455 2 671
2
544 2 733
2
758 1 500
2
478 1 1295
2
359 2 464
2
424 4 111
2
165 1 802
2
77 1 571
2
751 1 476
2
697 2 1383
2
919 1 1046
2
321 4 676
2
60 4 969
2
1227 1 989
2
311 1 633
2
32 2 857
2
904 1 520
2
815 1 207
2
28 2 934
2
534 2 34
2
773 1 951
2
234 2 905
2
1116 4 1218
2
397 1 540
2
1238 1 887
2
284 1 449
2
286 7 241
2
540 1 1336
2
731 1 48
2
1058 2 383
2
744 1 1143
2
1320 4 1375
2
391 1 602
2
830 1 1242
2
737 1 618
2
308 1 1155
2
496 4 873
2
1343 1 1264
2
1223 4 585
2
499 1 794
2
1358 1 963
2
261 1 1078
2
666 1 75
2
37 2 974
2
224 1 278
2
818 1 1381
2
216 2 1354
2
857 2 257
2
1138 1 525
2
436 1 1090
2
713 2 1246
2
1178 2 223
2
461 2 746
2
601 1 884
2
36 1 774
2
8 2 747
2
212 2 34
2
661 1 98
2
35 1 671
2
275 1 1049
2
125 4 902
2
847 4 926
2
580 4 1101
2
339 1 1301
2
443 1 218
2
374 4 1045
2
531 1 623
2
585 2 715
2
869 1 636
2
244 1 478
2
170 1 108
2
660 1 1051
2
1287 2 805
2
221 2 1335
2
1053 4 347
2
104 1 753
2
165 1 1061
2
1081 1 1085
2
65 1 1221
2
346 2 390
2
78 1 52
2
65 1 951
2
726 1 145
2
1219 5 481
2
735 6 869
2
1333 1 168
2
348 1 267
2
119 6 116
2
1104 1 583
2
190 2 45
2
125 4 1258
2
1184 1 495
2
100 1 826
2
1180 1 119
2
1122 4 410
2
1378 1 167
2
59 1 57
2
454 1 1323
2
967 7 1243
2
987 1 1201
2
1021 2 730
2
559 1 824
2
1056 6 168
2
414 1 711
2
713 2 736
2
1103 1 574
2
599 1 405
2
794 1 380
2
1170 1 1051
2
195 2 730
2
282 1 756
2
655 1 600
2
806 1 362
2
309 1 727
2
219 1 550
2
681 2 160
2
1364 2 715
2
719 2 268
2
67 7 854
2
57 1 882
2
1040 1 1141
2
457 2 1195
2
368 2 495
2
1046 6 457
2
117 2 1341
2
696 2 1149
2
1136 2 347
2
863 1 592
2
1030 2 1273
2
747 2 1258
2
290 2 598
2
370 1 90
2
83 2 394
2
938 2 342
2
1140 4 728
2
580 4 1287
2
1197 1 452
2
893 1 653
2
1354 2 196
2
12 1 806
2
638 1 819
2
1349 1 1314
2
325 1 556
2
764 4 549
2
862 1 1272
2
596 1 6
2
292 2 1327
2
783 1 246
2
687 2 533
2
237 4 935
2
1211 1 183
2
202 1 232
2
836 2 517
2
274 1 1317
2
835 1 267
2
1252 2 8
2
676 1 323
2
602 1 887
2
187 1 659
2
77 1 228
2
1376 1 483
2
1109 2 1274
2
620 1 177
2
1248 1 635
2
732 1 1133
2
71 1 743
2
617 4 1159
2
538 1 522
2
153 4 471
2
1305 2 1164
2
541 1 1349
2
981 2 535
2
57 1 445
2
338 1 740
2
1079 1 308
2
324 1 440
2
700 4 1153
2
557 1 711
2
415 1 807
2
1309 1 1236
2
1368 1 773
2
198 1 878
2
156 2 433
2
628 1 1046
2
840 2 655
2
409 1 742
2
742 2 450
2
917 2 1220
2
967 1 1199
2
334 2 950
2
586 1 940
2
1068 1 632
2
432 1 1122
2
303 1 400
2
1317 1 608
2
784 1 539
2
732 1 1083
2
1370 2 256
2
901 1 286
2
261 2 259
2
860 1 169
2
537 1 1155
2
613 2 993
2
414 1 1051
2
240 1 699
2
349 1 1297
2
1069 2 1089
2
729 1 68
2
393 1 136
2
146 6 1015
2
412 4 182
2
497 1 444
2
1128 2 491
2
10 1 906
2
193 1 134
2
746 2 725
2
132 2 1345
2
392 4 387
2
1133 1 900
2
1212 2 768
2
379 1 258
2
365 1 707
2
1132 1 390
2
144 1 552
2
585 2 454
2
1036 1 1120
2
907 4 1149
2
777 1 108
2
1015 6 811
2
136 1 654
2
46 1 57
2
956 5 280
2
952 2 1313
2
1068 1 351
2
413 2 1002
2
451 1 1292
2
582 4 238
2
16 2 1319
2
597 2 1229
2
568 1 143
2
475 1 1205
2
487 1 1117
2
1104 1 967
2
886 1 1247
2
1245 1 885
2
1375 4 780
2
833 1 936
2
239 2 1292
2
1065 1 225
2
948 1 987
2
1375 1 161
2
571 1 1364
2
1286 1 784
2
1222 4 509
2
500 1 1078
2
42 1 273
2
1201 2 1025
2
687 4 1054
2
459 1 1314
2
408 1 1157
2
776 2 1176
2
63 1 1138
2
1184 2 102
2
652 1 316
2
679 1 20
2
1074 1 1204
2
231 1 785
2
1344 1 1188
2
405 1 1043
2
1369 2 1316
2
626 1 169
2
1169 1 56
2
659 1 1347
2
628 1 1182
2
472 1 255
2
84 1 543
2
1142 1 3
2
681 6 164
2
980 1 802
2
1301 2 383
2
951 1 293
2
544 4 700
2
1017 1 566
2
1071 1 207
2
1105 2 642
2
655 2 111
2
224 1 1067
2
687 1 555
2
1204 1 492
2
40 1 488
2
1098 1 992
2
1069 1 1090
2
492 2 328
2
1343 1 836
2
591 1 1332
2
118 2 705
2
230 2 245
2
1253 1 1220
2
1162 1 1195
2
1050 6 668
2
1304 1 325
2
509 2 122
2
213 2 1135
2
292 1 80
2
1306 2 1113
2
687 4 116
2
1346 1 1313
2
352 4 1318
2
637 1 546
2
351 1 1032
2
524 1 175
2
611 1 295
2
1114 1 426
2
1193 1 1208
2
264 2 782
2
1098 1 950
2
107 1 294
2
1011 1 877
2
1024 1 753
2
617 2 673
2
918 1 316
2
259 2 369
2
280 7 216
2
88 2 1355
2
608 1 257
2
272 4 701
2
747 1 833
2
573 1 286
2
1234 1 133
2
384 1 300
2
484 2 462
2
24 1 1218
2
1353 4 733
2
1176 1 549
2
1183 4 533
2
1278 1 305
2
865 1 652
2
1144 2 234
2
628 1 1278
2
997 2 958
2
818 1 1248
2
224 1 523
2
663 6 584
2
1002 1 1375
2
1240 2 436
2
498 1 604
2
760 2 391
2
443 1 112
2
306 1 456
2
392 1 500
2
79 4 828
2
1358 1 361
2
50 1 836
2
330 2 626
2
302 2 1332
2
563 1 552
2
46 1 1321
2
648 2 440
2
579 1 1171
2
540 2 302
2
737 1 540
2
742 2 111
2
777 1 740
2
137 1 480
2
840 2 228
2
181 4 1222
2
1305 1 700
2
678 4 423
2
511 2 1366
2
435 1 369
2
435 1 1200
2
826 4 189
2
202 2 264
2
829 1 863
2
860 1 758
2
880 1 48
2
874 6 364
2
305 1 650
2
775 2 1008
2
1313 1 508
2
723 2 427
2
1378 1 570
2
71 1 1029
2
279 1 281
2
95 1 391
2
1209 1 176
2
488 1 165
2
289 1 1225
2
1115 4 274
2
1351 1 180
2
1043 1 357
2
481 5 153
2
949 4 69
2
31 1 495
2
215 1 704
2
1010 2 1151
2
589 1 421
2
561 2 944
2
630 1 732
2
569 1 24
2
1119 2 755
2
831 1 104
2
35 1 871
2
704 2 1044
2
1278 2 83
2
432 1 1172
2
294 1 453
2
168 1 547
2
269 1 142
2
942 1 469
2
1232 1 144
2
316 1 758
2
1237 1 871
2
341 2 465
2
553 1 718
2
1214 1 753
2
514 1 812
2
847 2 441
2
1355 2 213
2
940 1 429
2
820 1 812
2
698 1 172
2
139 1 1103
2
70 2 1342
2
88 1 488
2
273 1 1326
2
740 1 161
2
1337 2 1164
2
641 1 1085
2
681 5 907
2
246 1 815
2
637 1 882
2
260 2 1139
2
890 1 469
2
760 2 1066
2
832 4 60
2
968 3 601
2
682 1 633
2
197 1 1020
2
1245 1 1198
2
1222 1 139
2
1327 2 372
2
587 1 1238
2
380 2 1369
2
341 2 790
2
1206 1 18
2
415 1 670
2
501 1 434
2
823 2 199
2
517 2 342
2
1230 2 1260
2
1017 1 1350
2
1326 1 802
2
33 4 310
2
968 2 1121
2
308 4 1371
2
692 1 618
2
85 2 214
2
595 2 484
2
798 4 128
2
46 1 191
2
680 1 1133
2
629 1 326
2
1299 2 1004
2
1384 2 857
2
687 1 270
2
618 2 870
2
972 1 526
2
275 1 267
2
1011 1 39
2
179 1 898
2
75 6 353
2
650 2 639
2
181 2 1209
2
62 4 211
2
1379 1 267
2
942 1 943
2
205 1 1349
2
1337 1 1323
2
432 1 1264
2
66 1 1217
2
402 1 304
2
1205 2 82
2
1103 1 807
2
335 1 42
2
1177 1 252
2
1362 1 205
2
257 2 1174
2
681 2 406
2
1066 1 206
2
1274 2 312
2
341 2 554
2
102 2 23
2
843 2 764
2
225 1 936
2
1044 2 806
2
1193 2 1034
2
12 1 203
2
1179 1 1301
2
178 2 328
2
1251 1 618
2
573 1 303
2
102 4 675
2
369 1 1281
2
418 1 753
2
986 1 1244
2
805 2 440
2
1330 1 971
2
659 1 355
2
547 2 603
2
502 1 835
2
630 2 427
2
813 1 884
2
495 1 939
2
868 2 719
2
1054 4 546
2
1029 1 1217
2
886 2 82
2
547 1 136
2
1120 1 269
2
218 1 679
2
277 2 1341
2
1371 2 434
2
839 4 822
2
1057 1 268
2
297 2 938
2
245 2 57
2
705 1 1133
2
463 15 69
2
213 2 211
2
663 4 666
2
758 1 1305
2
317 2 347
2
378 1 1046
2
407 2 1113
2
367 1 1266
2
380 1 416
2
49 4 676
2
224 4 1054
2
1156 1 193
2
1035 1 739
2
970 1 1312
2
809 2 574
2
1230 3 192
2
943 4 102
2
596 1 506
2
680 1 1181
2
1043 1 1076
2
1180 1 731
2
626 2 701
2
1203 2 847
2
313 1 900
2
878 1 483
2
768 2 406
2
200 1 1295
2
1046 1 269
2
1111 2 1176
2
359 2 342
2
100 2 1276
2
1263 1 855
2
29 1 384
2
437 2 923
2
145 1 920
2
887 2 67
2
401 2 102
2
3 1 1253
2
1013 1 790
2
1197 1 1160
2
414 1 231
2
605 2 437
2
1148 1 469
2
836 1 343
2
688 2 640
2
802 1 114
2
1360 4 1249
2
354 1 1329
2
275 1 395
2
841 2 1144
2
928 1 1032
2
664 2 1116
2
1325 7 1187
2
836 1 276
2
346 2 251
2
130 1 604
2
1071 1 717
2
853 1 1060
2
641 1 1109
2
566 1 248
2
484 4 1043
2
294 1 459
2
1339 4 907
2
1326 1 147
2
70 2 1220
2
296 4 589
2
599 1 90
2
736 6 119
2
636 1 107
2
489 1 1304
2
55 2 102
2
1347 1 156
2
695 1 205
2
1068 1 218
2
671 1 436
2
156 1 876
2
175 1 920
2
768 4 943
2
596 1 787
2
1144 1 792
2
700 1 1236
2
749 2 594
2
1353 7 560
2
682 1 807
2
256 1 943
2
200 1 356
2
529 1 747
2
384 1 508
2
784 1 1148
2
1383 1 12
2
1288 2 474
2
572 2 247
2
679 1 653
2
77 1 342
2
1340 2 1174
2
576 2 1324
2
1213 1 483
2
194 4 987
2
66 1 1227
2
125 1 864
2
1132 1 1283
2
1227 1 920
2
444 1 633
2
355 1 1147
2
336 1 193
2
502 1 100
2
239 2 760
2
1229 1 720
2
343 1 469
2
674 1 195
2
391 2 221
2
177 2 1246
2
835 1 179
2
675 6 668
2
98 1 148
2
842 2 457
2
1012 2 721
2
353 4 125
2
593 1 732
2
1027 2 736
2
1245 4 67
2
780 2 250
2
256 1 1161
2
1056 4 336
2
497 1 982
2
667 1 645
2
614 2 260
2
1179 1 398
2
768 2 576
2
791 1 142
2
13 2 1110
2
1240 2 721
2
354 1 683
2
288 1 1007
2
1361 2 1213
2
520 1 693
2
482 1 1160
2
374 6 745
2
1055 4 924
2
1240 2 1090
2
1370 2 587
2
116 4 839
2
836 1 1088
2
402 1 1387
2
1274 2 1001
2
236 4 1091
2
91 1 27
2
1036 2 551
2
655 2 212
2
644 1 397
2
1211 1 483
2
651 1 89
2
1270 2 35
2
820 1 829
2
777 1 1194
2
1288 1 151
2
507 4 891
2
207 1 1130
2
263 1 879
2
521 7 840
2
764 2 1285
2
87 1 599
2
1017 1 1176
2
714 1 1141
2
1220 1 825
2
573 2 1324
2
345 1 1373
2
544 2 1034
2
1279 2 234
2
578 2 1209
2
1081 4 760
2
252 1 1330
2
618 2 410
2
533 2 561
2
1373 4 768
2
1060 1 62
2
558 1 1057
2
954 1 1129
2
1159 1 128
2
477 2 140
2
946 2 353
2
484 2 1368
2
503 1 30
2
943 4 407
2
124 2 895
2
458 1 137
2
1122 1 1077
2
765 1 29
2
1171 1 475
2
1170 1 183
2
540 1 231
2
886 1 332
2
298 1 1285
2
728 1 531
2
913 4 1057
2
159 1 281
2
885 1 1039
2
1078 1 467
2
668 6 769
2
767 4 181
2
711 1 1059
2
177 1 1336
2
294 1 610
2
712 1 229
2
1134 1 1332
2
508 4 333
2
605 4 1056
2
636 1 711
2
78 1 1169
2
1013 4 722
2
1299 1 843
2
741 2 1072
2
1144 2 741
2
1076 1 79
2
107 2 368
2
1228 4 501
2
543 1 591
2
1239 2 127
2
664 1 1311
2
1254 1 3
2
727 1 1024
2
501 1 528
2
681 2 505
2
348 1 1285
2
964 1 119
2
523 2 1270
2
604 1 971
2
1173 1 303
2
414 1 62
2
1387 4 189
2
322 1 724
2
246 1 454
2
1282 1 436
2
716 2 640
2
1311 1 160
2
1014 1 1082
2
171 2 520
2
644 1 384
2
682 1 662
2
1301 1 875
2
718 2 533
2
1185 2 265
2
673 1 1133
2
829 4 1318
2
642 1 1109
2
162 4 1172
2
1363 2 43
2
898 1 1311
2
1255 1 1233
2
1265 1 655
2
106 1 641
2
582 7 313
2
28 4 1074
2
302 2 1198
2
393 1 954
2
1001 1 40
2
1116 2 572
2
1049 1 933
2
617 2 336
2
210 1 786
2
772 1 435
2
445 2 221
2
966 1 467
2
986 1 1235
2
227 2 1377
2
204 2 1027
2
459 1 1185
2
986 1 411
2
146 1 426
2
938 2 704
2
1044 2 390
2
362 1 879
2
169 1 573
2
360 1 653
2
68 1 291
2
22 1 559
2
106 2 716
2
724 1 519
2
818 1 283
2
1214 4 424
2
255 1 845
2
1036 2 736
2
662 1 1072
2
470 2 1031
2
466 1 319
2
522 1 563
2
717 1 796
2
338 1 366
2
237 2 719
2
843 1 900
2
818 1 1096
2
1239 1 107
2
813 1 954
2
96 1 567
2
88 1 661
2
4 1 575
2
959 2 380
2
832 1 1195
2
259 2 222
2
371 2 123
2
561 7 521
2
1157 1 978
2
777 1 145
2
278 2 376
2
1011 1 890
2
719 2 1024
2
410 4 727
2
852 1 254
2
257 1 1359
2
1132 1 322
2
618 2 334
2
389 1 411
2
215 1 1006
2
507 2 254
2
219 1 224
2
625 1 526
2
1266 1 125
2
1092 1 595
2
924 2 503
2
1324 2 108
2
885 1 418
2
158 4 735
2
1306 3 756
2
1144 2 213
2
1077 1 1380
2
55 6 50
2
1173 1 1363
2
1147 1 881
2
1103 1 967
2
857 2 102
2
1308 1 616
2
560 7 167
2
1087 4 956
2
902 2 1261
2
990 1 405
2
693 1 1259
2
647 1 253
2
446 2 1169
2
930 2 1323
2
1119 2 371
2
842 2 270
2
1135 1 1076
2
477 2 1262
2
393 1 1304
2
218 1 1047
2
156 1 821
2
928 1 228
2
602 1 354
2
420 2 161
2
1161 1 468
2
1195 1 1170
2
1102 1 1309
2
1024 2 640
2
763 1 56
2
992 1 1147
2
862 1 1201
2
475 1 1385
2
1186 1 1049
2
1368 1 886
2
776 2 486
2
65 1 526
2
1259 1 596
2
706 1 338
2
1243 2 777
2
1128 2 643
2
459 2 639
2
1327 6 1380
2
334 6 583
2
401 2 1167
2
1029 1 904
2
355 4 1073
2
4 1 664
2
275 1 936
2
34 2 906
2
910 1 646
2
477 2 301
2
276 1 1155
2
516 2 1151
2
801 4 992
2
921 1 402
2
649 2 578
2
256 1 744
2
711 1 941
2
1274 2 927
2
625 1 493
2
940 1 684
2
911 1 263
2
935 1 186
2
951 1 631
2
96 6 1015
2
274 1 1302
2
716 2 372
2
739 2 1048
2
785 2 896
2
323 1 175
2
683 4 701
2
455 2 78
2
1219 1 682
2
643 1 1356
2
916 1 453
2
659 1 33
2
333 2 1369
2
710 1 687
2
414 1 459
2
1180 1 1379
2
1246 2 487
2
1036 1 77
2
1268 4 736
2
240 2 723
2
1275 1 542
2
857 2 859
2
301 2 544
2
451 1 933
2
1323 1 990
2
1210 4 531
2
203 1 884
2
735 4 894
2
1074 1 1218
2
549 1 602
2
1219 1 63
2
790 1 352
2
534 1 358
2
194 4 601
2
41 1 478
2
274 1 200
2
542 2 1004
2
118 2 83
2
370 7 808
2
674 1 589
2
575 1 758
2
682 1 698
2
359 2 618
2
466 1 961
2
1366 2 1087
2
345 1 630
2
330 4 1037
2
62 1 610
2
976 1 92
2
859 1 290
2
643 1 33
2
1127 1 636
2
1295 1 878
2
470 2 748
2
305 1 500
2
994 2 749
2
770 1 611
2
1233 4 1340
2
555 1 1344
2
13 1 456
2
1073 2 1302
2
94 1 1058
2
1361 4 1225
2
899 2 1214
2
1223 1 825
2
587 2 420
2
418 1 620
2
1000 1 7
2
88 1 1052
2
876 1 807
2
71 1 588
2
692 1 498
2
584 6 1197
2
31 1 258
2
1348 2 1208
2
1072 1 155
2
836 1 48
2
1120 1 601
2
362 1 449
2
235 2 1091
2
740 1 263
2
1284 2 1256
2
200 1 253
2
212 4 1245
2
49 2 1227
2
952 2 975
2
478 2 462
2
655 1 726
2
1024 2 204
2
1305 1 130
2
1319 1 301
2
1105 2 844
2
175 1 467
2
1164 2 1317
2
1225 1 666
2
650 1 1362
2
277 2 1064
2
395 1 284
2
543 1 1052
2
1081 1 915
2
239 4 424
2
215 2 1345
2
732 1 651
2
633 1 1251
2
210 2 761
2
764 4 272
2
815 1 479
2
34 2 262
2
938 2 546
2
1007 1 807
2
781 2 302
2
1134 1 1009
2
32 2 1131
2
733 2 285
2
1031 1 1062
2
1250 1 643
2
84 2 1003
2
886 1 926
2
838 2 334
2
1107 1 501
2
899 2 850
2
362 1 216
2
1089 2 1029
2
973 1 1215
2
1387 1 440
2
169 1 390
2
522 1 142
2
1383 2 741
2
90 1 786
2
391 1 662
2
234 2 362
2
198 1 448
2
1070 1 255
2
726 1 468
2
291 1 274
2
851 1 623
2
169 1 948
2
516 1 1357
2
1157 1 23
2
92 1 763
2
1113 1 882
2
1386 1 695
2
915 1 1055
2
1356 4 1249
2
196 1 1000
2
1206 1 589
2
401 1 174
2
753 4 1008
2
622 1 661
2
446 2 679
2
470 4 862
2
1070 1 619
2
1268 1 203
2
502 1 747
2
1170 1 1139
2
1114 1 1192
2
1163 2 597
2
1350 1 202
2
1143 1 748
2
1333 1 1121
2
494 1 675
2
364 2 320
2
63 1 308
2
488 1 31
2
882 1 928
2
602 1 513
2
1275 1 1127
2
902 2 799
2
1128 2 494
2
853 1 556
2
837 1 54
2
1336 1 904
2
1341 2 1214
2
665 1 179
2
972 1 592
2
618 1 786
2
188 4 894
2
1291 2 393
2
875 2 213
2
166 1 579
2
847 4 338
2
779 2 82
2
44 1 1282
2
825 1 748
2
342 2 715
2
508 1 150
2
162 2 760
2
1246 2 1024
2
597 2 645
2
17 1 9
2
712 1 224
2
220 2 1117
2
600 1 104
2
944 1 360
2
501 1 10
2
1233 1 1193
2
180 1 821
2
619 1 219
2
532 1 1064
2
1364 1 787
2
386 6 1112
2
987 2 847
2
139 1 529
2
1092 2 333
2
417 4 69
2
237 2 271
2
36 4 1210
2
151 1 571
2
64 6 571
2
442 1 882
2
534 2 1273
2
292 1 1287
2
544 2 737
2
102 2 1278
2
8 2 1128
2
51 4 1101
2
483 1 893
2
1037 1 955
2
720 1 121
2
966 1 618
2
700 1 1197
2
583 6 199
2
439 1 1368
2
383 2 298
2
528 1 1208
2
281 1 329
2
553 1 771
2
1229 1 1337
2
1333 1 1113
2
676 1 1313
2
1197 2 1341
2
774 1 728
2
595 1 990
2
1075 1 1260
2
1092 1 10
2
609 2 122
2
1202 1 203
2
943 4 241
2
540 2 873
2
148 1 692
2
735 4 719
2
732 2 1073
2
149 1 934
2
803 1 815
2
204 2 101
2
1051 1 633
2
767 1 593
2
794 1 620
2
266 1 973
2
580 4 982
2
366 1 600
2
520 2 213
2
580 4 1061
2
296 2 925
2
1 1 1356
2
920 1 529
2
1116 2 1133
2
578 2 78
2
231 2 578
2
612 1 1147
2
553 1 313
2
517 2 437
2
476 1 1029
2
390 2 572
2
614 1 394
2
966 1 570
2
1006 1 1168
2
1085 4 979
2
1250 2 251
2
1024 1 381
2
115 1 861
2
1050 1 565
2
794 2 1246
2
1042 1 174
2
659 4 19
2
684 2 427
2
108 1 1290
2
821 2 227
2
394 1 355
2
768 2 40
2
1133 2 1361
2
158 7 808
2
16 2 650
2
564 1 593
2
1047 1 1193
2
605 2 1300
2
1208 2 1374
2
539 1 563
2
253 2 1306
2
1307 2 679
2
1303 1 1244
2
374 4 210
2
683 1 831
2
540 1 1107
2
1233 1 149
2
785 1 502
2
148 2 509
2
1026 1 765
2
1128 2 141
2
1246 4 599
2
73 4 1055
2
848 2 1262
2
1279 2 129
2
1021 1 254
2
1050 2 457
2
591 1 836
2
715 2 449
2
403 2 2
2
120 1 786
2
1285 1 1067
2
1114 1 963
2
606 1 1072
2
1265 1 728
2
290 1 76
2
145 1 516
2
421 1 322
2
660 1 1375
2
49 2 764
2
505 1 1317
2
555 1 459
2
1016 2 976
2
453 1 299
2
1381 3 844
2
580 4 518
2
708 2 105
2
951 1 1037
2
858 2 837
2
323 2 127
2
1040 1 1202
2
227 2 1211
2
953 1 456
2
675 4 759
2
1156 1 97
2
685 2 39
2
284 1 143
2
559 1 89
2
497 1 767
2
693 2 822
2
125 1 191
2
1374 2 1332
2
1255 1 1160
2
573 2 1101
2
1300 2 77
2
421 1 1280
2
1359 2 1025
2
1083 1 179
2
374 4 189
2
389 4 1371
2
1306 2 961
2
5 1 777
2
196 1 192
2
1220 1 610
2
1322 4 194
2
274 1 1309
2
1244 1 1141
2
1309 1 1226
2
1380 1 571
2
1079 1 1052
2
967 1 571
2
432 2 1174
2
651 1 1294
2
1336 1 53
2
50 4 736
2
1342 2 619
2
1103 1 1046
2
380 1 799
2
1083 2 701
2
1257 2 55
2
240 1 395
2
72 1 1057
2
789 1 927
2
781 1 1002
2
282 1 191
2
769 2 124
2
598 2 732
2
273 1 1166
2
661 1 1129
2
790 1 133
2
1298 2 517
2
916 1 702
2
229 1 248
2
775 2 760
2
629 1 337
2
325 2 368
2
669 2 506
2
290 4 1353
2
776 4 963
2
907 4 848
2
1382 1 159
2
1229 1 151
2
1371 2 300
2
850 1 90
2
798 4 1255
2
544 2 266
2
6 1 54
2
932 2 1207
2
168 1 1196
2
378 1 1196
2
401 1 392
2
366 1 1127
2
1287 1 631
2
685 2 923
2
1114 1 352
2
67 2 1323
2
956 4 736
2
72 3 668
2
135 2 353
2
1100 2 598
2
208 2 1178
2
905 2 809
2
349 1 837
2
381 1 866
2
447 1 1176
2
942 1 709
2
425 2 702
2
897 1 1187
2
689 1 726
2
970 1 1051
2
279 2 1112
2
1255 1 998
2
845 2 640
2
14 1 132
2
697 2 1230
2
1281 1 13
2
805 2 1356
2
643 1 442
2
1214 1 411
2
528 1 686
2
323 1 581
2
540 1 1227
2
834 1 852
2
152 1 218
2
1043 4 809
2
37 1 165
2
603 2 838
2
687 1 657
2
356 1 1066
2
1353 4 274
2
952 2 384
2
129 2 1306
2
825 2 204
2
178 1 1332
2
426 1 802
2
389 1 235
2
1080 1 174
2
9 1 447
2
405 1 151
2
381 1 37
2
19 2 395
2
158 1 506
2
1334 1 1170
2
668 3 1002
2
802 1 1000
2
146 1 1312
2
269 1 815
2
817 1 197
2
1349 1 610
2
312 1 1092
2
1231 2 307
2
5 2 387
2
365 2 846
2
914 1 25
2
688 1 345
2
977 2 1230
2
1038 2 32
2
1190 1 804
2
892 1 1121
2
351 1 1238
2
989 1 200
2
249 1 1253
2
1309 1 555
2
1096 2 413
2
200 4 828
2
726 2 1228
2
667 1 136
2
942 4 828
2
715 2 567
2
612 2 1004
2
799 2 368
2
1092 2 28
2
121 1 747
2
989 1 1133
2
1178 4 1130
2
621 1 460
2
1309 1 1214
2
1079 2 403
2
367 1 184
2
1356 1 634
2
361 1 156
2
36 1 638
2
1371 2 208
2
241 2 570
2
258 1 488
2
407 2 681
2
235 1 1288
2
257 1 964
2
34 2 1288
2
1158 1 825
2
239 2 1203
2
768 2 1194
2
554 4 686
2
1003 2 574
2
1155 1 1242
2
210 1 500
2
584 6 459
2
1357 1 618
2
1380 1 164
2
101 1 494
2
780 2 703
2
318 1 1219
2
1020 1 694
2
1132 2 759
2
992 1 11
2
313 1 128
2
392 1 329
2
580 4 10
2
1054 4 145
2
659 1 508
2
331 1 1081
2
1216 2 63
2
493 1 1055
2
672 2 447
2
1299 1 1171
2
1010 1 1032
2
157 1 1260
2
738 4 1092
2
343 1 270
2
254 1 431
2
117 2 483
2
107 1 1142
2
1112 2 1044
2
1266 1 1096
2
1375 1 940
2
1131 3 735
2
108 1 9
2
43 2 512
2
495 1 350
2
1082 1 905
2
336 1 164
2
694 1 879
2
324 1 1181
2
9 1 435
2
890 1 493
2
1288 1 762
2
1053 4 462
2
424 4 1341
2
305 2 1048
2
270 1 1198
2
378 1 78
2
82 2 946
2
1323 1 705
2
193 1 466
2
468 4 1276
2
1232 1 703
2
183 2 1246
2
940 1 1335
2
367 1 900
2
1223 1 58
2
623 1 579
2
892 2 613
2
1216 4 1254
2
246 1 692
2
1131 4 829
2
552 1 636
2
15 2 251
2
719 2 271
2
603 4 811
2
609 6 632
2
621 2 1016
2
1099 2 484
2
468 1 729
2
1236 2 364
2
1276 2 1298
2
229 1 1099
2
801 2 320
2
574 1 1292
2
1217 1 665
2
630 2 265
2
772 2 1366
2
1148 1 599
2
747 1 332
2
996 2 102
2
1224 1 1006
2
220 2 786
2
736 2 842
2
340 1 168
2
1358 1 777
2
171 2 486
2
528 1 750
2
663 4 155
2
658 1 283
2
76 1 972
2
1356 1 594
2
237 2 984
2
1071 1 682
2
389 1 480
2
307 1 33
2
151 1 1090
2
135 1 1359
2
226 2 383
2
967 1 911
2
513 1 834
2
1294 1 623
2
850 1 865
2
1155 1 602
2
698 2 277
2
446 2 38
2
935 1 1075
2
795 1 150
2
224 1 1311
2
1044 2 888
2
654 1 317
2
618 1 1271
2
482 1 1114
2
1023 2 73
2
1043 5 842
2
581 1 1019
2
761 2 214
2
241 2 952
2
1236 1 877
2
222 2 977
2
856 1 1187
2
576 1 756
2
427 4 1331
2
720 1 1346
2
1091 2 569
2
672 2 731
2
1220 4 956
2
1005 1 1204
2
1365 1 1137
2
615 2 1120
2
1005 1 1139
2
1255 4 515
2
1000 1 955
2
1125 4 828
2
208 1 856
2
1367 2 548
2
793 1 288
2
569 1 676
2
168 1 389
2
1169 1 339
2
588 1 418
2
801 2 1152
2
444 1 76
2
420 4 921
2
1110 2 698
2
420 2 250
2
425 2 109
2
555 1 699
2
109 1 1005
2
1033 1 654
2
1098 1 803
2
927 7 1360
2
671 4 116
2
813 1 294
2
919 1 600
2
205 1 872
2
625 2 598
2
508 1 868
2
626 1 121
2
818 1 1189
2
595 1 922
2
1099 1 946
2
732 1 1088
2
807 1 941
2
330 2 459
2
510 2 819
2
1036 1 389
2
1009 2 544
2
633 1 954
2
612 1 1129
2
424 4 1092
2
712 1 1338
2
121 1 1001
2
66 1 1135
2
164 1 262
2
353 4 967
2
123 1 555
2
819 2 347
2
1063 1 1006
2
695 2 260
2
296 2 806
2
1297 7 598
2
1165 1 1026
2
734 1 656
2
128 4 321
2
1008 2 1385
2
242 2 1345
2
780 2 1317
2
991 4 748
2
278 1 400
2
1356 1 687
2
470 2 1039
2
846 2 1156
2
538 1 350
2
620 1 1168
2
317 1 393
2
102 2 896
2
242 2 1239
2
1077 1 84
2
1229 1 1321
2
287 2 885
2
495 1 1319
2
1036 1 1162
2
1210 4 25
2
101 1 983
2
582 4 92
2
340 1 712
2
585 2 137
2
672 4 348
2
889 2 702
2
319 4 548
2
1317 1 1177
2
865 1 918
2
1251 1 803
2
204 2 197
2
1075 2 1101
2
904 2 603
2
1139 1 385
2
603 2 586
2
644 1 538
2
188 4 526
2
1007 1 820
2
545 1 61
2
1325 2 885
2
1355 2 950
2
817 1 1057
2
1070 1 710
2
1208 2 1300
2
580 4 1200
2
18 2 1048
2
532 1 61
2
1003 6 1283
2
1119 4 580
2
667 1 1282
2
1116 2 506
2
438 1 445
2
289 7 280
2
447 1 859
2
778 6 1140
2
1273 2 218
2
636 1 168
2
1142 1 393
2
437 1 1090
2
972 1 72
2
565 1 1256
2
342 1 1074
2
1203 1 821
2
185 1 222
2
423 4 360
2
945 2 651
2
480 1 1266
2
1077 1 1169
2
512 1 682
2
471 1 1268
2
906 1 688
2
1375 1 218
2
167 1 653
2
1270 2 1060
2
875 1 1297
2
121 1 1386
2
296 2 896
2
89 1 1095
2
889 2 244
2
735 4 299
2
1047 1 130
2
471 1 790
2
697 6 1293
2
715 4 1041
2
1003 4 582
2
145 1 1365
2
685 2 231
2
15 2 347
2
953 1 848
2
230 1 131
2
749 2 1149
2
564 1 320
2
1003 4 1351
2
977 2 1306
2
859 2 1034
2
309 1 29
2
474 2 105
2
178 1 971
2
1189 1 571
2
757 1 196
2
189 2 1207
2
630 1 472
2
615 2 95
2
1072 1 1265
2
973 1 115
2
1326 1 361
2
937 4 1016
2
497 1 291
2
52 1 167
2
614 1 1346
2
860 1 1165
2
1165 1 718
2
1253 1 704
2
1112 2 143
2
450 2 130
2
223 1 1297
2
727 1 502
2
206 1 934
2
867 1 523
2
552 1 1171
2
245 4 894
2
591 6 1258
2
323 1 649
2
1077 1 552
2
733 2 948
2
1384 1 1184
2
1130 1 1060
2
368 2 792
2
1364 4 937
2
169 1 422
2
652 1 443
2
1042 1 724
2
593 1 56
2
1326 1 922
2
908 1 262
2
924 2 687
2
725 2 527
2
369 1 443
2
1220 1 1346
2
1256 1 72
2
170 1 523
2
238 1 571
2
329 1 325
2
1130 1 1214
2
66 1 729
2
875 2 285
2
930 2 674
2
60 4 646
2
890 1 775
2
1187 1 401
2
783 2 761
2
150 1 1058
2
507 2 99
2
523 1 931
2
135 1 431
2
339 1 191
2
165 1 422
2
233 1 908
2
918 1 1007
2
859 1 289
2
1024 2 264
2
874 6 1240
2
155 1 816
2
762 1 1248
2
124 2 527
2
801 4 1055
2
595 2 1151
2
620 1 229
2
519 2 945
2
784 2 672
2
1350 6 1307
2
991 4 992
2
1261 1 206
2
1264 1 1029
2
884 1 905
2
48 1 1010
2
405 4 798
2
925 1 1002
2
956 4 614
2
526 1 263
2
380 1 692
2
320 1 931
2
1178 2 476
2
527 2 1312
2
1350 1 785
2
552 1 737
2
299 1 254
2
976 6 584
2
666 2 554
2
2 2 1319
2
219 1 921
2
1296 7 1145
2
593 1 564
2
476 1 1130
2
439 1 498
2
289 2 1340
2
688 1 1358
2
1011 1 631
2
51 4 722
2
381 1 774
2
221 2 19
2
514 1 270
2
40 1 301
2
145 1 301
2
184 1 867
2
48 1 682
2
411 2 204
2
795 2 162
2
1030 1 999
2
959 5 1259
2
706 1 549
2
230 1 1165
2
1042 1 508
2
954 1 95
2
217 1 888
2
234 2 633
2
168 1 1373
2
1020 1 496
2
1077 2 716
2
723 2 156
2
846 2 450
2
481 2 335
2
1348 2 699
2
1379 1 532
2
864 1 892
2
1189 1 262
2
1212 1 1169
2
1087 2 227
2
1189 1 378
2
1176 1 600
2
353 2 83
2
1373 1 314
2
1240 4 963
2
1163 1 783
2
477 2 750
2
498 7 1327
2
905 1 271
2
700 1 437
2
155 1 851
2
322 1 18
2
402 1 678
2
748 1 61
2
1069 1 1129
2
404 1 225
2
1257 2 662
2
686 4 450
2
594 1 262
2
473 2 681
2
691 4 1345
2
1041 4 567
2
245 2 912
2
195 2 776
2
1109 1 660
2
718 1 931
2
1304 1 414
2
718 1 178
2
1150 1 1037
2
564 2 746
2
77 1 178
2
1108 1 1094
2
1134 2 962
2
93 1 1171
2
436 1 1191
2
623 1 1005
2
329 1 893
2
1185 2 1178
2
452 1 23
2
1340 2 651
2
1127 1 951
2
325 1 128
2
1022 1 1242
2
987 1 1119
2
659 4 433
2
1205 1 1090
2
9 2 975
2
1371 2 895
2
414 1 545
2
1218 4 201
2
554 2 562
2
1221 1 695
2
953 1 783
2
1199 4 1041
2
512 1 1177
2
1216 2 871
2
1154 2 390
2
53 1 1385
2
996 2 260
2
540 2 932
2
501 1 367
2
216 2 83
2
806 1 36
2
1264 2 259
2
178 2 518
2
46 1 9
2
1245 1 430
2
494 1 632
2
388 1 248
2
583 6 697
2
933 1 732
2
9 1 699
2
397 1 1009
2
1040 1 231
2
565 1 927
2
1287 2 1048
2
1159 1 588
2
380 1 301
2
229 1 676
2
44 1 1143
2
75 1 641
2
447 2 801
2
65 1 1090
2
180 1 666
2
335 1 40
2
42 1 961
2
282 1 680
2
372 2 980
2
205 6 1015
2
1041 4 47
2
19 2 1330
2
517 2 1026
2
1012 2 484
2
1187 1 676
2
237 2 1273
2
631 1 1386
2
631 1 698
2
957 1 576
2
385 1 1092
2
82 2 674
2
981 1 792
2
1369 2 1077
2
173 1 175
2
499 1 1214
2
855 1 24
2
247 2 168
2
904 1 1295
2
288 4 1073
2
834 1 179
2
119 1 538
2
544 2 1320
2
1007 1 437
2
748 1 430
2
1166 1 996
2
1098 2 201
2
245 4 1143
2
72 1 665
2
1088 1 178
2
535 4 1130
2
1248 1 491
2
589 1 678
2
192 1 1126
2
835 1 792
2
487 2 1038
2
1213 1 177
2
1113 1 337
2
883 1 360
2
1338 2 1110
2
1135 2 19
2
1311 2 242
2
884 2 470
2
862 1 288
2
733 2 87
2
340 1 987
2
30 1 1290
2
1128 2 806
2
859 1 687
2
880 1 750
2
502 1 453
2
23 1 628
2
824 1 184
2
1326 1 1382
2
296 2 213
2
895 1 1138
2
494 2 1025
2
140 1 693
2
1232 1 757
2
340 1 699
2
1057 1 56
2
460 1 1099
2
903 1 1312
2
215 1 1261
2
151 1 451
2
420 2 150
2
384 1 41
2
43 2 1204
2
686 1 284
2
119 1 781
2
39 1 650
2
278 1 559
2
313 1 192
2
1321 1 505
2
701 2 886
2
606 1 534
2
1379 2 844
2
35 1 911
2
1265 1 488
2
161 2 372
2
15 1 631
2
1230 4 876
2
571 1 876
2
154 2 336
2
437 1 119
2
1172 1 332
2
975 2 479
2
730 2 872
2
12 1 1036
2
105 1 1134
2
1035 1 267
2
574 1 479
2
902 2 1177
2
344 1 865
2
973 1 503
2
575 1 301
2
1223 1 711
2
1179 1 250
2
887 2 681
2
425 2 28
2
424 4 208
2
265 2 1238
2
1268 1 1338
2
354 1 623
2
371 4 589
2
1125 1 84
2
982 1 691
2
1110 2 754
2
159 4 364
2
4 1 250
2
803 7 1325
2
615 2 1315
2
1254 1 875
2
1275 2 171
2
256 1 1208
2
978 1 396
2
766 2 585
2
1072 1 1302
2
640 2 237
2
343 2 239
2
739 2 1027
2
1234 1 661
2
1236 1 1021
2
123 1 837
2
283 1 789
2
967 1 1321
2
1267 1 312
2
1173 1 218
2
990 1 121
2
1346 1 747
2
464 2 899
2
592 1 720
2
1120 2 419
2
663 4 84
2
608 1 693
2
5 2 1243
2
128 1 1285
2
1191 1 338
2
353 2 1154
2
1161 4 979
2
488 1 502
2
1312 2 822
2
1213 1 33
2
429 1 200
2
1211 1 753
2
380 1 186
2
44 1 1051
2
419 2 154
2
1157 1 676
2
1062 1 47
2
1227 1 625
2
159 1 6
2
554 2 290
2
477 2 2
2
301 1 803
2
1349 1 1387
2
215 2 1370
2
354 2 1366
2
162 2 1284
2
271 7 280
2
847 4 1226
2
1167 2 974
2
308 1 521
2
1121 2 873
2
1381 1 1176
2
1104 1 23
2
599 1 522
2
877 1 833
2
639 4 22
2
468 1 498
2
459 2 433
2
129 1 516
2
823 1 644
2
159 1 909
2
125 1 998
2
138 1 401
2
298 1 1049
2
669 2 100
2
162 2 1119
2
951 1 151
2
761 2 547
2
1098 2 425
2
861 4 484
2
912 1 931
2
30 1 1265
2
1199 2 723
2
1271 2 1016
2
587 1 622
2
488 1 1182
2
378 1 1351
2
845 1 293
2
885 1 1244
2
927 1 146
2
807 1 257
2
916 2 766
2
1187 1 654
2
247 2 473
2
432 1 418
2
435 2 1110
2
201 6 632
2
445 2 45
2
1092 1 388
2
113 2 674
2
382 1 490
2
1266 1 929
2
84 2 613
2
94 1 1142
2
846 4 58
2
1308 2 755
2
890 3 280
2
363 1 1267
2
1356 1 1160
2
626 1 493
2
1229 1 713
2
1262 2 1321
2
504 4 1249
2
479 1 794
2
732 1 1332
2
1347 1 989
2
392 7 560
2
454 1 1059
2
949 2 613
2
901 1 430
2
1162 1 385
2
54 1 63
2
1319 1 951
2
1321 1 1166
2
1126 2 605
2
541 1 339
2
585 2 417
2
206 1 486
2
264 2 561
2
63 1 908
2
1287 2 334
2
1368 2 383
2
315 1 522
2
252 1 1290
2
586 2 1276
2
273 2 533
2
1378 1 711
2
1368 1 126
2
841 4 116
2
1118 1 360
2
141 1 893
2
353 2 944
2
252 1 1160
2
1210 4 130
2
90 1 530
2
448 1 61
2
1057 1 637
2
673 7 560
2
386 5 280
2
71 1 1292
2
1167 2 1367
2
949 1 817
2
287 5 1043
2
1259 1 176
2
1141 1 459
2
313 1 386
2
45 2 783
2
1033 1 1344
2
1060 1 191
2
1213 1 1074
2
704 2 481
2
442 1 86
2
56 2 251
2
637 1 1005
2
867 1 486
2
994 1 30
2
753 1 163
2
1138 2 572
2
705 1 1335
2
175 1 395
2
1186 1 612
2
1227 1 765
2
295 1 635
2
733 2 303
2
697 2 480
2
1072 1 1183
2
405 1 967
2
1091 2 250
2
1239 1 54
2
1207 2 1318
2
35 1 721
2
1141 1 449
2
830 1 332
2
919 4 932
2
530 2 613
2
783 1 928
2
101 1 175
2
1341 2 481
2
276 1 464
2
323 1 1059
2
1143 7 64
2
371 2 82
2
1148 1 1177
2
356 4 1115
2
1233 1 1194
2
578 4 803
2
1127 2 457
2
893 1 47
2
1165 4 1318
2
388 1 453
2
316 4 798
2
1055 1 1126
2
355 1 596
2
559 1 47
2
1284 2 977
2
236 4 1025
2
683 1 1347
2
582 4 938
2
466 1 1293
2
1019 1 646
2
436 1 1018
2
107 1 965
2
961 2 481
2
563 1 972
2
8 2 869
2
1248 1 1295
2
782 2 1111
2
56 1 236
2
846 2 715
2
585 2 637
2
516 1 1311
2
544 2 1065
2
486 1 779
2
586 1 742
2
41 1 568
2
1102 1 226
2
539 1 147
2
143 1 734
2
213 4 861
2
654 1 819
2
1274 2 74
2
745 1 492
2
390 1 1035
2
242 2 99
2
44 1 272
2
534 2 917
2
1360 4 1101
2
1381 4 536
2
363 1 693
2
666 1 464
2
320 1 831
2
406 1 1011
2
254 2 1315
2
1378 1 1375
2
214 1 75
2
611 1 541
2
332 1 529
2
580 4 519
2
644 1 920
2
379 2 681
2
1259 1 619
2
1085 2 1316
2
63 1 1208
2
57 1 1239
2
738 4 434
2
835 1 747
2
876 1 1036
2
569 1 11
2
1201 1 653
2
1208 1 693
2
573 2 1361
2
227 2 1289
2
947 4 978
2
85 2 627
2
444 1 565
2
35 1 826
2
271 2 1273
2
25 2 696
2
797 1 748
2
1234 2 1274
2
479 1 831
2
800 2 1243
2
1074 1 479
2
845 4 828
2
791 1 482
2
432 1 250
2
766 2 783
2
420 2 1095
2
555 1 178
2
187 1 472
2
836 1 1121
2
61 1 1234
2
289 2 371
2
670 1 1213
2
298 1 596
2
228 2 551
2
34 2 750
2
563 1 811
2
137 1 178
2
249 4 1274
2
183 1 1092
2
508 1 1245
2
1028 6 1003
2
668 6 603
2
983 1 426
2
155 1 434
2
1354 4 69
2
742 2 117
2
1094 1 770
2
772 1 42
2
541 1 607
2
1322 1 1070
2
420 2 1044
2
357 1 897
2
1148 1 46
2
903 1 612
2
1314 1 638
2
889 2 471
2
1172 1 1260
2
263 2 1073
2
684 1 546
2
1097 7 349
2
278 1 1123
2
568 1 687
2
946 1 908
2
211 2 763
2
47 2 1324
2
1233 1 1285
2
1150 1 276
2
1040 1 50
2
63 1 1219
2
1233 4 597
2
12 6 359
2
1180 4 1153
2
113 4 424
2
894 1 856
2
558 2 364
2
11 1 301
2
98 1 992
2
152 1 497
2
320 1 811
2
719 2 99
2
330 2 384
2
1183 4 617
2
1181 1 192
2
1311 1 628
2
253 1 1080
2
1001 1 39
2
641 1 678
2
1054 4 1162
2
938 4 451
2
663 4 163
2
1177 1 731
2
1255 1 1076
2
270 1 792
2
159 1 338
2
1268 4 947
2
582 4 268
2
882 1 94
2
956 4 320
2
177 2 127
2
1161 1 432
2
1341 2 35
2
155 1 1039
2
207 1 52
2
1306 2 264
2
804 1 5
2
422 4 947
2
934 2 945
2
591 1 1205
2
355 1 47
2
564 1 138
2
683 4 1310
2
1202 1 476
2
805 2 1367
2
558 1 1039
2
232 1 833
2
962 2 177
2
901 1 1102
2
1358 1 1351
2
1215 2 962
2
1118 6 372
2
1159 3 741
2
758 2 1369
2
303 1 1232
2
895 1 1222
2
34 2 415
2
1140 4 1226
2
1178 2 1250
2
395 1 139
2
1297 1 1007
2
649 2 1273
2
878 4 182
2
764 2 745
2
101 1 1223
2
264 2 997
2
476 1 459
2
366 1 1381
2
78 1 629
2
960 1 1156
2
630 1 147
2
333 2 1148
2
782 1 1224
2
1227 1 1350
2
788 2 766
2
1189 2 1023
2
1127 1 42
2
179 1 1176
2
896 2 664
2
93 1 351
2
707 1 121
2
1021 2 962
2
1294 2 1352
2
1239 1 1062
2
944 1 406
2
349 2 1207
2
145 1 386
2
846 2 1112
2
1196 1 810
2
390 1 657
2
1014 1 106
2
818 7 842
2
112 2 1154
2
1 1 714
2
109 2 578
2
643 1 754
2
1187 1 1385
2
1059 6 873
2
191 1 650
2
1217 2 433
2
990 2 1131
2
521 1 1344
2
719 2 299
2
1308 2 507
2
105 1 818
2
1250 1 530
2
414 1 1357
2
1272 4 1320
2
612 1 1268
2
706 2 776
2
303 1 820
2
292 1 513
2
719 2 598
2
684 2 457
2
1191 1 556
2
535 2 349
2
744 1 1334
2
577 2 729
2
171 2 307
2
151 1 660
2
1086 7 287
2
1297 1 861
2
307 1 1024
2
962 2 1025
2
1305 1 1255
2
896 2 1257
2
29 1 988
2
458 1 381
2
780 2 170
2
1054 3 667
2
713 2 672
2
967 1 249
2
369 1 1359
2
420 2 395
2
1039 1 934
2
42 1 800
2
639 2 465
2
141 1 989
2
885 1 595
2
663 4 1014
2
642 1 1033
2
144 1 700
2
408 1 622
2
373 1 1277
2
205 1 1075
2
1093 2 1257
2
518 2 1282
2
1067 1 543
2
60 4 1031
2
413 2 1099
2
817 1 422
2
391 1 752
2
317 1 1039
2
401 1 699
2
1340 2 255
2
1253 1 464
2
941 1 496
2
1256 1 1212
2
107 1 831
2
1206 1 106
2
459 1 253
2
303 1 47
2
327 2 901
2
1319 1 1205
2
303 1 693
2
469 2 509
2
909 1 1350
2
197 1 1035
2
695 1 216
2
1367 1 1045
2
425 2 234
2
1253 1 1047
2
348 1 1179
2
1332 1 732
2
1127 1 1349
2
901 1 827
2
910 1 646
2
1074 1 714
2
625 1 652
2
1375 1 711
2
1292 1 107
2
312 1 1100
2
324 1 656
2
1261 2 1298
2
1286 4 719
2
1090 1 33
2
1199 1 174
2
938 2 271
2
661 1 616
2
1031 2 403
2
553 1 363
2
337 1 645
2
1183 1 549
2
922 1 1297
2
580 4 339
2
1201 1 351
2
1216 4 115
2
680 1 215
2
1271 2 844
2
1238 1 1158
2
471 1 495
2
898 1 864
2
35 1 1350
2
1159 1 361
2
1304 2 715
2
646 1 108
2
1122 1 765
2
10 1 63
2
293 1 1312
2
375 1 900
2
54 1 538
2
987 1 1294
2
515 2 230
2
166 1 1172
2
1094 1 1069
2
1176 1 198
2
1357 1 492
2
1157 2 809
2
199 2 987
2
898 2 1318
2
63 2 67
2
1046 6 1151
2
131 1 831
2
760 2 895
2
1218 4 1105
2
547 2 613
2
876 4 117
2
843 1 1017
2
332 1 288
2
1380 1 68
2
824 2 554
2
120 1 638
2
691 1 912
2
608 1 940
2
105 2 1298
2
187 1 591
2
686 1 200
2
467 1 683
2
449 2 551
2
1093 2 605
2
507 2 648
2
1319 1 1226
2
10 1 728
2
404 2 1306
2
873 2 612
2
1229 1 653
2
1185 1 1275
2
468 1 981
2
148 1 546
2
794 2 302
2
599 1 91
2
858 2 702
2
1127 2 759
2
522 1 940
2
412 2 953
2
444 1 1292
2
149 1 618
2
539 1 1035
2
969 1 573
2
867 1 240
2
1304 1 915
2
1253 1 416
2
616 1 178
2
259 2 1250
2
1029 1 203
2
502 1 1125
2
674 1 63
2
1312 1 269
2
278 1 779
2
964 1 689
2
841 2 822
2
1250 2 913
2
44 2 8
2
795 1 1205
2
860 1 1225
2
1250 2 74
2
1374 2 869
2
365 1 630
2
764 2 587
2
505 1 728
2
459 1 126
2
965 1 1094
2
1184 1 476
2
737 2 124
2
1177 1 438
2
587 1 394
2
531 1 489
2
1082 1 1076
2
904 2 533
2
213 2 687
2
561 2 550
2
302 2 1195
2
1250 1 148
2
566 1 980
2
1063 1 1155
2
246 1 177
2
905 1 41
2
627 2 1141
2
553 1 66
2
1328 4 1014
2
1205 4 194
2
1179 1 30
2
658 1 356
2
786 1 747
2
910 1 1335
2
1314 1 349
2
314 1 718
2
1268 1 981
2
728 1 1126
2
1375 1 660
2
1199 4 116
2
936 1 1099
2
257 1 994
2
158 1 607
2
805 2 277
2
515 2 1019
2
362 2 264
2
649 1 677
2
964 1 1166
2
317 1 360
2
623 1 1108
2
367 1 496
2
577 2 3
2
1205 1 252
2
753 5 755
2
234 2 29
2
368 2 1338
2
1342 2 636
2
1059 1 550
2
344 1 512
2
1377 1 894
2
936 2 510
2
1345 2 856
2
698 1 324
2
1281 2 127
2
1208 1 531
2
514 1 338
2
86 1 1011
2
1231 2 1370
2
722 2 1356
2
686 1 769
2
594 1 552
2
811 1 203
2
325 1 1250
2
976 1 814
2
1061 1 936
2
515 2 16
2
190 2 974
2
481 2 195
2
863 4 372
2
326 2 1371
2
1312 1 756
2
696 2 205
2
523 1 1333
2
1348 2 285
2
1288 1 944
2
1159 1 850
2
762 2 234
2
163 4 991
2
250 1 677
2
336 2 1257
2
933 1 929
2
256 1 621
2
398 1 491
2
146 1 1090
2
931 1 416
2
67 4 1293
2
1286 1 999
2
1147 1 1302
2
720 2 578
2
1052 1 963
2
855 4 374
2
754 1 350
2
527 2 303
2
121 1 291
2
837 2 412
2
774 1 897
2
381 1 1050
2
1120 1 897
2
758 1 130
2
1298 2 654
2
861 1 707
2
360 1 732
2
49 2 217
2
1370 2 155
2
479 1 727
2
690 4 592
2
486 1 132
2
320 1 653
2
456 1 134
2
182 4 973
2
1130 1 80
2
133 1 942
2
67 2 1001
2
964 4 1310
2
570 1 156
2
340 1 645
2
1219 1 1186
2
1231 2 409
2
1318 2 1067
2
567 1 256
2
1135 1 1319
2
178 2 1307
2
942 1 1229
2
274 1 1161
2
919 1 861
2
89 1 304
2
1253 2 1366
2
40 6 1015
2
999 1 210
2
477 2 291
2
707 2 1175
2
1064 1 322
2
534 1 262
2
234 2 306
2
714 1 434
2
446 2 523
2
865 2 613
2
380 1 973
2
601 3 1101
2
785 1 826
2
997 1 386
2
1209 1 919
2
1294 1 622
2
758 2 741
2
1105 2 873
2
387 4 935
2
1186 4 947
2
596 1 448
2
985 1 558
2
442 1 1237
2
1127 1 704
2
1026 1 272
2
726 1 208
2
401 1 698
2
677 1 20
2
419 2 1010
2
567 2 515
2
419 2 879
2
345 1 898
2
34 2 502
2
657 1 1301
2
1188 1 1049
2
361 1 61
2
272 1 505
2
14 2 199
2
1200 1 21
2
967 1 384
2
1301 1 849
2
82 2 412
2
394 1 1308
2
400 1 479
2
42 1 460
2
53 1 253
2
862 1 443
2
791 1 99
2
907 4 1387
2
827 4 423
2
419 2 1349
2
927 2 154
2
460 1 320
2
1227 1 126
2
269 1 787
2
14 1 272
2
744 1 381
2
394 1 289
2
460 1 1137
2
711 1 559
2
1332 1 193
2
309 1 699
2
125 4 477
2
1034 2 1312
2
536 2 637
2
1152 1 955
2
933 1 644
2
898 1 866
2
1094 2 842
2
227 2 1020
2
494 2 1284
2
1191 1 495
2
992 1 837
2
693 2 617
2
1038 4 451
2
327 4 735
2
768 2 1280
2
811 4 1038
2
1321 2 1366
2
1054 4 878
2
664 1 530
2
129 1 655
2
1324 2 745
2
787 6 668
2
432 1 1272
2
291 1 84
2
1311 1 626
2
367 1 325
2
774 2 873
2
544 2 1047
2
125 1 875
2
252 1 1387
2
645 2 585
2
778 1 673
2
426 1 683
2
470 4 861
2
931 1 1191
2
420 2 39
2
1166 1 619
2
439 1 800
2
313 1 855
2
1310 2 959
2
348 1 1295
2
234 2 550
2
1327 2 234
2
1012 2 1248
2
840 2 139
2
684 2 474
2
100 1 1334
2
949 2 902
2
1021 1 1094
2
201 2 176
2
533 2 171
2
781 1 229
2
66 1 673
2
1273 2 579
2
639 2 1186
2
510 2 381
2
1264 1 68
2
328 4 1387
2
959 2 114
2
1040 1 312
2
220 2 653
2
438 1 184
2
548 4 448
2
769 1 119
2
783 1 157
2
157 1 880
2
699 2 603
2
911 1 1192
2
495 1 929
2
787 1 452
2
1239 2 838
2
99 1 155
2
373 2 846
2
55 2 1330
2
848 2 211
2
1175 2 507
2
189 2 4
2
886 1 1065
2
870 2 187
2
1367 1 1006
2
912 2 341
2
1037 1 1224
2
1117 1 878
2
91 1 1137
2
32 1 135
2
254 1 571
2
75 1 406
2
921 1 631
2
750 1 1312
2
826 6 481
2
969 2 1044
2
765 1 370
2
940 1 583
2
680 1 256
2
983 1 571
2
952 2 554
2
1256 1 1259
2
1233 1 415
2
1122 4 425
2
59 2 1048
2
78 1 291
2
599 1 843
2
142 1 589
2
507 2 1153
2
1038 4 182
2
759 2 1168
2
407 2 1084
2
787 1 1011
2
259 4 659
2
1242 1 1165
2
19 4 1218
2
833 1 673
2
321 2 1031
2
596 2 1004
2
397 1 788
2
179 1 466
2
1009 1 75
2
519 2 450
2
1107 2 264
2
964 4 746
2
108 1 37
2
758 1 293
2
1315 2 124
2
1054 4 239
2
148 1 395
2
173 1 25
2
779 1 936
2
826 1 1037
2
932 2 121
2
1384 1 471
2
564 1 1286
2
866 1 300
2
340 1 1245
2
241 2 401
2
699 1 24
2
229 2 690
2
819 2 509
2
1365 2 333
2
575 1 1165
2
1343 1 1021
2
959 2 23
2
197 2 327
2
1114 1 565
2
1314 1 1036
2
1359 1 596
2
30 1 54
2
1371 2 724
2
977 2 1109
2
972 4 1111
2
813 1 772
2
1126 1 141
2
203 1 928
2
612 1 375
2
1198 2 213
2
640 4 700
2
1370 2 952
2
72 1 900
2
53 1 61
2
1362 1 911
2
600 2 1027
2
631 2 477
2
890 1 290
2
894 4 844
2
620 1 642
2
159 5 681
2
454 1 1261
2
387 2 1050
2
736 6 1219
2
89 1 1225
2
599 1 796
2
746 2 914
2
433 2 882
2
1292 2 321
2
1373 1 678
2
368 2 87
2
218 1 699
2
659 1 22
2
342 1 675
2
1006 1 349
2
578 2 1093
2
1087 4 979
2
1216 2 831
2
1106 2 984
2
1366 2 911
2
329 1 144
2
900 4 1140
2
732 2 889
2
249 1 853
2
1349 2 715
2
1236 1 370
2
175 1 728
2
656 1 1205
2
1293 1 638
2
1336 1 785
2
1318 2 1137
2
7 1 1365
2
425 2 1224
2
1162 1 1037
2
1027 2 1355
2
29 2 838
2
813 1 208
2
897 1 665
2
370 1 612
2
1143 1 1233
2
799 1 814
2
913 2 597
2
244 1 126
2
1227 1 987
2
542 1 836
2
363 1 138
2
395 1 929
2
128 1 460
2
670 1 1244
2
180 2 598
2
33 1 1293
2
912 2 2
2
742 1 820
2
1195 2 780
2
1262 2 1085
2
938 2 1024
2
826 1 890
2
87 1 831
2
716 2 31
2
129 1 1159
2
1328 2 346
2
386 1 691
2
209 1 695
2
917 2 1116
2
442 2 199
2
33 1 183
2
668 6 109
2
1119 1 773
2
603 2 1146
2
384 1 1382
2
317 1 745
2
441 2 486
2
909 1 514
2
706 1 1205
2
79 2 1279
2
747 1 922
2
196 1 81
2
854 3 1216
2
816 2 715
2
90 2 102
2
1329 1 180
2
510 2 143
2
1079 1 772
2
162 2 996
2
270 1 1237
2
621 2 844
2
884 1 1237
2
610 1 1344
2
632 1 1031
2
1080 2 1316
2
441 2 379
2
146 2 1315
2
1146 1 473
2
1216 2 1346
2
216 1 482
2
647 4 1140
2
18 1 447
2
729 2 1345
2
83 4 233
2
894 1 405
2
680 1 222
2
1307 2 1294
2
291 2 328
2
1126 1 418
2
411 1 1247
2
1314 4 991
2
863 1 827
2
43 2 449
2
1135 1 769
2
1083 1 1079
2
889 2 1178
2
822 2 1372
2
717 1 1383
2
35 1 679
2
832 1 1
2
425 2 934
2
67 2 1150
2
766 2 856
2
1057 1 1065
2
278 1 218
2
849 1 885
2
1271 1 1138
2
511 1 825
2
392 4 1318
2
697 2 360
2
1122 1 513
2
575 1 526
2
1131 2 1026
2
926 1 421
2
16 2 461
2
155 1 642
2
148 1 555
2
202 2 1270
2
761 2 1177
2
549 4 371
2
1185 1 461
2
192 1 1088
2
361 2 259
2
1177 2 1110
2
128 4 828
2
693 1 855
2
136 1 1050
2
353 2 1031
2
887 1 316
2
321 2 1134
2
61 1 173
2
160 1 1107
2
543 4 1056
2
296 4 1210
2
119 1 646
2
769 1 1187
2
938 6 1046
2
23 2 873
2
1296 4 1197
2
193 1 853
2
930 2 958
2
731 1 982
2
188 2 536
2
1131 2 1231
2
347 4 1297
2
1305 2 102
2
1333 1 558
2
80 1 621
2
217 1 1272
2
88 1 426
2
563 1 942
2
799 1 1119
2
1041 4 238
2
597 2 823
2
344 4 1003
2
775 1 246
2
433 2 609
2
1073 2 122
2
1165 1 1159
2
797 1 1133
2
345 1 278
2
368 2 662
2
1108 1 633
2
1111 2 740
2
198 1 1134
2
209 1 323
2
1204 1 428
2
464 1 1155
2
358 1 1184
2
101 1 620
2
1372 1 184
2
83 2 1294
2
83 2 1352
2
304 1 276
2
819 2 896
2
1376 2 603
2
284 2 1027
2
470 2 701
2
1140 7 415
2
238 1 600
2
1013 1 865
2
792 1 765
2
323 2 353
2
1300 2 1378
2
151 1 623
2
458 1 32
2
775 1 1303
2
745 1 381
2
39 1 243
2
1240 2 574
2
42 1 1066
2
1089 2 1236
2
1108 1 928
2
1264 1 595
2
944 2 857
2
709 1 726
2
583 1 922
2
271 1 1333
2
568 1 1011
2
52 1 243
2
66 2 577
2
338 1 683
2
359 2 460
2
586 1 616
2
701 2 672
2
982 1 1081
2
815 1 1189
2
107 1 294
2
441 2 80
2
200 4 776
2
33 1 993
2
918 1 261
2
189 2 134
2
1261 1 1045
2
441 2 301
2
269 4 1296
2
546 2 457
2
1221 1 869
2
1228 2 755
2
10 1 1157
2
995 1 1159
2
923 2 1150
2
114 1 1226
2
192 1 1365
2
253 1 151
2
852 2 548
2
915 1 1152
2
303 1 292
2
623 1 75
2
917 2 250
2
378 1 1386
2
308 1 1092
2
542 1 1176
2
986 1 266
2
886 1 401
2
714 1 558
2
838 2 519
2
1252 1 526
2
949 1 172
2
366 4 423
2
51 1 439
2
1051 1 331
2
1260 1 4
2
19 2 1116
2
1246 2 726
2
240 2 403
2
479 1 676
2
437 1 836
2
1030 1 193
2
257 2 477
2
1368 1 772
2
831 1 1218
2
1308 2 977
2
842 2 287
2
95 1 1143
2
1109 1 843
2
1069 1 17
2
272 1 435
2
983 1 1033
2
1060 2 759
2
1269 1 1119
2
1231 2 1300
2
656 1 230
2
1362 1 68
2
1339 1 914
2
360 1 1134
2
1296 4 252
2
34 2 357
2
495 1 288
2
1304 2 548
2
539 1 130
2
559 1 739
2
208 2 333
2
546 1 772
2
1065 1 713
2
1201 1 964
2
338 4 533
2
1259 1 87
2
62 1 999
2
909 1 1040
2
809 4 686
2
431 2 8
2
139 1 600
2
487 2 1310
2
152 1 254
2
506 1 193
2
1045 4 1296
2
211 4 1387
2
632 6 425
2
535 2 76
2
1059 1 601
2
202 1 1244
2
1080 1 698
2
543 1 819
2
824 1 802
2
754 1 1264
2
610 1 966
2
709 7 280
2
771 1 1229
2
459 1 728
2
100 1 709
2
1034 2 231
2
212 2 449
2
681 2 543
2
27 1 856
2
1321 2 870
2
581 1 1380
2
354 1 271
2
1251 1 483
2
39 2 697
2
1382 1 1280
2
1230 2 952
2
674 1 1373
2
963 4 1296
2
1033 1 545
2
998 1 422
2
477 4 979
2
1332 1 307
2
606 1 526
2
322 1 1267
2
992 1 349
2
1248 1 621
2
1190 1 1144
2
1217 1 1049
2
1107 1 311
2
145 1 378
2
251 4 1218
2
444 2 410
2
226 1 826
2
55 2 990
2
1252 2 913
2
563 1 607
2
455 2 1160
2
8 2 1094
2
1150 1 81
2
900 1 286
2
1042 1 642
2
647 3 182
2
81 1 894
2
689 1 1095
2
1069 4 1056
2
979 4 1050
2
301 1 1075
2
975 2 181
2
290 1 942
2
354 1 75
2
567 1 586
2
34 2 54
2
18 2 639
2
45 2 17
2
1287 6 668
2
533 2 1341
2
251 2 741
2
762 1 243
2
614 1 278
2
1150 1 1133
2
403 2 1342
2
233 4 1300
2
1114 1 911
2
820 1 322
2
1249 4 1110
2
481 2 404
2
381 1 20
2
932 2 1141
2
849 1 845
2
1175 2 275
2
601 4 1328
2
577 2 105
2
1005 2 533
2
1004 2 860
2
22 1 108
2
506 1 625
2
209 1 888
2
260 2 1242
2
128 1 621
2
625 1 816
2
495 1 291
2
936 1 967
2
359 2 372
2
1324 2 1039
2
1369 2 750
2
28 2 950
2
1308 1 50
2
1185 2 1324
2
708 2 1217
2
1134 1 375
2
979 4 1091
2
386 1 1018
2
741 2 1181
2
1039 1 880
2
158 1 786
2
1320 2 821
2
629 1 792
2
68 1 458
2
129 1 1226
2
251 2 1230
2
347 2 343
2
531 1 922
2
155 1 100
2
994 1 1007
2
497 1 1326
2
834 1 1120
2
552 2 1298
2
239 2 841
2
187 1 1208
2
1008 2 717
2
645 1 30
2
1255 1 439
2
1301 2 1016
2
987 1 311
2
1327 2 179
2
229 1 750
2
307 2 509
2
815 1 753
2
998 1 161
2
69 4 408
2
1204 1 621
2
410 2 975
2
1083 2 536
2
123 1 482
2
429 1 933
2
144 1 1272
2
894 4 736
2
365 4 1296
2
1338 2 639
2
44 1 978
2
521 1 164
2
542 1 41
2
412 2 860
2
442 2 780
2
984 1 1059
2
621 1 1193
2
604 1 185
2
239 4 374
2
1215 1 1084
2
845 2 1136
2
1185 1 1311
2
1102 1 393
2
293 4 870
2
986 1 524
2
731 1 921
2
787 1 538
2
1289 2 199
2
553 2 83
2
627 2 892
2
1086 1 865
2
1320 2 516
2
1008 2 41
2
992 1 635
2
441 2 1301
2
1372 1 753
2
1203 1 1281
2
1261 2 1003
2
1322 1 503
2
1369 2 422
2
852 2 517
2
775 1 618
2
682 1 543
2
865 1 1002
2
912 2 82
2
274 2 760
2
94 1 430
2
359 2 769
2
1110 2 733
2
1096 1 1169
2
1319 1 305
2
1284 2 82
2
630 2 930
2
215 1 791
2
896 2 1100
2
1262 2 688
2
1267 1 1076
2
508 4 554
2
497 1 1268
2
51 4 113
2
1358 1 1238
2
939 1 1019
2
470 2 924
2
610 5 1044
2
1291 2 416
2
595 1 255
2
1078 1 115
2
488 1 304
2
1095 2 462
2
374 4 19
2
1337 1 191
2
752 1 904
2
677 2 1340
2
960 2 28
2
35 1 1204
2
48 1 1277
2
303 1 313
2
553 1 135
2
661 1 15
2
716 2 1239
2
1142 2 1257
2
1044 4 691
2
1248 1 1163
2
682 1 1321
2
1176 1 142
2
839 4 917
2
1219 1 990
2
1190 2 780
2
472 1 299
2
892 2 188
2
757 2 1369
2
396 1 250
2
272 1 931
2
760 2 332
2
118 2 651
2
68 4 424
2
728 1 667
2
674 2 1016
2
809 2 742
2
229 1 173
2
509 2 1048
2
360 1 868
2
788 1 62
2
86 4 768
2
366 2 407
2
850 1 363
2
1141 1 233
2
202 1 40
2
1099 1 1100
2
449 1 900
2
854 1 452
2
26 4 6
2
648 2 365
2
239 2 68
2
277 2 546
2
680 1 24
2
1029 1 354
2
1369 2 708
2
1255 1 378
2
184 2 1175
2
71 1 1237
2
992 1 1166
2
384 1 149
2
1248 2 1136
2
1272 1 1132
2
102 2 564
2
47 2 372
2
996 1 467
2
436 1 502
2
1218 1 793
2
389 1 678
2
817 1 1150
2
669 2 23
2
928 1 62
2
379 1 721
2
1124 1 92
2
472 1 468
2
551 6 676
2
1353 4 371
2
1194 1 1130
2
919 1 267
2
1070 1 653
2
1221 1 1302
2
1265 1 305
2
726 1 1319
2
625 1 129
2
425 2 160
2
481 2 925
2
880 1 109
2
161 1 545
2
726 1 332
2
1049 1 1277
2
1370 2 923
2
216 1 27
2
866 1 843
2
18 2 16
2
1194 1 944
2
636 1 1135
2
1177 1 804
2
1215 1 301
2
412 2 946
2
848 1 694
2
870 2 1060
2
890 1 643
2
1107 1 391
2
344 1 373
2
845 2 669
2
431 1 593
2
915 1 148
2
1291 2 1061
2
666 1 717
2
962 2 146
2
800 1 1209
2
1113 1 599
2
1083 1 361
2
968 2 993
2
169 1 276
2
586 1 543
2
1317 1 772
2
224 1 1224
2
602 2 1341
2
1249 6 202
2
393 1 466
2
247 2 55
2
373 1 659
2
507 2 636
2
428 1 1337
2
622 2 403
2
472 1 248
2
645 2 82
2
322 1 415
2
453 1 587
2
191 1 1272
2
237 2 618
2
353 4 60
2
605 2 1376
2
1182 6 1353
2
655 2 1318
2
877 2 347
2
1277 4 450
2
422 1 1123
2
1157 1 393
2
157 1 876
2
54 1 381
2
1154 2 1248
2
1166 1 1363
2
1277 1 1030
2
795 1 1350
2
360 1 100
2
500 1 1281
2
151 1 1188
2
331 1 644
2
550 1 294
2
272 1 151
2
566 2 213
2
199 2 594
2
438 1 888
2
892 1 1356
2
489 2 450
2
519 4 1056
2
1052 1 88
2
846 2 66
2
774 1 101
2
799 4 182
2
706 2 83
2
1331 4 19
2
779 1 142
2
364 2 300
2
580 4 1376
2
1156 1 46
2
45 2 1229
2
275 1 356
2
697 2 1007
2
1224 2 1320
2
102 2 1310
2
1074 1 1137
2
116 4 1335
2
733 7 1350
2
1365 1 1260
2
204 2 969
2
1180 1 273
2
868 4 1360
2
1118 1 51
2
1118 1 1141
2
912 4 798
2
482 1 493
2
627 2 492
2
1128 2 759
2
1206 1 1309
2
277 2 1209
2
663 4 338
2
461 2 446
2
1324 2 662
2
5 1 601
2
228 1 728
2
253 1 6
2
75 7 560
2
953 2 1153
2
60 4 372
2
1014 1 1378
2
1045 2 1154
2
1124 2 212
2
697 2 403
2
385 1 1263
2
1095 1 1156
2
704 2 696
2
469 1 1107
2
326 2 1276
2
821 1 891
2
576 2 1101
2
498 1 109
2
1248 1 21
2
129 1 747
2
1125 1 176
2
1290 6 189
2
165 1 1219
2
1058 1 589
2
1162 1 587
2
794 2 1342
2
379 2 377
2
246 1 836
2
27 1 370
2
585 4 712
2
807 1 731
2
772 1 185
2
1233 1 340
2
918 1 1238
2
489 1 643
2
436 1 767
2
624 1 1362
2
414 2 1008
2
270 1 556
2
1298 2 938
2
1229 1 777
2
941 1 357
2
635 1 99
2
421 2 917
2
478 1 206
2
641 1 774
2
241 2 158
2
537 2 327
2
843 1 190
2
1315 2 782
2
733 2 859
2
62 4 962
2
722 2 376
2
488 1 393
2
302 2 717
2
299 2 353
2
104 4 956
2
203 4 1240
2
788 1 832
2
692 1 714
2
1192 1 408
2
1022 1 1204
2
1367 2 171
2
1195 2 809
2
1338 1 298
2
327 2 651
2
5 1 312
2
573 1 647
2
1196 2 1316
2
1386 1 18
2
1307 2 232
2
1065 1 534
2
924 2 1099
2
189 2 242
2
1286 1 624
2
674 1 926
2
1322 1 512
2
260 2 1058
2
287 2 145
2
618 7 560
2
245 7 498
2
1283 1 62
2
84 1 1014
2
747 1 644
2
840 2 620
2
637 1 670
2
1158 1 1059
2
1122 4 310
2
744 2 761
2
945 2 1068
2
142 2 899
2
85 2 380
2
979 4 1300
2
747 1 1200
2
970 1 312
2
681 2 1324
2
275 2 977
2
905 1 616
2
520 1 313
2
865 1 151
2
1239 1 638
2
316 1 101
2
671 1 775
2
1106 2 1162
2
848 1 76
2
223 1 618
2
382 1 432
2
1247 1 608
2
878 1 352
2
1301 1 1268
2
867 1 571
2
827 1 27
2
131 1 354
2
623 1 243
2
121 1 51
2
60 4 147
2
1221 2 181
2
273 2 962
2
443 2 265
2
726 1 820
2
720 1 967
2
703 1 647
2
53 2 590
2
257 1 84
2
241 2 529
2
340 1 684
2
1332 2 681
2
342 1 1064
2
1041 4 509
2
1247 1 893
2
669 2 334
2
1140 4 503
2
389 4 26
2
159 1 1217
2
1105 2 574
2
159 1 1338
2
1282 2 822
2
926 1 1192
2
702 1 174
2
489 1 546
2
1226 1 563
2
580 4 1048
2
725 2 43
2
698 1 1127
2
1340 2 1341
2
530 1 356
2
1092 1 363
2
1021 1 207
2
1262 2 1310
2
1324 2 370
2
1314 1 191
2
142 6 1097
2
1127 1 1021
2
797 2 672
2
903 1 549
2
664 1 1293
2
304 1 1382
2
395 1 739
2
918 1 164
2
1095 2 251
2
1164 2 985
2
360 1 1314
2
423 4 80
2
1118 1 1009
2
85 2 1087
2
131 1 1144
2
67 2 1025
2
1370 2 343
2
174 1 1114
2
922 1 642
2
218 1 610
2
849 1 458
2
522 1 783
2
951 1 980
2
750 2 708
2
546 2 127
2
119 1 691
2
620 1 1187
2
983 2 1257
2
784 1 1072
2
273 2 544
2
1367 1 702
2
702 1 95
2
1317 1 323
2
381 2 441
2
83 2 1026
2
787 1 781
2
963 1 724
2
401 1 860
2
608 2 346
2
473 2 760
2
1323 4 424
2
256 1 95
2
573 1 378
2
296 4 1254
2
1095 1 447
2
1332 1 707
2
157 2 328
2
721 2 889
2
817 2 64
2
1327 2 1317
2
1258 2 235
2
1184 1 179
2
1002 1 1156
2
542 1 575
2
663 4 445
2
985 1 128
2
923 2 511
2
100 1 179
2
33 1 777
2
844 4 248
2
925 1 486
2
452 1 954
2
1365 2 1366
2
76 1 295
2
1129 1 298
2
326 1 1319
2
572 4 1056
2
100 2 1089
2
1056 4 1088
2
745 2 407
2
347 2 1030
2
1021 1 57
2
97 1 128
2
931 1 482
2
197 1 607
2
548 2 1193
2
993 2 1023
2
981 1 384
2
207 1 30
2
995 6 561
2
170 1 787
2
1312 2 376
2
1160 1 513
2
828 4 50
2
1045 1 986
2
1102 1 611
2
599 1 356
2
400 1 1322
2
534 1 262
2
283 1 1349
2
1186 1 254
2
1054 6 820
2
606 1 179
2
685 2 916
2
566 1 31
2
1279 2 578
2
335 1 1229
2
1179 1 1102
2
808 7 391
2
1246 2 1068
2
1126 1 994
2
1040 1 215
2
999 1 216
2
1233 1 331
2
1175 2 417
2
1258 2 1200
2
93 1 1234
2
636 1 662
2
1152 1 1221
2
1253 1 903
2
8 4 926
2
10 1 36
2
935 1 950
2
615 4 611
2
331 2 1089
2
998 1 135
2
1217 2 889
2
752 1 1203
2
279 1 1260
2
700 1 114
2
808 7 1292
2
216 1 478
2
1267 1 800
2
1114 1 257
2
765 1 281
2
1129 2 1371
2
33 1 806
2
1111 2 466
2
803 1 1317
2
347 2 512
2
805 2 594
2
1079 2 346
2
454 2 741
2
373 1 378
2
203 4 111
2
568 1 1326
2
453 1 988
2
140 1 305
2
249 1 941
2
352 1 166
2
856 1 702
2
451 1 878
2
188 2 453
2
749 2 662
2
369 1 1344
2
954 1 556
2
597 2 1263
2
73 2 940
2
389 1 954
2
362 1 482
2
171 2 561
2
517 2 1240
2
1359 1 1087
2
1120 1 342
2
114 1 866
2
561 2 713
2
148 1 355
2
1162 1 511
2
383 2 335
2
349 1 51
2
573 2 577
2
625 1 317
2
6 1 1122
2
825 1 209
2
560 7 545
2
218 1 612
2
542 1 963
2
939 1 317
2
596 1 108
2
1242 1 1343
2
811 1 1287
2
1125 1 303
2
1063 1 539
2
1253 1 638
2
721 2 1016
2
411 2 749
2
562 1 40
2
709 2 16
2
411 1 1113
2
1255 1 1119
2
79 1 1386
2
650 1 1086
2
59 1 1065
2
1278 1 255
2
636 1 263
2
1307 2 742
2
206 1 1226
2
1026 1 255
2
278 1 252
2
198 1 664
2
1275 1 268
2
740 2 536
2
1284 4 829
2
1256 1 191
2
1044 2 1323
2
2 2 259
2
894 1 869
2
837 1 1222
2
709 2 857
2
322 2 1101
2
796 4 330
2
1187 1 887
2
665 1 120
2
344 1 909
2
172 1 40
2
415 1 963
2
557 1 1359
2
560 7 219
2
1 1 508
2
496 1 815
2
1185 1 1376
2
1174 2 282
2
1277 1 1285
2
437 2 111
2
41 2 8
2
954 1 379
2
516 7 280
2
282 2 83
2
1021 1 596
2
613 2 1010
2
723 2 391
2
128 1 794
2
1038 2 878
2
757 1 874
2
231 1 497
2
65 1 1199
2
1242 1 1252
2
1243 2 574
2
1132 1 286
2
1074 1 794
2
96 1 391
2
1154 4 309
2
163 1 1190
2
719 2 177
2
463 2 1096
2
255 1 652
2
188 2 1003
2
1029 2 841
2
584 6 271
2
204 2 351
2
1141 1 68
2
619 1 1275
2
32 1 1212
2
134 1 172
2
1108 1 147
2
11 1 1332
2
178 7 1028
2
716 2 535
2
1107 1 883
2
5 1 192
2
192 1 40
2
603 2 368
2
494 1 299
2
69 4 1258
2
348 4 780
2
589 4 74
2
101 1 703
2
295 2 536
2
1094 2 801
2
471 1 448
2
1378 1 576
2
859 1 173
2
753 4 427
2
1384 1 195
2
929 1 850
2
211 2 400
2
1071 1 498
2
1326 1 451
2
1053 1 228
2
421 4 937
2
803 1 667
2
314 1 866
2
42 1 414
2
254 1 790
2
846 2 462
2
851 1 643
2
15 1 1173
2
331 1 611
2
758 2 73
2
100 1 339
2
225 1 522
2
252 2 1348
2
449 1 614
2
478 1 868
2
468 4 1240
2
1294 2 841
2
898 1 478
2
100 1 331
2
169 1 236
2
765 2 723
2
298 1 1146
2
823 1 740
2
817 1 18
2
970 1 1214
2
53 2 45
2
175 1 56
2
628 1 197
2
1014 1 1036
2
1203 1 479
2
833 1 905
2
708 2 655
2
1044 2 541
2
255 1 289
2
235 1 601
2
851 1 933
2
765 2 420
2
485 1 1055
2
699 2 930
2
1278 1 1045
2
1317 1 415
2
120 2 1136
2
544 2 1257
2
61 1 1176
2
438 1 305
2
735 3 1165
2
1313 1 781
2
771 1 871
2
412 2 512
2
346 2 97
2
581 2 603
2
854 1 993
2
917 2 140
2
124 2 1149
2
1284 2 806
2
1285 2 162
2
658 2 1027
2
505 1 948
2
1107 4 738
2
909 1 1375
2
463 2 1042
2
223 1 965
2
244 1 1330
2
614 2 551
2
76 2 441
2
1216 2 1018
2
1046 6 1216
2
89 1 1368
2
449 1 31
2
876 4 1352
2
1048 2 1310
2
412 2 913
2
923 2 555
2
367 1 859
2
304 1 160
2
846 2 1260
2
541 2 1370
2
1169 1 910
2
1296 4 1217
2
109 2 1316
2
861 4 1298
2
417 1 1157
2
122 4 423
2
151 2 264
2
221 2 260
2
1300 2 1151
2
533 6 1283
2
1048 2 79
2
604 2 805
2
648 2 188
2
547 1 1213
2
1098 1 94
2
1281 1 894
2
533 2 1264
2
1346 4 947
2
587 2 1231
2
1343 1 961
2
1054 6 1350
2
716 2 981
2
1300 2 708
2
338 1 1047
2
541 1 944
2
752 2 605
2
90 1 1082
2
897 2 1355
2
684 1 774
2
1375 1 452
2
255 2 648
2
1054 4 1223
2
1114 1 1170
2
1225 1 151
2
1285 2 597
2
940 4 580
2
881 1 865
2
235 1 281
2
200 1 39
2
657 1 604
2
936 1 781
2
473 1 109
2
1167 2 96
2
187 2 838
2
687 1 691
2
1179 2 251
2
1043 1 142
2
87 1 1382
2
603 2 858
2
939 4 1370
2
638 1 1063
2
311 1 454
2
262 1 1156
2
883 1 940
2
1301 1 21
2
551 2 1358
2
1286 1 356
2
1084 1 307
2
1290 1 1269
2
345 1 401
2
239 2 1209
2
516 1 928
2
361 1 951
2
1360 4 606
2
693 1 942
2
869 1 404
2
996 1 732
2
1210 4 1358
2
565 1 1083
2
617 2 148
2
806 1 498
2
510 2 174
2
1215 1 513
2
1300 2 241
2
427 4 663
2
799 2 127
2
816 1 303
2
947 4 120
2
1232 1 1309
2
715 2 1123
2
1122 1 1302
2
518 2 781
2
1379 1 51
2
804 1 494
2
782 1 466
2
1198 1 128
2
1387 1 1163
2
487 2 768
2
1276 2 1101
2
1274 2 556
2
1041 4 938
2
444 1 314
2
1116 4 1233
2
1019 2 1154
2
997 2 199
2
358 4 945
2
162 4 288
2
177 1 478
2
135 1 367
2
1380 1 342
2
1299 1 729
2
195 1 908
2
92 1 1052
2
205 1 1265
2
195 1 370
2
1109 1 677
2
1044 2 379
2
805 4 51
2
316 1 602
2
1299 1 286
2
340 1 1377
2
92 1 848
2
1070 1 1304
2
141 1 985
2
24 4 648
2
117 2 450
2
374 6 737
2
1074 5 481
2
244 1 451
2
237 2 1117
2
1356 1 1218
2
140 1 6
2
1047 4 956
2
437 1 984
2
223 2 1228
2
963 1 1095
2
316 1 568
2
720 2 533
2
474 4 424
2
1257 2 144
2
543 1 935
2
42 1 293
2
427 2 904
2
876 4 1355
2
1286 1 1186
2
1002 1 732
2
1365 1 226
2
1050 4 1056
2
444 1 498
2
122 1 350
2
1034 2 612
2
573 1 604
2
598 2 518
2
985 1 134
2
400 1 1363
2
734 1 297
2
842 5 956
2
1343 1 632
2
1219 1 142
2
1288 1 1238
2
349 1 628
2
1016 2 677
2
1079 1 813
2
822 2 581
2
177 1 1387
2
792 2 455
2
1165 1 339
2
1245 1 390
2
687 1 1020
2
906 1 369
2
1075 1 818
2
327 2 150
2
1063 2 962
2
819 1 391
2
161 2 117
2
887 1 314
2
1148 2 639
2
343 1 898
2
1141 1 39
2
1364 2 690
2
787 2 1300
2
1386 1 1350
2
910 1 1006
2
734 6 1154
2
1160 1 552
2
644 1 643
2
122 2 427
2
442 1 367
2
153 4 391
2
745 1 1152
2
1079 1 682
2
1004 2 95
2
807 2 425
2
1127 7 584
2
487 1 969
2
769 1 495
2
211 2 212
2
53 2 1025
2
348 1 390
2
1175 2 588
2
326 2 2
2
51 1 1009
2
1339 1 971
2
655 2 376
2
23 1 1266
2
675 1 128
2
1175 2 114
2
1283 1 606
2
382 1 317
2
442 1 666
2
253 2 544
2
414 2 518
2
683 4 639
2
341 2 23
2
571 1 3
2
471 2 535
2
357 1 1314
2
1043 1 294
2
678 2 1371
2
970 1 3
2
851 1 1194
2
1330 1 440
2
199 2 266
2
1230 2 588
2
1344 1 52
2
77 1 579
2
1094 1 66
2
627 2 903
2
482 1 996
2
612 1 177
2
1203 1 1359
2
721 1 752
2
359 2 990
2
961 1 271
2
190 1 1379
2
923 2 480
2
1207 2 375
2
32 2 441
2
375 2 67
2
364 2 1382
2
365 1 249
2
573 1 1158
2
621 1 100
2
1348 2 1214
2
103 2 1136
2
274 1 338
2
166 1 645
2
207 1 1295
2
34 2 900
2
708 2 1278
2
182 4 336
2
1097 6 385
2
566 1 1263
2
436 1 1205
2
977 2 228
2
932 4 933
2
164 6 1340
2
169 2 1318
2
164 6 1174
2
1033 1 406
2
466 2 484
2
383 2 1304
2
997 1 1200
2
894 1 473
2
31 1 1100
2
970 1 89
2
741 4 663
2
372 4 485
2
1008 2 766
2
602 1 57
2
625 1 1132
2
1268 4 372
2
476 1 1264
2
249 1 126
2
1190 1 1377
2
539 2 962
2
696 2 437
2
28 2 902
2
778 6 1210
2
1221 1 890
2
877 1 608
2
661 1 1373
2
222 1 618
2
1275 1 469
2
205 1 914
2
852 2 1174
2
1164 2 704
2
1010 1 777
2
1246 2 918
2
892 1 1061
2
296 2 731
2
585 2 558
2
400 1 303
2
179 2 1101
2
1190 2 858
2
746 6 1347
2
1329 1 442
2
688 1 1013
2
597 2 951
2
555 1 1215
2
541 1 1020
2
197 1 1031
2
970 1 878
2
867 1 491
2
966 4 738
2
780 2 410
2
544 2 339
2
1340 2 908
2
629 1 596
2
1219 1 1022
2
1040 1 837
2
831 1 643
2
453 1 717
2
893 1 170
2
592 4 333
2
1051 4 979
2
496 1 995
2
1024 1 4
2
1351 1 964
2
46 1 402
2
891 1 76
2
318 1 919
2
216 1 1076
2
271 2 1352
2
1081 1 591
2
1145 1 1188
2
613 4 1183
2
462 2 1064
2
114 2 1167
2
1047 1 392
2
861 1 514
2
168 1 1123
2
881 1 835
2
660 1 1223
2
925 1 720
2
1122 4 917
2
287 2 1064
2
1019 6 1097
2
245 4 907
2
602 1 877
2
162 2 1151
2
779 1 665
2
82 2 889
2
984 1 568
2
644 1 440
2
372 2 46
2
422 4 839
2
1069 1 700
2
840 2 1070
2
1369 2 464
2
845 1 765
2
909 1 702
2
50 4 1340
2
167 1 47
2
538 1 683
2
1142 2 188
2
252 1 791
2
1125 2 1111
2
85 2 892
2
59 1 308
2
471 1 555
2
1163 2 1151
2
859 1 1195
2
1114 1 1076
2
946 1 318
2
464 1 129
2
833 1 402
2
112 1 157
2
316 2 227
2
1019 1 363
2
25 2 617
2
1180 1 1337
2
765 1 1194
2
837 2 527
2
559 1 581
2
1217 1 1290
2
376 2 872
2
335 1 110
2
368 3 1081
2
624 2 590
2
254 4 738
2
975 2 705
2
1102 2 1038
2
278 2 111
2
289 1 132
2
275 1 449
2
1309 1 25
2
500 1 286
2
276 1 867
2
684 1 1000
2
204 2 868
2
956 4 83
2
1310 2 403
2
77 1 861
2
1210 4 1050
2
43 2 222
2
10 2 321
2
1340 2 394
2
920 1 501
2
476 1 939
2
648 2 1257
2
84 1 646
2
366 1 303
2
1002 1 498
2
923 2 458
2
756 1 289
2
878 1 1036
2
45 2 20
2
379 1 51
2
45 2 47
2
38 1 1379
2
832 2 484
2
642 2 470
2
381 1 799
2
1326 2 265
2
499 2 847
2
1261 1 530
2
483 1 918
2
1085 1 106
2
950 1 516
2
36 1 547
2
1325 2 422
2
428 1 731
2
865 1 742
2
1267 1 941
2
428 1 530
2
1314 7 808
2
1290 1 673
2
668 6 1295
2
1095 1 884
2
1351 5 755
2
1002 1 105
2
1273 2 674
2
1249 4 23
2
548 2 98
2
685 2 151
2
721 1 783
2
106 1 1212
2
309 1 53
2
943 1 456
2
426 1 238
2
1270 2 853
2
676 4 1370
2
322 1 790
2
102 2 297
2
230 1 267
2
1069 2 578
2
64 2 739
2
527 12 249
2
1165 4 387
2
1291 2 954
2
974 2 831
2
472 1 91
2
140 2 264
2
712 1 394
2
928 1 149
2
658 1 393
2
1358 2 102
2
1274 2 1316
2
969 1 1292
2
636 1 161
2
76 2 34
2
1121 1 496
2
764 2 362
2
1331 1 1311
2
892 1 394
2
187 1 885
2
1281 1 1123
2
408 1 886
2
983 1 150
2
1081 1 833
2
1136 2 998
2
1347 1 88
2
386 1 4
2
339 1 1080
2
1130 4 70
2
708 2 363
2
206 7 808
2
723 2 317
2
224 1 226
2
772 1 988
2
881 1 1282
2
1286 1 99
2
381 2 1352
2
310 4 568
2
929 1 146
2
620 2 1167
2
1072 1 955
2
980 1 187
2
776 2 324
2
990 1 39
2
553 1 355
2
681 2 906
2
307 1 1017
2
835 1 576
2
1035 1 498
2
1023 2 403
2
228 1 762
2
951 1 1288
2
578 2 825
2
1068 1 1064
2
553 1 72
2
1379 1 101
2
1099 2 1101
2
683 1 325
2
376 2 1264
2
858 2 430
2
198 2 1318
2
1170 1 1102
2
944 2 723
2
1051 1 543
2
416 1 728
2
341 2 195
2
1115 4 1051
2
798 4 208
2
890 1 1000
2
379 1 502
2
1323 1 1313
2
1268 4 1320
2
615 2 912
2
1065 1 226
2
357 1 404
2
375 1 754
2
1142 1 1062
2
10 1 1000
2
1304 2 341
2
81 1 545
2
767 1 933
2
199 2 600
2
129 1 59
2
12 1 789
2
1346 2 518
2
244 1 1362
2
654 1 72
2
1194 1 1241
2
180 1 136
2
32 1 700
2
995 1 452
2
882 1 178
2
862 1 332
2
1126 1 1384
2
1366 2 489
2
700 1 655
2
769 1 1271
2
1288 1 950
2
739 1 691
2
1308 1 926
2
734 1 431
2
309 1 1308
2
626 1 9
2
116 5 61
2
355 1 366
2
603 2 884
2
695 1 1085
2
285 2 890
2
314 1 888
2
1157 1 284
2
1122 4 615
2
1351 4 285
2
713 1 151
2
1109 2 873
2
935 1 115
2
1265 4 648
2
1012 2 940
2
745 1 495
2
742 1 497
2
77 1 942
2
579 1 126
2
809 2 787
2
189 4 423
2
751 2 296
2
77 1 1058
2
1185 2 211
2
59 1 707
2
872 1 1218
2
527 2 776
2
1361 4 641
2
538 4 227
2
1347 1 418
2
643 1 1064
2
870 2 21
2
866 1 478
2
677 1 821
2
580 4 450
2
694 1 1202
2
378 2 1276
2
662 1 1319
2
774 1 92
2
883 1 1104
2
390 1 485
2
840 4 219
2
120 2 368
2
483 1 552
2
802 2 577
2
441 2 536
2
864 4 1296
2
478 1 1245
2
1163 1 662
2
44 1 680
2
1327 6 1053
2
473 1 430
2
1064 1 429
2
1105 2 265
2
1335 2 372
2
917 2 1072
2
102 2 1298
2
1018 1 837
2
1310 3 149
2
191 1 1031
2
460 2 1306
2
278 1 1021
2
574 2 1328
2
1189 2 64
2
382 1 1005
2
417 1 620
2
1155 1 1245
2
1125 1 303
2
1272 4 70
2
448 4 889
2
914 1 106
2
659 1 989
2
1146 1 751
2
581 2 617
2
976 1 9
2
56 2 376
2
880 1 1238
2
234 2 281
2
588 2 199
2
1235 2 1167
2
1280 1 621
2
564 2 776
2
712 1 614
2
999 1 249
2
449 1 583
2
818 1 1367
2
576 2 245
2
1116 2 1026
2
289 1 1079
2
331 1 499
2
1209 2 930
2
578 4 964
2
879 2 1034
2
1028 6 491
2
1158 1 972
2
599 1 185
2
144 2 535
2
938 2 346
2
217 2 1105
2
51 1 710
2
372 2 1209
2
990 1 926
2
89 2 55
2
1072 1 737
2
373 1 177
2
1036 1 471
2
447 1 365
2
1248 1 861
2
131 7 1270
2
619 1 483
2
899 2 751
2
82 2 1258
2
270 1 656
2
857 2 1276
2
282 2 1089
2
96 1 619
2
915 1 314
2
332 1 345
2
518 2 1164
2
732 1 459
2
1149 1 65
2
880 2 613
2
925 2 923
2
865 6 1041
2
1360 7 1071
2
1187 6 510
2
950 1 849
2
262 1 782
2
1097 6 1253
2
138 1 480
2
1222 1 1254
2
455 2 141
2
809 2 1030
2
229 1 174
2
940 1 39
2
1119 1 623
2
328 2 207
2
1266 1 665
2
1050 5 1028
2
202 2 347
2
48 1 1013
2
997 1 1046
2
896 4 1272
2
1062 4 74
2
1157 2 327
2
644 1 186
2
64 2 147
2
1150 1 877
2
559 4 1153
2
407 2 730
2
736 2 6
2
886 1 935
2
1385 4 991
2
856 1 324
2
129 1 135
2
1372 1 744
2
802 1 404
2
471 1 216
2
1165 1 123
2
1218 1 409
2
441 2 1026
2
805 2 45
2
745 1 78
2
512 1 703
2
591 1 1031
2
487 2 627
2
964 6 55
2
58 1 645
2
738 4 870
2
767 4 597
2
935 4 247
2
284 1 513
2
7 1 352
2
873 2 997
2
1130 1 1376
2
1314 1 320
2
1050 1 1072
2
1321 1 670
2
496 1 702
2
628 1 568
2
1131 2 187
2
229 1 1074
2
1085 1 591
2
36 4 840
2
70 2 565
2
946 1 158
2
883 1 784
2
198 1 115
2
865 2 111
2
1347 1 198
2
1140 4 725
2
807 1 316
2
867 1 891
2
1248 1 871
2
1082 1 1380
2
927 1 196
2
501 4 1310
2
356 2 359
2
1361 2 305
2
1349 1 1283
2
242 2 1018
2
705 2 117
2
727 1 398
2
83 2 237
2
1350 1 209
2
329 1 547
2
273 1 128
2
962 2 287
2
95 1 313
2
66 2 1231
2
757 1 309
2
1080 1 927
2
706 1 971
2
106 1 172
2
809 2 285
2
834 1 78
2
1385 1 637
2
788 1 660
2
279 1 770
2
1027 2 514
2
1243 7 288
2
477 2 43
2
381 2 1110
2
272 1 158
2
315 1 448
2
1136 2 722
2
1368 1 418
2
931 1 651
2
187 1 555
2
574 2 1361
2
352 1 320
2
1260 2 171
2
1210 6 64
2
694 1 313
2
1126 1 1090
2
1007 1 1278
2
933 4 425
2
1066 1 25
2
1195 1 498
2
305 1 235
2
903 4 828
2
368 2 35
2
581 1 1026
2
225 4 372
2
72 1 820
2
13 1 689
2
614 1 633
2
1216 2 57
2
330 2 214
2
614 2 327
2
627 2 1063
2
1061 1 22
2
1255 1 891
2
669 6 995
2
606 1 316
2
927 1 777
2
484 2 932
2
1297 1 642
2
7 1 164
2
694 2 242
2
1126 2 1110
2
1114 1 406
2
493 1 61
2
751 1 1081
2
826 1 36
2
1018 1 511
2
914 1 1314
2
1080 1 747
2
42 1 834
2
698 1 682
2
1012 2 1137
2
1062 1 352
2
871 1 301
2
335 1 773
2
948 2 1008
2
1092 1 14
2
125 1 158
2
558 2 690
2
1368 1 316
2
314 7 808
2
1211 1 1078
2
1142 1 1144
2
1059 1 992
2
562 1 982
2
387 2 544
2
566 1 1139
2
846 4 272
2
852 1 717
2
1084 1 829
2
223 1 800
2
979 4 1141
2
650 2 975
2
678 1 1127
2
71 1 777
2
326 1 1169
2
145 4 182
2
309 4 1054
2
1240 4 1043
2
475 1 641
2
239 2 1174
2
319 1 236
2
615 2 292
2
1139 1 1346
2
951 2 188
2
1207 2 1241
2
316 1 23
2
983 1 909
2
367 1 1080
2
957 2 1116
2
1135 1 222
2
543 1 397
2
1136 2 1321
2
990 1 291
2
1082 1 140
2
76 1 53
2
1088 1 129
2
86 1 823
2
1052 1 684
2
68 1 794
2
55 2 402
2
855 1 75
2
592 1 444
2
1038 2 1124
2
102 2 1382
2
717 1 1183
2
760 2 888
2
719 2 503
2
978 4 34
2
1046 6 1028
2
188 2 474
2
1211 2 590
2
63 4 798
2
779 1 93
2
591 7 640
2
485 1 541
2
858 2 185
2
666 1 860
2
13 1 728
2
384 2 551
2
1005 1 994
2
585 2 988
2
1099 5 1028
2
933 1 23
2
198 1 130
2
557 1 218
2
565 1 688
2
503 1 183
2
911 1 820
2
1129 1 990
2
1317 1 656
2
926 1 1045
2
622 2 1131
2
1095 1 594
2
31 1 1085
2
1072 2 70
2
863 1 494
2
63 1 680
2
677 1 86
2
185 1 1267
2
632 6 518
2
535 4 1249
2
1134 1 1098
2
85 2 627
2
1270 7 939
2
238 1 1234
2
1120 1 1121
2
529 1 208
2
942 1 573
2
1116 2 10
2
558 1 1047
2
251 2 80
2
552 1 756
2
1358 1 1223
2
393 1 488
2
348 1 921
2
91 1 132
2
879 1 1039
2
1206 1 1344
2
670 1 257
2
842 2 674
2
541 1 787
2
267 1 135
2
841 2 188
2
28 2 5
2
532 1 851
2
813 1 537
2
1016 4 1122
2
250 2 1258
2
918 1 1282
2
352 1 604
2
699 1 1204
2
41 2 838
2
1049 1 756
2
721 1 222
2
837 1 99
2
908 1 48
2
1094 1 1313
2
824 1 1236
2
323 2 341
2
979 6 1182
2
1267 1 1201
2
577 2 785
2
454 1 1026
2
879 1 732
2
78 2 1240
2
1184 1 1191
2
877 1 969
2
1072 1 125
2
517 2 278
2
839 4 963
2
226 1 992
2
854 3 465
2
1213 1 143
2
1274 2 237
2
1082 1 793
2
559 4 930
2
459 6 1015
2
520 1 661
2
503 4 69
2
1084 2 544
2
119 6 1298
2
177 1 558
2
1099 2 842
2
920 1 721
2
745 1 96
2
297 1 1146
2
31 1 995
2
447 1 885
2
1202 6 60
2
63 1 1172
2
132 1 587
2
1038 4 1017
2
843 1 782
2
20 1 351
2
485 1 989
2
519 1 442
2
482 1 61
