2
3181 1 8334
2
5164 5 5185
2
8327 4 111
2
5822 4 5011
2
3180 3 3439
2
2954 5 3679
2
2533 3 4753
2
6330 1 2848
2
2623 3 6642
2
3836 1 6587
2
6664 7 5036
2
4449 5 5251
2
1790 15 7758
2
7835 4 1667
2
3781 3 7934
2
4724 1 7656
2
1380 4 1598
2
2414 3 5532
2
6955 2 7939
2
1740 6 6332
2
5953 7 6775
2
5162 5 5266
2
3456 11 2217
2
6368 2 940
2
7024 3 1235
2
7199 3 7289
2
6144 1 7235
2
7612 4 2013
2
7202 4 4358
2
4313 3 5150
2
3972 4 8858
2
1297 3 5078
2
3264 1 7906
2
70 1 3532
2
4996 4 702
2
7102 1 8875
2
5152 3 1718
2
6931 3 760
2
8431 3 2138
2
7469 8 562
2
5871 4 6463
2
7030 5 8791
2
2723 2 4282
2
3511 3 2928
2
7657 6 1037
2
2604 4 3107
2
5722 4 307
2
2164 3 7737
2
3933 3 6401
2
461 3 1068
2
2766 4 2260
2
4447 4 6818
2
6650 3 1040
2
2592 4 6967
2
8253 4 8476
2
134 2 1157
2
4246 3 456
2
4118 3 3892
2
7917 3 8064
2
8546 4 4606
2
8313 3 2917
2
2816 3 8770
2
2528 4 8621
2
143 1 6745
2
188 3 706
2
903 5 7817
2
1184 3 5090
2
3384 3 1037
2
956 4 3847
2
3578 3 682
2
1679 3 5436
2
4988 4 5538
2
4308 3 4970
2
4999 4 5001
2
2198 4 2166
2
7042 2 3537
2
3520 1 1581
2
2729 4 1574
2
1525 2 5531
2
342 5 4415
2
7855 2 5831
2
3231 3 3813
2
7867 3 3644
2
5267 3 348
2
2537 6 6350
2
8327 4 8095
2
281 4 1523
2
5415 3 5533
2
6628 2 8559
2
1778 4 2893
2
4767 4 7253
2
2372 3 5923
2
5222 3 8907
2
5013 2 5728
2
4357 2 4228
2
5072 5 5354
2
7910 1 8783
2
1008 6 1606
2
5606 4 257
2
2860 4 8769
2
3000 3 553
2
7552 3 1006
2
6623 3 8544
2
4303 3 6168
2
2680 8 3399
2
915 4 4692
2
6895 2 4101
2
8574 3 8218
