2
132285 7 159046
2
88732 8 65117
2
98105 2 137978
2
125939 1 201548
2
159301 6 69923
2
43199 7 164444
2
94240 2 6548
2
2736 6 128442
2
123339 4 105900
2
201750 6 90664
2
127120 5 54004
2
74604 4 99176
2
120457 8 201483
2
9413 4 29533
2
48044 1 84704
2
119606 4 146004
2
175844 3 23892
2
30668 3 93121
2
111490 1 174520
2
78457 4 53367
2
7012 5 2059
2
181131 2 13308
2
189949 8 141870
2
179126 6 170432
2
195751 3 115137
2
9523 8 37069
2
57241 4 178511
2
63710 6 134363
2
121226 1 23709
2
44200 10 79493
2
168776 3 191986
2
58251 4 174745
2
74489 3 51439
2
99550 6 107002
2
59386 3 32840
3
97321 1 205023 2 35604
2
181765 2 193887
2
45061 3 105202
2
78052 5 23308
2
84681 6 80962
2
127519 1 7065
2
1984 6 190307
2
100302 2 74289
2
95963 4 203374
2
113424 6 173216
2
68886 4 51767
2
153727 6 100689
2
61468 2 122321
2
74202 1 133901
2
156034 1 73102
2
173013 1 155293
2
193671 6 27032
2
83507 2 193918
2
28399 6 82104
2
48594 5 127101
2
21893 2 146646
3
28452 1 205023 8 77970
2
17573 5 156518
2
77040 4 3454
2
84184 8 34981
2
132682 5 78259
2
126358 5 197785
2
126676 6 171026
2
155044 5 141911
2
88499 3 200534
2
99109 5 188656
2
201159 6 114003
2
156043 1 166579
2
82666 2 118186
2
66761 6 98098
3
87426 2 205023 1 110165
2
72179 4 190784
2
129322 6 196969
2
51355 2 64359
2
62384 3 151323
2
152606 5 172608
2
53845 2 68355
2
98331 2 153682
2
110724 3 145749
2
37816 1 112619
2
152258 1 79907
2
19015 2 9881
2
200598 1 180470
2
122508 1 195424
2
83019 6 195276
2
153230 6 10530
2
124005 2 199248
2
85016 4 119680
2
59072 2 83107
2
80102 4 109663
2
80250 2 98566
2
59390 4 112160
2
56087 3 27684
2
129326 2 20856
3
126929 7 205023 2 146822
2
125727 4 106383
2
59260 1 27074
2
94597 4 169534
2
43175 6 85443
2
145643 6 135557
2
189936 2 122977
2
135988 5 107722
2
54568 1 54305
2
151259 6 105646
2
193885 6 35410
2
181305 3 34829
2
186468 3 80127
2
166863 3 82489
2
139344 4 74106
2
131210 8 197717
2
86226 6 95142
2
112517 8 107567
2
97806 4 96091
2
11018 6 60037
2
197260 6 78615
2
76834 1 104343
2
151107 2 149582
2
89609 1 157549
2
78251 3 25834
2
75681 1 202210
2
118003 2 37170
2
27419 1 164856
2
84340 3 55605
2
118608 3 138981
2
56773 2 97005
2
70310 6 81813
2
74251 3 193683
2
116297 6 69838
2
141456 1 69778
2
80654 6 43052
2
17547 2 90097
2
64689 2 172157
2
95532 8 102647
2
106868 2 14489
2
199365 2 91660
2
198231 6 40368
3
15506 2 205027 3 130404
2
145742 6 69885
2
159220 3 1416
2
198353 2 35578
2
56459 6 198688
2
133046 6 149266
2
33736 6 98117
2
33792 3 136237
2
25282 5 76167
2
50447 6 73559
2
196481 2 199910
2
92315 8 147505
2
173252 1 193787
2
21960 4 70566
2
23776 1 68895
2
87318 3 135276
2
110258 2 126270
2
113984 2 122250
2
165540 6 110503
2
152321 4 143343
2
89729 5 172160
2
155806 6 141551
2
128188 2 159487
2
45134 1 140060
2
127994 3 53513
2
57914 5 184119
2
171195 6 154648
2
178130 2 60270
2
187838 2 192486
2
175153 2 131666
2
96411 6 197143
2
16235 6 72549
2
39380 3 7572
2
165154 4 52442
2
136216 4 73431
2
61781 6 92150
2
109221 6 73702
2
115164 5 143942
2
144858 4 51445
2
78081 4 41527
2
77859 2 186972
2
48525 1 88010
2
18056 2 25936
2
71738 6 196378
2
57437 3 160332
2
186148 1 31384
2
204384 4 52081
2
132136 6 97720
3
5998 4 205006 1 1713
2
121251 2 118213
2
103144 4 193571
2
186855 7 132972
2
191558 4 61015
2
16932 1 197978
2
170108 6 42986
2
3797 2 165824
2
203688 2 142977
2
42106 1 121989
2
13904 4 96572
2
63044 4 75289
2
40789 4 55272
2
30601 5 12169
2
151322 5 155719
2
106940 3 100327
2
8298 2 179704
2
70544 6 156690
2
102208 1 110820
2
150121 2 155863
2
8306 2 116843
2
181118 4 36526
2
90348 1 85481
2
134620 6 34966
2
184457 4 17272
2
22886 4 105300
2
180146 1 138405
2
134117 5 35625
2
173167 4 42458
2
43949 6 70514
2
74095 2 10825
2
182767 6 53103
2
25186 2 37364
2
147590 6 137300
2
64527 6 43029
2
155692 6 147950
2
149402 6 111779
2
183246 4 131272
2
202980 5 134919
2
159675 2 175394
2
77680 3 4726
2
182013 3 25324
2
168320 5 185474
2
93604 4 191688
2
136843 2 138404
2
95439 4 80203
2
39651 6 150103
2
134258 4 59492
2
1593 1 134998
2
38035 6 68494
2
118608 6 57403
2
196515 5 155711
2
159229 1 152108
2
151672 2 71837
2
92500 6 83004
2
68800 3 123492
2
74208 3 70143
2
124205 2 189251
2
109748 6 182727
2
32022 5 81785
2
60995 6 186562
2
67037 2 197827
2
122622 2 90589
2
38519 5 88082
2
102588 5 32186
2
7253 6 148232
2
91070 3 6842
2
186263 4 28484
2
106948 4 58816
2
74336 2 27470
2
194289 2 168109
2
107097 6 189454
2
102432 6 53396
2
204061 8 90125
2
52133 3 56883
3
193039 1 205009 5 67418
2
31603 5 173576
2
99726 8 100445
2
200433 4 74716
2
61179 2 24106
2
170092 3 17197
2
4389 6 185648
2
94170 6 178789
2
100778 4 147727
2
202726 4 174713
2
2257 4 105061
2
10115 5 142248
2
87507 2 104913
2
76857 3 128919
2
195162 2 158188
2
26228 1 201809
2
172965 4 12346
2
16840 3 174013
2
30560 3 160123
2
103057 4 203996
2
49945 6 112874
2
130897 1 8605
2
102319 2 150948
2
74788 4 194121
2
196106 7 50906
2
189345 3 54747
2
3683 3 158109
3
150662 3 205023 1 59821
2
197918 2 33803
2
109533 2 63705
2
145733 4 47674
3
190767 1 205023 2 194237
2
191554 3 126365
2
56970 4 47519
2
36477 3 165037
2
19304 6 32942
2
73024 7 67336
3
82380 2 205027 3 133436
2
23910 3 60220
2
93140 2 26987
2
41859 6 29868
2
94061 2 203192
2
159019 2 131052
2
72497 6 44558
2
149445 2 21127
2
51660 6 29007
2
24732 8 202228
2
109638 4 114368
2
73684 6 147002
2
54829 6 96469
2
39515 4 30906
2
173485 2 172365
2
165546 1 82243
2
117048 6 34810
2
44044 1 179219
2
17708 4 15105
2
78526 6 203610
3
91192 1 205023 3 186998
2
121701 5 114233
2
68000 2 186364
2
130610 2 60571
2
129405 2 93680
2
84718 8 107063
2
15833 4 45310
2
123697 6 107322
2
141717 3 183989
2
58934 6 187674
2
66924 6 163072
2
190566 5 169941
2
46824 1 33121
2
195414 6 14565
2
88877 3 81413
2
84385 4 91938
2
200938 6 28767
2
64222 6 23988
2
98794 6 173802
2
32901 2 104581
2
123971 3 156726
3
195246 6 205023 1 60063
2
43118 5 117058
2
151865 5 156414
2
24934 4 89150
2
144092 1 133090
3
17052 2 205030 6 76384
2
194192 1 124323
2
40752 6 23769
2
124578 1 175731
2
181220 2 90433
2
114019 2 94435
2
157969 5 42428
2
133128 4 131134
2
127262 5 7562
2
133267 4 178846
2
17207 6 127497
2
12853 4 111346
2
180766 1 188360
2
112806 2 169089
2
74023 3 182706
2
37989 3 6243
2
104652 6 112673
2
70786 4 100487
2
155856 3 74247
2
193622 6 51083
2
177175 6 158018
2
36029 4 204960
2
176858 3 92402
2
197463 6 93118
2
170722 4 171141
2
45873 2 160020
2
70042 1 18280
2
51451 6 196641
2
186910 2 6144
2
52341 5 26540
3
152208 1 205023 2 124843
2
197875 3 9121
2
47276 2 55630
2
62272 6 116576
2
26715 2 91508
2
129013 4 26101
2
167068 2 114267
2
109830 6 87458
2
135000 3 80378
2
91912 1 138942
2
19498 2 175932
2
50298 8 88843
2
127777 4 175435
2
128445 1 39147
2
194058 4 65854
2
70366 2 107824
2
182005 4 164861
3
70492 1 205006 4 107989
2
42463 4 113714
2
24614 6 83411
2
64886 8 36867
2
169879 1 63902
2
31688 3 182567
2
59966 5 169382
2
119590 4 73457
2
79020 5 117668
2
102711 6 17545
2
4589 2 105105
2
27979 2 142993
2
108062 3 130466
2
24408 3 42926
2
128577 5 169311
2
151149 2 107938
2
167024 6 168235
2
56807 2 38992
2
115545 2 91315
2
148537 3 100158
2
76127 2 61538
2
98188 6 102193
2
31757 5 52287
2
124531 1 185282
2
202592 1 99901
2
61126 6 113211
2
179459 3 64030
2
134116 5 152248
2
136323 3 195301
2
195171 3 142758
2
144493 7 27459
2
43728 4 192489
3
168987 2 205030 6 169055
2
138178 5 165848
2
83095 6 65257
2
85678 4 28940
2
164597 1 38251
2
77837 6 180073
2
153107 4 35048
2
33551 4 198969
3
199330 2 205027 4 27885
2
54006 6 87639
2
190673 4 37666
2
176706 4 46054
3
170880 2 205030 8 80246
2
42975 3 169640
2
103026 1 174097
2
3747 1 122961
2
128548 1 74802
2
58994 1 7305
2
97282 7 76182
2
186301 3 197867
2
172538 6 116059
2
53058 6 71050
2
76854 3 28918
2
26437 4 146407
2
30561 6 110862
2
96297 4 68910
2
49790 2 28477
2
75059 4 17826
2
40998 1 176321
2
53907 1 62563
2
62297 6 48414
2
11001 7 89498
2
152375 2 158239
2
113728 8 81872
2
90964 6 102858
2
190756 5 2302
2
166670 2 59966
2
84478 4 2767
2
139554 5 19740
2
86888 6 43947
2
74390 6 144408
2
94552 2 72310
2
204299 4 155282
2
169910 6 75989
2
27882 6 181538
2
105200 3 67999
2
192235 4 90191
2
96208 4 133789
2
200996 2 178959
2
90889 3 8318
2
90176 1 68143
2
200391 6 48507
2
64398 2 96955
2
84564 5 78958
2
120677 6 174177
2
119394 4 201051
2
18692 4 160470
2
22892 5 10733
2
65208 2 188358
2
24407 2 167228
2
81278 6 26054
2
190847 4 151992
2
187371 4 72132
2
142537 3 8856
2
32626 2 28736
2
87371 6 65627
2
104645 5 152929
2
106944 2 170033
2
70563 3 48191
2
100724 8 88989
2
203555 2 152169
2
108913 3 109322
2
100037 2 92816
2
175121 1 148683
2
137194 4 5951
2
154343 4 10097
2
140085 6 79209
2
130476 1 204213
2
106405 1 13473
2
18062 1 32272
2
79864 2 153423
2
55347 4 204929
2
135900 2 156952
2
32245 4 40219
2
98598 5 110543
2
161385 3 130398
2
172826 6 35385
2
72281 3 111562
2
164881 8 69086
2
202682 1 122675
2
134743 5 164327
2
22257 4 84394
2
91046 3 59773
2
61187 4 195974
2
91406 4 187282
2
140890 6 143838
2
38264 8 181408
2
70001 4 10913
2
125156 6 41714
2
79607 3 182196
2
138257 2 18877
2
53704 2 41926
2
83049 1 41805
2
83036 4 145439
2
197557 6 46467
2
109759 4 84332
2
127590 2 36404
2
38618 7 194762
2
71941 2 48326
2
3062 2 133082
2
185950 1 36848
2
80703 4 12737
2
171271 6 133863
2
1455 2 102887
2
132631 5 165162
2
20335 2 161410
2
157706 5 126921
2
48259 4 8700
2
31746 1 45206
2
40885 2 107046
2
181721 1 135755
2
159336 6 152079
2
18516 7 132640
2
45408 4 101814
2
30454 3 50745
2
146389 4 10538
2
29478 1 133722
2
182365 1 136241
2
162954 6 20970
2
177388 3 4597
2
195618 3 82116
2
26410 4 112544
2
116020 5 71839
2
190570 4 43072
2
122493 3 199978
2
86416 6 111783
2
86120 3 5717
2
39249 5 65884
2
67303 2 134944
2
25115 4 172464
2
162641 5 27699
2
196786 3 127897
2
200199 5 23821
2
43546 1 27515
2
114641 5 65019
2
120436 5 64854
2
28015 3 79585
2
94774 2 109165
2
103619 4 4055
2
132260 4 12321
2
152238 1 82420
2
128384 6 119234
2
18608 6 400
2
187235 8 92942
2
45110 4 12698
2
138790 1 10955
2
175597 5 139884
2
152110 4 152777
2
82904 6 111166
2
25748 4 21805
2
22224 4 136661
2
189251 2 80462
2
124449 5 30750
2
70795 6 16641
2
165991 2 140952
2
202590 1 200945
2
37001 6 95214
2
98180 4 29208
2
52275 6 202402
2
52616 4 83474
2
83463 2 190179
2
150924 2 190818
2
55985 2 11043
2
41947 1 122524
2
56653 4 17707
2
191458 3 132045
2
170773 6 155878
2
44844 2 13815
2
4898 1 81704
2
150900 5 169134
2
43872 4 181105
2
33319 6 44473
2
151373 4 45635
2
182463 5 22321
2
59386 3 192809
2
25728 1 122527
2
136840 5 112202
2
14253 4 158834
2
176539 4 99898
2
2055 4 104568
2
188746 2 79587
2
143317 6 23254
2
35957 6 128806
2
34890 6 180820
2
126528 4 24614
2
73031 4 44508
2
23858 3 52288
2
93742 5 169903
2
200854 5 82190
2
99039 8 34548
2
135078 2 17594
2
150816 1 64149
2
181292 1 159658
2
70607 2 105251
2
91909 4 72804
2
32739 4 166216
2
179853 1 87573
2
10274 7 29809
2
126104 3 63809
2
174175 3 203025
2
27665 6 1081
2
164963 4 95835
2
112424 4 149915
2
65786 3 110496
2
48533 1 18161
2
201121 2 23247
2
178520 1 121633
3
105254 1 205023 8 118204
2
120203 2 72751
2
50672 4 167595
2
155200 1 149206
2
188893 2 1012
2
152890 4 188508
2
105384 1 114801
2
118126 3 55282
2
113482 4 200247
2
126666 1 201599
2
189599 2 51392
2
147426 5 72201
2
133974 5 173915
2
111842 4 9008
2
14584 2 200070
2
161695 7 101325
2
174564 1 199440
2
108094 2 97780
2
22865 2 168661
2
3215 6 97911
2
114607 6 13973
3
46794 2 205023 1 40672
2
99951 6 196089
2
172969 6 170076
2
196830 4 100588
2
84392 1 41610
2
131039 3 11112
2
95358 1 61224
2
56488 5 189276
2
200622 4 127510
2
124647 1 66031
2
159927 4 170290
2
196930 2 69705
2
58841 4 27745
2
181477 6 64710
2
13237 2 33197
2
43704 4 150917
2
71564 1 107411
2
23365 6 134308
2
92077 6 48414
2
187445 1 20352
2
114846 4 146699
2
86046 3 109724
2
168196 8 124790
2
72304 1 109392
2
68184 5 53918
2
153834 6 184996
2
123287 4 100956
2
121147 1 100974
2
97815 4 43280
2
170342 4 61035
2
47431 1 154697
2
104014 5 141433
2
141580 4 130549
2
92371 2 192405
2
187061 4 178387
2
192858 4 197258
2
168671 3 8961
2
70947 1 116760
2
107683 6 153244
2
57633 4 106438
2
108074 4 23360
2
90509 5 45173
2
83233 6 105930
2
130185 6 39771
2
65790 6 21871
2
135006 6 174181
2
60319 4 94138
2
105963 4 159162
2
67193 4 200371
2
134533 3 84736
2
134393 5 163580
2
140347 2 60611
2
59711 1 79191
2
45788 6 155687
2
36415 3 191420
2
138088 2 94790
2
125425 8 67038
2
124594 2 151856
2
77672 5 109400
2
146345 3 56933
2
145292 5 191293
2
49984 6 1096
2
204138 4 96572
2
83021 4 182821
2
189064 3 41370
2
178899 2 65484
2
81698 5 190149
2
36844 1 109031
2
146663 3 21675
2
173110 4 172708
2
6386 1 9495
2
97011 4 4492
2
50936 2 96321
2
36855 6 200602
2
168794 1 144669
2
12660 4 196327
2
64972 6 139684
2
190119 7 115687
2
74875 6 128793
2
176764 4 41941
2
32638 4 159581
2
3214 1 185482
2
53723 8 55325
2
111787 4 189632
2
122414 7 95389
2
23725 3 150316
2
70986 4 72331
2
164949 2 118734
2
192583 4 63139
2
143532 1 50469
2
135720 1 4285
2
108403 4 168944
2
93761 2 188256
2
185306 1 125443
2
15826 8 203086
2
3851 2 20868
2
198291 6 178463
2
55181 4 93970
2
41576 2 181189
3
161626 4 205027 2 118021
2
75408 6 125032
2
141067 4 38324
2
43624 2 125804
2
152398 4 1466
3
150764 1 205023 2 24088
2
204963 1 138177
2
125840 1 69412
2
113234 5 80995
2
8901 6 105176
2
151314 5 163732
2
196325 4 38184
2
51091 2 92763
2
62283 4 55199
2
86576 2 153654
2
196475 1 70227
2
162415 3 60654
2
27033 2 203939
2
191703 3 15182
2
76196 6 18166
2
3931 4 22673
2
21569 6 60069
2
184212 6 194600
2
92115 1 8329
2
174186 6 175235
2
62692 6 64116
2
173811 4 186236
2
155057 6 35825
2
16090 2 28341
2
167211 3 130844
2
82905 1 143688
2
6156 4 29522
2
1687 6 169656
2
152483 2 95910
3
177483 2 205027 3 123109
2
94936 4 156095
2
12839 4 28530
2
38910 1 64905
2
73368 5 54014
2
76354 1 137118
2
68299 1 82681
2
14702 6 47632
2
49644 1 130990
2
165800 5 112668
2
176924 5 178627
2
45966 6 63905
2
59009 5 118292
2
175529 1 195686
2
9163 4 43676
2
9842 4 145072
2
113221 4 104629
2
74881 2 190612
2
48256 2 47653
2
100620 1 126561
2
146792 5 101796
2
87054 8 99372
2
180221 5 48084
2
146592 5 70356
2
204178 6 190853
2
172738 6 110669
2
14502 4 130294
2
139468 3 33018
2
191212 2 168258
2
163675 1 86347
2
47019 6 136202
2
110220 4 54960
2
73530 1 51437
2
185406 3 57877
2
7311 2 96385
2
93940 1 67850
2
137738 3 204068
2
33268 1 5939
2
64740 3 190126
2
120926 4 103902
2
28280 4 91350
2
172547 2 42967
2
119015 5 63677
2
41899 2 170324
2
165677 2 145550
2
187247 1 32269
2
11992 6 127137
2
190548 6 58969
2
163276 1 59285
2
117075 6 29070
2
60430 8 22947
2
93718 1 44255
2
109717 5 175237
2
110489 1 51878
2
180532 1 136323
2
130108 1 156031
2
178740 6 20394
2
4949 3 196905
2
19164 6 6209
2
187226 2 142957
2
155658 1 186901
2
175246 10 146266
2
61113 2 165921
2
31491 2 109591
2
158818 4 3906
2
115416 4 64716
2
169491 2 59242
2
36223 2 197275
2
31673 1 124510
2
50919 1 45294
2
153939 2 138491
2
112556 4 160551
2
149245 2 28435
2
118562 6 9020
2
65062 8 85026
2
105670 2 147601
2
53287 6 142473
2
81544 2 72488
2
35154 5 143669
2
196975 6 22713
2
116059 1 129332
2
106668 2 88954
2
199766 2 145143
2
46841 6 51920
2
13531 5 65491
2
77213 4 105494
2
159082 4 53445
2
16734 6 146971
2
191843 2 26323
2
25015 4 110851
2
130122 3 186664
2
118716 5 89795
2
121311 1 170504
2
59696 6 32528
2
151898 6 189351
2
40278 2 60340
2
150427 6 39108
3
61703 8 205030 2 139232
2
116875 1 43483
2
43150 10 196242
2
97568 5 86778
2
169150 4 100289
2
7674 2 188156
2
111978 3 168491
2
95242 2 11220
2
96175 1 7570
2
60807 5 116221
2
94431 1 137804
2
88875 2 58537
2
38818 4 140813
2
84036 4 159070
2
81331 3 86194
2
26271 6 199807
2
84567 8 86298
2
171182 6 91607
2
193868 1 197988
2
40147 4 102684
2
146347 7 162298
2
12248 2 181248
2
56473 6 81044
2
186118 8 119529
2
59141 3 21470
3
46139 1 205023 2 148849
2
65602 5 145246
2
6765 5 78027
2
14930 2 196221
2
82434 6 31429
2
23595 2 74061
2
39391 9 627
2
11908 1 204134
2
18329 2 179969
2
123078 8 94438
2
154169 6 10031
2
108876 5 78937
2
188945 1 82270
2
13145 5 99678
3
86882 3 205031 4 42794
2
86434 8 175747
2
91974 5 44944
2
194515 2 12694
2
163373 8 174254
2
74954 4 152310
2
128421 7 50443
2
133291 2 25539
2
86818 8 122991
2
176406 2 32785
2
74811 6 132683
2
194307 3 153464
2
172752 5 74704
2
4434 7 52955
2
177208 4 141137
2
63953 3 77493
2
72141 1 88661
2
29829 6 133657
2
74400 4 73987
2
53443 2 182608
2
4983 2 39729
2
50346 4 19345
2
202530 6 153342
2
12181 1 6598
2
180663 3 122444
2
28211 1 143814
2
173943 4 58902
2
95036 6 23554
2
148899 1 9335
2
116884 6 190357
2
47729 6 58317
2
155332 4 45173
2
134 1 116741
2
10849 2 382
3
197165 6 205023 1 60990
2
189428 1 204000
2
97511 2 71973
2
67832 2 185879
2
21812 6 46363
2
13303 2 156171
2
9427 4 18333
2
94278 5 141441
2
141369 4 32153
2
70326 2 99390
2
24149 4 175836
2
86705 6 187420
2
168359 4 3565
2
5526 4 65815
2
1388 4 132673
2
99382 5 116762
2
55161 2 88527
2
2669 2 139397
2
183861 4 5702
2
28602 2 178441
2
187557 8 148655
2
182852 2 63033
2
183598 4 186684
2
32373 3 63850
2
115128 4 15275
2
198384 6 200242
2
161150 5 103821
2
84911 6 28580
2
174127 2 131407
2
159842 8 121476
2
80211 2 153700
2
3125 2 81165
2
117366 4 29884
2
190142 6 197033
2
186328 6 76964
2
24604 2 186129
2
164583 4 103494
2
10634 2 23294
2
14880 4 86442
2
59629 3 18353
2
198772 3 202334
2
137594 4 140278
2
146536 4 8795
2
96659 2 85908
2
140165 4 114177
2
117246 6 110479
2
85061 4 191975
2
33401 6 93019
2
172229 2 199395
2
112269 1 43262
2
146411 3 158069
2
3457 1 50038
2
12792 6 53818
2
26924 6 102725
2
112267 6 5080
2
158080 5 108992
2
101762 2 195277
2
7667 2 113766
2
93217 3 138525
2
140339 1 132253
2
25041 6 3114
2
17483 3 142904
2
31362 3 132094
2
195804 6 136784
2
69987 1 152156
2
62770 1 127600
2
59068 6 186869
2
188948 2 176399
2
202207 2 193819
2
91979 4 38316
2
189053 1 4910
2
196770 2 144576
2
157894 6 168236
2
118854 1 192
2
19814 2 100880
3
159055 6 205030 2 97654
2
91225 2 153696
2
135749 5 70107
2
144094 6 194498
2
9381 4 55031
2
53582 2 55996
2
51379 4 126767
2
92601 6 96427
2
2704 6 191236
2
192424 2 15383
2
72897 1 178038
2
131359 4 83979
2
137562 4 121397
2
70982 2 16044
2
94956 4 194171
2
100138 5 52280
2
127184 6 4790
2
13695 2 40895
2
62675 5 33477
2
154140 1 36545
2
128940 1 23696
2
31827 6 93911
2
91072 3 40778
2
44168 1 88671
2
140404 4 113884
2
107809 6 185151
2
51790 4 142325
2
7467 6 186621
2
1171 5 63934
2
132951 1 56714
2
163587 3 132692
2
71879 3 203603
2
136417 5 113112
2
110336 1 145248
2
198008 5 42677
2
87690 1 36910
2
162488 6 129057
2
159815 4 182481
2
118507 2 42036
2
193694 6 40911
2
186523 4 195176
2
64022 7 24744
2
127443 4 25121
2
173854 4 77287
2
126284 2 66438
3
40737 2 205023 1 31487
2
91506 8 98117
2
172922 8 50742
2
43591 1 6176
2
166740 2 192838
2
46927 1 75522
2
75046 6 12695
2
100696 2 106482
2
454 6 186168
3
175411 2 205027 3 188475
2
137854 4 3134
-1
2
57491 4 54177
2
139205 1 50470
2
153844 3 25014
2
134969 6 74361
2
119808 8 118491
2
13465 6 90083
2
131742 6 55406
2
142614 1 98483
2
52627 1 12174
2
147739 8 203511
2
36488 4 184523
2
2692 4 72429
2
94653 1 145785
2
84512 2 148780
2
115552 6 134070
2
10748 1 193057
2
60690 4 26644
2
72575 3 18916
2
107986 6 27310
2
8935 6 98770
2
29143 1 17901
2
45166 4 14821
2
194969 2 197477
2
83783 2 51087
2
52604 4 61024
2
197619 5 44117
2
118056 4 37560
2
45150 1 47085
2
32690 1 92600
2
88834 1 112417
2
22787 6 157121
2
99746 6 171953
2
8051 5 5925
2
13060 2 175230
2
44714 2 47456
2
180268 4 4023
2
150493 1 201400
2
163995 6 93296
2
33644 6 174328
2
106025 1 143009
2
3069 4 77363
2
120929 1 56880
2
93415 4 160798
2
9477 2 114735
2
69910 2 80493
2
40997 1 36471
2
73518 6 174200
2
202595 5 103514
2
21278 2 87012
2
39977 6 61311
2
189254 8 69527
2
94842 5 22335
2
150339 6 164929
2
163969 6 114246
2
97094 5 110221
2
192026 4 166452
2
89140 5 76718
2
175542 5 23487
2
203654 4 179581
2
14035 1 102320
2
169083 5 441
2
175179 4 192755
2
72924 6 159788
2
158036 4 13452
2
12290 2 125301
2
147428 3 111180
2
152790 4 5535
2
146960 1 81409
2
2454 8 152989
2
186276 6 123907
2
182581 2 173761
2
145943 6 92785
2
29908 6 46136
2
179601 8 101767
2
85758 3 31297
2
176408 6 177907
2
2377 6 102660
2
54288 3 157007
2
56970 1 132093
2
177352 2 123146
2
18418 5 27276
2
71856 1 77427
2
148184 6 72174
2
100692 4 37810
2
87084 3 138927
2
125940 3 177243
2
104942 3 135224
2
169096 1 843
2
131988 2 159499
2
151608 4 116816
2
200968 6 45037
2
61295 4 44683
2
112616 1 3554
2
70456 2 131315
2
193396 5 75294
2
180648 8 150200
2
176623 6 156937
2
71610 1 39427
2
9512 1 136147
2
102379 4 169447
3
19501 1 205023 6 82911
2
139914 4 98444
2
52479 5 57895
3
164349 7 205023 1 174605
2
3444 6 8152
2
54927 4 53168
2
180503 6 71939
2
66451 2 160529
2
110803 6 10375
2
192364 2 110342
2
121979 3 47289
2
120738 6 2988
2
4368 4 96260
2
181682 1 129171
2
65243 6 92729
2
39527 1 176886
2
114209 1 90307
2
110344 7 167683
2
65961 1 11612
2
54505 6 76368
2
114999 6 144943
2
64786 1 30476
2
65813 3 134333
2
11635 3 185778
2
177976 4 19653
2
113450 2 40076
2
83068 1 77979
2
186467 2 37133
2
10 6 46292
2
13652 1 201535
2
21052 2 137736
2
155939 4 94884
2
67181 2 136457
2
147243 1 78593
2
171296 4 156560
2
148977 1 132411
2
36781 2 24892
2
75669 2 108448
2
68519 8 24302
2
521 4 76780
2
170770 3 123584
2
19138 5 121298
2
75284 1 21950
2
172372 1 74751
2
11242 2 169086
2
163296 3 7782
2
110674 6 203429
2
150796 2 202062
2
17883 6 26451
2
58571 4 96886
2
177702 5 198049
2
27753 1 171686
2
37581 6 202004
3
123341 2 205030 5 185328
2
173064 5 150983
2
109544 6 25756
2
180338 4 125971
2
28870 3 148088
2
24418 2 103576
2
52311 2 87490
2
29700 5 75446
2
90250 2 15187
2
44641 5 68041
2
76292 4 186646
2
145548 5 107006
2
26324 5 134106
2
105304 10 124611
2
180821 1 113758
2
203594 6 130620
2
66545 1 9828
2
195680 1 58278
2
831 5 3154
2
136079 5 167959
2
33426 4 46031
2
148601 4 180287
2
38616 2 176151
2
16301 4 93030
2
74656 3 167990
2
101987 1 89082
2
202973 4 202664
2
178906 6 139141
2
200987 4 201351
2
36802 8 27888
2
71751 5 34065
2
63288 2 59042
2
107306 2 77106
2
140984 2 81628
2
40150 2 35037
2
185412 6 191240
2
105435 1 41611
2
68763 4 93379
2
28220 6 8284
2
195415 4 171209
2
158661 8 132699
2
24833 2 15497
2
199118 4 156900
2
45948 3 79671
2
26905 2 7429
3
37809 4 205031 6 62103
2
160342 6 112841
2
91004 3 32159
2
201506 3 2078
2
164920 2 91311
2
39062 6 58444
2
101752 2 5565
2
67686 2 10829
2
137434 2 5339
2
154450 4 198243
2
183587 6 98536
2
140150 8 203547
2
158690 5 177030
3
63092 10 205030 2 110841
2
60824 6 165603
2
166912 1 60572
2
93138 3 113774
2
8309 4 45900
2
122631 2 149776
2
154294 6 68605
2
82716 6 14139
2
94899 6 65774
2
190868 6 200725
2
125972 3 101785
2
132004 4 37730
2
37360 4 4379
2
21781 2 104727
2
82333 4 614
2
99211 4 44978
2
131223 2 116355
2
115174 6 46611
2
147694 4 172363
2
27965 1 15601
2
15472 3 157467
2
130295 2 30229
2
84103 5 107828
2
97251 5 154486
2
105142 8 117486
2
85401 2 116228
2
169158 3 82104
2
96802 6 125135
2
177749 4 186728
2
200637 2 184566
2
94794 1 188699
2
155915 4 54362
2
42846 5 55134
2
76351 2 87849
2
21092 1 149171
2
173879 5 9415
2
102101 6 121747
2
201379 1 192326
2
160916 4 186446
2
42630 1 145171
2
39985 6 45052
2
203388 1 202961
2
12595 1 193645
2
101034 6 2008
2
201148 2 111956
2
122424 2 80629
2
108116 6 14971
2
116841 2 140539
2
193143 1 72356
2
50164 5 56785
3
65878 2 205027 4 67910
2
29871 6 137555
2
69376 8 199329
2
171076 4 127297
2
55271 6 203764
2
56850 6 40534
2
98041 2 203301
2
86265 2 134813
2
194589 6 25173
2
134766 6 70225
2
4320 3 98324
2
54425 2 82574
3
85272 2 205023 7 152280
2
198392 1 133179
2
178118 2 8301
2
2208 6 77490
2
44856 6 175392
2
203634 3 199106
2
13869 8 111184
2
158218 6 192798
2
60485 1 165063
2
129805 4 133398
2
120028 4 80579
2
190523 1 76612
2
116015 4 164320
2
187663 1 77757
2
84616 4 62415
2
159176 3 11351
2
117207 2 21785
3
125546 3 205023 1 87749
2
97633 3 171237
2
199158 1 8493
2
163745 4 125047
2
173287 6 13188
2
187907 3 204276
2
10020 2 95850
2
20988 2 73898
2
130769 2 21167
2
72924 6 18582
2
146937 10 17664
2
144502 5 58621
2
26721 2 163509
2
10350 3 12887
2
99343 2 175075
3
75894 6 205023 1 36669
2
61133 1 25047
2
104553 4 188901
2
13115 1 193709
2
201650 1 82808
2
170685 5 155618
2
93781 2 194605
2
97624 4 65319
2
194907 2 3539
2
10572 2 72724
2
105879 4 26469
2
82196 4 130433
2
61663 4 158066
2
194196 6 135053
2
80159 2 50669
2
132160 1 43807
2
141846 2 81133
2
29506 2 163381
2
30889 4 122875
2
151767 6 186229
2
48108 8 138509
2
117244 2 83090
2
52447 6 132967
2
4419 2 198872
2
28115 6 139109
2
19252 5 170938
2
158525 5 131005
2
1675 5 149931
2
134553 2 117424
2
192954 6 92103
2
55522 6 97610
2
56831 2 147954
2
170404 4 73742
2
83615 4 17105
2
12047 3 157880
2
78240 4 40868
2
28902 8 110507
2
67036 2 16904
2
88606 6 95716
3
129370 4 205006 1 53549
2
74407 6 38451
2
195511 2 29506
2
195284 3 123546
2
187245 6 134889
2
107609 6 100275
2
72782 2 79495
2
63875 2 170870
2
92392 4 184336
2
102754 4 6562
2
174906 4 64636
2
65263 3 38406
2
67665 3 154645
2
178129 6 32876
2
142233 6 30154
2
183199 1 105720
2
9804 4 193389
2
202074 6 1936
2
100330 3 94011
2
164735 2 41130
2
72608 5 86007
2
161624 3 157942
2
23689 2 78301
2
202237 4 173848
2
48037 2 172454
2
159897 6 185998
2
102546 6 67511
2
54426 2 26819
2
132811 7 197385
2
62900 6 202777
2
67495 4 14887
2
27408 2 87753
2
105563 2 179604
2
108114 5 60501
2
5777 5 174751
2
94973 7 3620
2
135563 4 69770
2
159933 6 33711
2
80946 4 20619
2
18898 3 29573
2
170471 7 44658
2
39080 3 114918
2
19966 3 170310
2
77788 2 126141
2
82112 4 150360
2
48954 6 84722
2
79959 6 139765
2
29228 3 24164
2
136129 1 123867
2
47358 8 199981
2
52649 3 32930
2
134421 4 139417
2
79324 5 193570
2
141934 2 6653
2
76665 1 190943
2
54847 6 87174
2
69577 2 109797
2
129065 1 88424
2
26755 1 199771
2
66990 4 156964
2
134337 6 144069
2
3235 2 122673
2
52558 2 154499
2
123858 6 192293
2
151295 6 201818
2
23795 1 125386
2
193712 2 182825
3
69513 4 205027 2 123366
2
58983 4 33229
2
199650 2 176068
2
173405 9 191644
2
1533 3 201682
2
91825 3 100176
2
121171 3 91039
2
155969 4 57183
2
94410 2 110038
2
204602 1 198993
2
135089 2 48358
2
122712 8 19635
2
178034 3 33970
2
144427 1 164590
2
31419 4 192233
2
107759 2 188898
2
67933 8 101650
2
105188 2 167182
2
181894 2 7891
2
96865 2 117391
2
193610 6 74344
2
92805 4 139098
2
66621 6 21111
2
108479 5 107283
2
1055 4 109993
2
37549 5 177400
2
12998 8 17117
2
181798 6 56236
2
119136 5 2059
2
58516 4 176332
2
56773 2 152767
3
66564 5 205009 1 193468
2
172397 4 186242
2
118571 2 140824
2
85369 8 15881
2
107157 2 91165
2
90496 3 66975
2
126663 6 92802
2
40410 5 75799
2
33119 6 151360
2
82409 2 63576
2
4497 6 111040
2
32900 4 101093
2
12450 6 184060
2
196201 4 3299
2
42546 2 184735
2
124041 6 197277
2
114439 2 158184
2
132475 5 97364
2
36827 6 30438
2
152867 3 59936
2
76059 8 146750
2
5470 2 203762
2
146621 1 196882
2
152240 5 101425
2
132312 5 59352
2
174212 2 22742
2
102219 1 70928
2
152992 2 122827
2
28632 6 162479
2
139701 1 157806
2
60753 6 181615
2
103474 2 91543
2
156053 6 76271
2
201814 5 94105
2
159840 8 21772
2
22749 5 13760
2
177614 2 27548
2
139990 2 114588
2
79663 1 82700
2
20672 4 165263
2
88681 1 41550
2
61311 10 8356
2
181008 1 13602
2
156789 6 199917
2
30858 2 152173
2
960 8 154116
2
111160 2 57107
2
25207 5 92840
2
165545 2 74882
2
2519 6 143240
2
203528 2 49832
2
16687 2 29437
2
107499 3 15431
2
181054 2 27358
2
68118 4 197095
2
156992 4 134232
2
80343 5 48896
2
81724 4 23446
2
90073 6 40623
2
175438 2 144106
2
142355 4 156055
2
4645 6 16780
2
163701 6 84478
2
161564 6 169148
2
176811 5 102314
2
126945 4 104983
3
141596 4 205031 9 107203
3
63511 4 205027 2 159717
2
14530 2 107175
2
1048 5 198843
2
166691 2 138238
2
96344 5 71156
2
138598 6 84900
2
40000 3 148833
2
8275 5 154918
2
78810 1 8613
2
89985 3 417
2
150737 6 130869
2
198375 3 14365
2
187033 5 154957
2
10845 6 32550
2
191711 6 122930
2
120963 4 26066
2
180642 3 65922
2
203318 4 72394
2
2306 6 175230
2
195643 4 180381
2
127687 4 169642
3
101888 1 205006 4 108179
2
99852 2 111506
2
87937 4 31522
2
38739 6 11527
2
144156 6 177695
2
91674 5 49127
2
10437 3 146444
2
49427 5 161976
3
45377 1 205023 2 72703
2
117472 5 66072
2
11840 1 29285
2
73118 7 103799
2
17257 6 62787
2
177536 2 70373
2
146905 4 25225
2
53372 4 79332
2
191890 2 159155
2
33104 1 35921
2
139775 4 74585
2
54263 4 25382
2
70823 5 138585
2
62923 8 191390
2
117145 4 185154
2
89356 2 125761
2
14356 5 107667
2
180322 8 175277
2
1858 2 183093
2
154170 3 18360
2
37806 2 30612
2
115197 3 95524
2
90309 2 117457
2
102499 4 109328
2
95133 2 21110
2
70556 1 51412
2
85469 3 66963
2
169967 6 200660
2
22484 6 126095
2
120243 2 151448
2
27838 4 182950
2
79103 4 37529
2
2739 4 8644
2
99318 2 162970
2
201250 5 109033
2
9018 1 158602
2
24943 1 162305
2
3635 6 3056
2
154111 3 148894
2
112148 4 103915
2
167850 4 146447
2
193991 2 124810
2
80379 7 179251
2
5561 6 168316
2
31628 5 40925
2
63816 4 51853
2
72122 6 14887
2
115729 6 124747
2
95393 2 33301
2
182971 5 86041
2
108474 5 179186
3
103125 7 205023 1 204978
2
106122 2 189277
2
135071 2 55299
2
170669 5 109838
2
41899 8 46562
2
204265 6 138920
2
140022 4 181660
2
132114 3 98439
2
198720 1 159124
2
56441 8 196499
2
25339 4 106720
3
132612 1 205009 5 151315
2
95079 6 141764
2
131456 2 7025
2
177645 5 60550
2
63387 6 60934
2
117197 6 94199
2
71171 2 109102
2
8827 2 53405
3
97432 6 205023 1 116927
2
59291 6 123092
2
114995 6 22319
2
23828 4 93610
2
103940 2 52894
2
179329 1 191552
2
68869 2 122461
2
57347 5 10032
2
198629 1 22154
2
12360 6 93377
2
16297 1 164159
2
184737 6 68753
2
334 8 53827
2
21492 5 184276
2
12694 6 125146
2
151386 2 88737
2
191398 2 67638
2
49456 5 94524
2
163416 4 43341
2
120391 2 171607
3
76952 1 205009 5 148345
2
170425 6 185458
2
151098 2 163225
2
54306 8 197709
2
76102 6 38611
2
188352 4 24371
2
60926 1 28690
2
30848 4 173120
2
171240 5 155582
2
18867 4 184918
2
18895 1 50192
2
131974 6 149332
2
200641 5 187
2
54354 6 120040
2
81084 1 175695
2
48015 4 107871
2
68461 3 145447
2
140460 3 123402
2
142380 4 53743
2
32182 6 11950
2
137725 5 115592
2
182034 1 156309
2
156312 2 204815
2
72288 3 116028
2
68693 2 142128
2
72049 6 192219
2
10550 4 44287
2
180483 1 151508
2
9587 5 55263
2
40135 4 189729
2
155460 6 6995
2
15221 8 42564
2
97708 1 4960
2
163211 1 201476
2
192240 6 65266
2
137889 8 193146
2
138211 3 94748
2
125764 3 28337
2
11816 1 118380
2
148638 1 143113
2
96058 2 26051
2
70054 1 148165
2
182542 6 108284
2
81382 6 147458
2
160853 8 59383
2
8729 2 191319
2
122859 3 163798
2
72942 2 87723
2
75175 4 3457
2
31609 1 1351
2
4879 2 10981
2
76551 1 34953
2
160175 2 179793
2
30736 6 27232
2
135290 6 28709
2
57685 6 28502
2
61785 3 5103
2
159269 6 17038
2
137223 3 184541
2
165032 6 74640
2
68823 1 68866
2
439 1 97828
2
42522 1 185032
2
86172 3 8802
2
4487 8 181840
2
179352 1 87684
2
192975 5 85562
2
43529 6 65719
2
190103 6 132144
2
67993 4 142803
2
66985 2 3776
2
22246 4 155857
3
80393 1 205023 3 119795
2
81393 2 71357
2
150268 2 121007
2
176012 6 47687
2
93736 1 188635
3
161570 2 205030 6 129412
2
16765 4 182493
2
194763 3 31096
2
55630 4 58825
2
170825 1 128416
2
68457 4 152824
2
122931 3 122054
2
15551 2 170427
2
27253 5 174207
2
481 3 159456
2
161918 4 22867
2
21294 5 31292
2
52263 1 204320
2
115909 8 110227
2
199908 6 196392
2
108870 1 43632
2
73780 4 27574
2
113445 1 180824
2
186812 4 38119
2
77064 8 166181
2
176814 2 57012
2
121973 6 144992
2
93804 1 158952
2
30409 2 183053
2
8296 6 13412
2
116175 2 116237
2
130256 6 42615
2
86324 3 43739
2
112229 2 40043
2
83744 4 116555
2
183964 8 93618
2
192651 1 155933
2
76850 6 153185
2
143620 3 1418
2
163430 2 24055
2
63344 2 95852
2
39733 3 158393
2
43821 6 43372
2
22134 2 24261
2
68608 2 126463
2
173961 1 56352
2
195716 8 53322
2
137450 2 26683
2
4502 3 110359
2
137639 7 13437
2
40166 6 204846
2
170659 8 4966
2
135179 2 32778
2
114745 5 107099
2
93140 4 138160
2
119504 2 136221
2
181029 3 46026
2
92755 3 61709
2
144491 2 186578
2
159784 6 67350
2
172732 6 51917
2
13011 6 61584
2
42508 2 113817
2
200704 1 104692
2
133568 4 20045
2
117930 3 53643
2
165701 1 26752
2
197638 1 108723
2
159020 4 129559
2
181396 4 64954
2
117706 3 156416
2
74065 4 148328
2
54613 2 183407
2
114481 2 77272
2
93336 1 58697
2
119885 1 74090
2
190475 2 101470
2
180214 1 173457
2
54041 4 70475
2
136767 4 93219
2
75196 6 123084
2
45285 2 101341
2
135626 2 203010
2
203799 6 26473
2
84057 4 144653
2
70222 2 156540
2
95895 1 151745
2
74424 4 144295
2
137433 5 184655
2
152512 6 8171
2
196118 4 194911
2
25606 4 32493
2
22805 1 30619
2
67150 1 157216
2
29100 5 62987
2
60194 4 103087
2
160930 4 110729
2
127420 8 168098
2
131325 1 169365
2
157683 4 73701
2
64636 1 138166
2
77086 2 36533
2
132562 2 64404
3
99445 3 205023 1 36016
2
14033 5 18236
2
153956 1 145556
2
194969 1 17185
3
113331 5 205030 2 76218
2
62539 4 34230
2
33138 5 62651
2
150360 4 128035
2
168087 6 17726
2
106316 4 105592
2
37556 2 194826
2
173498 6 76009
2
35836 3 147085
2
16237 6 80675
2
43807 3 127905
2
129104 1 36277
2
141152 5 38710
2
204591 5 181224
2
169199 4 149543
2
35306 2 163785
2
163202 4 87444
2
44786 2 47075
2
14940 2 24489
2
98565 2 106590
2
178341 4 189254
2
34767 2 85888
2
168283 2 78455
2
3709 3 145161
2
95926 5 65226
2
122537 5 143602
2
152793 6 38464
2
46943 4 196908
2
14787 4 44452
2
56158 4 35674
2
103902 4 47542
2
62203 4 93557
2
2021 3 50699
2
86407 2 82362
2
131904 4 174289
2
76880 1 188006
3
96661 6 205031 3 56444
2
161781 5 120294
2
11538 2 30107
2
9451 1 72460
2
124617 5 164167
2
166611 4 44985
2
41412 1 148458
2
16738 3 5737
2
138614 1 90968
2
145904 5 78932
2
41877 4 203017
2
115419 1 138
2
47612 1 54059
2
62383 8 97356
2
9679 1 42284
2
204542 5 57686
2
121387 8 9349
2
171433 6 165832
2
72307 2 46178
2
203995 1 145384
2
184181 8 14341
2
108817 8 93990
2
117140 5 196442
2
49946 6 85768
2
65391 6 127869
2
70711 5 144694
2
193172 2 137931
2
32514 4 197572
2
112001 6 82366
2
83847 6 126570
2
77613 2 134450
2
138279 2 69993
2
114472 4 19133
2
63182 5 170461
2
197145 2 146488
2
203089 6 189680
2
148111 6 23075
2
102887 2 138809
2
158915 5 149044
2
11772 4 97833
2
6407 6 36071
2
157123 1 194121
2
190620 3 24853
2
153967 3 115686
2
135465 1 46353
2
200465 4 40841
2
67573 5 111501
2
117779 6 52222
2
41419 8 141871
2
84915 5 19619
2
187539 2 11783
2
25767 1 117199
2
183981 2 101567
2
36582 2 75300
2
165134 1 137610
2
64105 3 16081
2
135536 2 137968
2
38332 2 152364
2
42433 3 159023
2
81272 1 89867
2
190183 6 97329
2
147574 6 183007
2
149611 6 148435
2
62920 5 185985
2
79089 4 26888
2
64734 6 84386
2
47833 4 204073
2
155191 1 134536
2
197040 4 171213
2
105741 4 128770
2
112252 7 121083
2
27601 7 111447
2
2493 5 70868
2
164696 5 147151
2
58056 6 120293
2
40006 1 106542
2
202979 4 37614
2
63570 2 163481
2
131374 5 65967
2
190096 8 126582
2
62488 3 151874
2
175005 6 79506
2
132165 6 76043
2
36181 3 204524
2
3856 4 52832
2
198130 5 168190
2
173391 4 197239
2
39226 2 30272
2
128352 6 180073
2
202051 5 87556
2
20148 2 189096
2
75607 2 98056
2
199130 4 60019
2
150697 6 181195
2
177725 2 162797
2
66569 4 132654
2
99282 5 21803
2
21375 6 79166
2
2700 6 84070
2
187939 2 165635
2
76545 5 104429
2
151788 2 50020
2
113095 2 166662
2
116137 5 108829
2
39950 6 63385
2
165716 2 27542
2
132469 2 153842
2
30087 5 16608
2
141247 1 27032
2
142472 6 26290
2
135357 6 192932
2
164158 6 138890
2
5217 3 112819
2
110701 4 27442
2
12016 4 32565
2
115216 4 21864
2
109541 6 2142
2
11868 2 116495
2
178132 2 59667
2
198193 4 114302
2
177924 4 114584
2
100714 3 13183
2
120339 2 15209
2
95874 4 97084
2
57892 4 187109
2
48233 6 183818
2
24961 4 19634
2
102687 2 79187
2
148511 5 109882
2
137870 3 36063
2
181724 5 19917
2
67644 5 37678
2
31458 3 76217
2
119781 5 107287
2
158401 2 54254
2
5324 4 151844
2
21938 4 76801
2
24759 2 112215
2
157856 1 30019
2
94713 2 115092
2
153850 5 137256
2
78860 8 14509
2
78618 3 17113
2
125673 6 19739
2
121378 5 159536
2
39412 1 147893
2
112044 4 61149
2
106658 3 133263
2
15499 8 182673
2
49791 7 184720
2
78132 4 97397
2
52964 6 80280
2
36486 6 38080
2
53057 4 188797
2
14153 4 84717
2
175633 3 13462
2
25663 2 182654
2
64143 8 146647
2
183319 2 102978
2
99676 4 36218
2
100246 6 65572
2
83507 6 33094
2
77353 2 117548
2
154804 3 52079
2
186214 2 99247
2
26191 1 14051
2
109932 6 33675
2
136189 2 14419
2
121473 6 56551
2
80073 1 25047
2
121813 1 3985
2
14650 8 158716
2
128874 4 158709
2
110636 5 117762
2
96786 4 96434
2
180373 4 106172
2
120140 7 28905
2
96513 2 177019
2
22119 1 114590
3
11865 4 205027 5 159987
2
55362 5 16428
2
27271 4 156451
2
177364 8 154993
2
43011 2 48720
2
142077 4 184291
2
122014 2 144598
2
144446 4 80518
2
38021 6 629
2
2452 2 35545
2
82438 3 126355
2
180877 2 190867
2
33524 5 27281
2
100949 5 42382
2
75237 3 87909
2
37740 6 89692
2
26147 4 110921
2
68368 2 39647
2
41181 2 33093
2
31664 2 43839
2
193707 4 136371
2
51205 2 25346
2
141478 4 70827
3
194066 1 205023 3 52002
2
50449 3 49174
2
117196 3 29721
2
134885 4 114728
2
172966 6 53843
2
183617 2 19036
2
196081 6 45725
2
60203 8 70791
2
137441 6 153843
2
78776 1 132201
2
99240 6 47694
3
117281 1 205023 3 129475
2
74173 5 147512
2
29140 6 91258
2
89638 4 188183
2
79976 8 60321
2
127757 4 30171
2
4880 1 34246
2
57678 6 198375
2
19576 5 31368
2
48981 5 22466
2
52015 2 110473
2
184830 5 41288
2
107878 2 112177
2
68312 3 119622
2
167431 6 46032
2
18503 1 134814
2
55480 9 126476
2
202527 2 101481
2
166885 2 29559
2
194462 3 138835
2
50710 4 23883
2
177259 2 103404
2
17101 4 18851
2
176040 1 22119
2
95364 5 98082
2
59040 3 63334
2
145913 8 65777
2
89677 6 61536
2
117772 4 41052
2
72671 6 11539
2
133381 2 49985
2
159214 4 39011
3
117845 1 205023 2 129033
2
194187 6 117969
2
86946 1 68282
2
159082 6 161921
2
101673 2 164422
2
167691 1 121989
2
187848 4 143126
2
153484 2 154657
2
160998 1 141806
2
17927 6 147487
2
128429 1 116547
2
65605 8 130602
2
135762 8 89788
2
58404 2 103897
2
119484 3 87581
2
69631 1 58059
2
91825 5 105478
2
125968 2 69868
2
97775 4 10007
2
147669 6 104960
2
89977 6 167275
2
14417 3 11364
2
5775 6 147808
2
96422 1 186775
2
35295 9 71192
2
60464 6 133727
2
159784 2 730
2
155393 6 190539
2
14235 4 164970
2
169579 6 159891
2
132487 4 146191
2
111376 2 8534
2
104448 6 44626
2
83014 6 193804
2
196442 2 6305
2
45614 2 7408
2
193751 5 167431
2
195255 5 8726
2
82988 8 79996
2
89502 3 78717
2
59966 2 30160
2
185835 1 182881
2
59742 8 167355
2
195220 4 1619
2
185548 6 188989
2
95020 4 15240
2
92194 4 192858
2
9767 4 14675
2
80133 3 191298
2
196195 4 146676
2
75838 5 22838
2
33735 4 139647
2
66624 1 40871
2
10594 5 130844
2
13315 4 21199
2
13676 4 14086
2
176865 3 200208
2
84394 6 76817
2
113054 4 155734
2
193886 6 38214
2
193448 6 29679
2
57719 4 159863
2
51839 6 135719
2
201659 1 165068
2
200958 2 179261
2
164437 2 176099
2
59195 2 193457
2
51782 4 117038
2
7808 3 184904
2
113014 1 165969
2
131731 3 95412
2
120910 5 177693
2
57788 5 193985
2
172333 6 115638
2
171796 4 157090
2
55121 1 144911
2
148638 3 39124
2
180342 2 22755
2
60125 6 169022
2
37820 6 129255
2
45157 2 145367
2
84958 3 183290
2
184204 1 163779
2
149802 3 61887
2
45276 8 167174
2
8711 1 87825
2
160293 2 48248
2
129733 2 105587
2
44413 2 63803
2
14514 4 140908
2
20287 1 183737
2
104809 4 127078
2
56781 2 169971
2
5865 6 72342
2
105483 1 120803
2
103540 5 38520
2
102439 3 138463
2
44145 1 196428
2
110020 5 187701
2
14460 1 191010
2
74988 3 106905
2
122941 1 136474
2
27 3 24391
2
90284 4 172216
2
151398 1 9664
2
67243 4 181373
2
113483 1 152988
2
195967 5 114540
2
66854 5 159825
2
37347 4 23973
2
126023 4 43452
2
7920 4 46191
2
7710 2 6856
2
32458 2 178995
2
124582 4 187552
2
202804 4 117803
2
111396 6 48024
2
158684 3 142954
3
46603 3 205023 1 199042
2
38434 8 45794
2
163233 4 100559
2
170948 2 154395
2
146756 1 138746
2
185181 5 106280
2
109232 6 185481
2
111977 3 30893
2
131433 2 168035
2
61445 2 66985
2
31160 5 166566
2
8347 6 181928
2
133291 6 4282
2
179527 2 112921
2
167205 2 70790
2
131737 6 91397
2
16044 6 87195
2
194456 3 166351
2
201343 2 174181
2
187750 2 198559
2
142887 1 74149
2
89192 6 97107
2
138791 2 100527
2
171817 2 1684
