-1
3
635567 2 690356 1 202655
2
242893 4 216436
2
37612 4 101584
3
107579 3 690419 1 264066
2
529198 4 522889
2
8482 4 446091
2
125380 3 41953
-1
2
397251 1 307740
-1
3
408982 1 690419 3 283008
2
650203 1 560940
-1
2
2809 3 239964
3
566428 4 690419 1 209778
2
70112 4 232325
2
661985 3 181900
-1
2
357319 3 312148
3
604897 3 690421 4 656948
3
288240 3 690419 1 532974
3
414974 4 690419 1 515099
-1
2
288215 4 634038
-1
2
246900 3 146769
2
473009 3 218114
2
218818 4 12528
-1
2
357508 3 308512
2
275500 1 218546
2
163119 1 119803
3
235742 1 690419 3 28670
2
183613 1 518328
3
597737 1 690419 4 288450
2
454261 4 434401
2
32588 1 500937
-1
2
50422 4 159150
3
532324 3 690419 1 603462
2
538277 3 482619
2
546294 3 271297
2
158132 4 560699
-1
2
75346 1 54911
2
131539 4 161633
-1
2
408360 1 424767
-1
3
385403 3 690419 1 467922
2
446162 4 221381
-1
2
210560 1 67985
2
521511 3 268607
-1
-1
2
106900 4 336474
3
598963 3 690419 1 157526
2
164265 4 199574
2
49791 4 365473
2
140224 1 391300
2
93294 4 526022
2
173173 4 247564
2
382439 1 654619
-1
2
281762 4 626741
2
9164 4 531965
2
676103 4 267556
2
485079 1 248714
-1
2
380254 4 683631
2
514406 1 453333
2
274871 4 455122
2
646205 4 592584
-1
3
383075 4 690419 1 207638
2
666131 4 491682
3
231527 1 690419 4 293064
2
271745 1 587382
-1
-1
2
293209 4 513301
2
480461 4 304550
2
397612 4 540789
3
245833 4 690419 1 4361
3
224685 2 690356 1 403469
-1
2
283037 4 206894
2
44697 3 242083
3
469186 4 690419 1 105961
3
326040 1 690419 3 379413
2
659264 1 579267
-1
2
298417 4 552391
2
84393 3 413668
-1
2
571480 4 264795
2
652217 4 589923
3
287826 2 690356 4 92805
2
260642 4 48960
2
307500 3 610453
3
237235 4 690419 1 647697
-1
-1
-1
3
485756 4 690421 3 197587
2
450735 3 99335
2
435171 4 466683
-1
3
22157 3 690421 4 261908
2
224911 4 115861
2
679359 3 362333
2
197813 1 266928
2
211715 4 161585
2
153582 4 661107
-1
-1
2
208066 1 31083
3
245600 4 690419 1 412854
2
25791 3 74718
2
192977 3 637595
-1
2
334700 1 456893
2
79354 1 38636
-1
2
10255 1 466188
3
15741 3 690421 4 416715
2
641968 3 158722
3
230924 3 690348 2 205135
2
597238 3 129117
3
241218 1 690419 3 427801
2
621256 4 529382
3
86406 1 690419 4 379403
2
290729 1 269282
2
541663 4 492448
3
38653 1 690419 3 320554
2
387164 4 476635
3
423585 4 690419 1 436895
-1
-1
3
453825 3 690419 1 542442
2
302749 3 210543
2
176530 1 479499
2
13915 1 283323
2
89114 3 620473
3
377224 3 690419 1 566443
2
9492 4 464398
3
308505 3 690419 1 352661
2
327599 1 536570
-1
3
113257 1 690356 2 352287
2
161970 1 102474
-1
2
38881 4 410932
2
351420 1 532898
3
234539 4 690419 1 216720
2
615904 1 258890
2
626483 1 84229
2
641027 3 640737
3
538705 3 690419 1 269420
-1
-1
2
59894 1 215377
3
679706 1 690419 3 225751
-1
2
533475 1 651611
2
113788 1 263816
3
309811 3 690419 1 60756
-1
2
224636 1 262584
2
147803 1 551727
-1
-1
3
297907 4 690419 1 15929
-1
3
207231 3 690419 1 37611
2
245546 4 82653
2
250154 1 687538
2
558983 3 520076
-1
-1
3
517757 4 690419 1 41629
-1
-1
2
32815 4 195818
-1
-1
2
621658 1 265605
-1
3
483544 1 690356 2 328245
-1
3
627318 4 690419 1 147046
2
479887 4 579373
3
535849 1 690419 4 270546
3
173049 1 690419 4 553585
2
279173 1 324011
3
203142 4 690419 1 312976
2
243206 3 688190
-1
2
437285 3 350906
3
429189 3 690419 1 111365
2
304939 1 405437
3
620731 4 690421 3 218352
2
331368 3 572769
3
179257 4 690419 1 392342
-1
2
409438 4 64468
2
558573 3 324427
-1
2
27640 4 419618
2
431181 3 210464
2
252424 1 363137
2
340213 4 145086
2
665942 4 24213
2
63350 4 512859
3
6263 3 690419 1 151346
-1
2
64814 4 42408
-1
2
320201 1 14431
3
188979 1 690419 3 107196
2
124491 3 267008
2
409651 4 601425
-1
-1
2
2404 3 657307
2
268585 4 233615
2
335476 4 425294
3
59969 3 690419 1 624061
2
41944 1 385344
2
330204 4 96646
2
487453 4 191625
-1
2
500012 3 169825
-1
2
369908 1 623045
3
596933 1 690419 3 238763
2
424631 1 570267
3
290113 4 690419 1 133889
3
290891 1 690356 2 50618
2
60361 3 439971
-1
3
386411 1 690419 3 566094
2
92088 4 329461
3
349621 1 690419 4 381097
2
102466 1 322652
2
111865 4 6651
2
415781 1 411846
2
539201 4 315801
2
9996 1 487787
2
80641 1 671737
3
589901 3 690419 1 604678
3
104383 3 690421 4 6388
2
678205 1 142126
3
260859 3 690419 1 652656
3
254404 1 690419 3 687187
3
142472 3 690421 4 594114
2
495669 3 465821
-1
-1
2
414071 1 48641
2
598433 4 570031
2
480312 4 358620
3
236046 4 690421 3 116927
2
251560 1 167600
2
301030 3 434553
2
582088 3 352911
2
524530 4 33808
-1
-1
2
557420 4 232499
2
532816 1 619595
3
438033 4 690419 1 675978
-1
2
485494 4 549930
-1
2
48909 3 91148
2
241316 1 596495
-1
3
62729 3 690421 4 516608
3
443825 1 690419 3 517153
-1
2
37037 4 508590
3
468371 3 690421 4 585427
2
3194 4 591222
2
569037 1 352232
-1
-1
3
473533 4 690419 1 209382
-1
2
178064 4 24079
2
23684 4 635185
-1
-1
-1
-1
2
646332 1 523215
3
262913 4 690419 1 273591
2
593024 3 544666
3
525909 3 690419 1 390403
2
617981 1 49454
-1
-1
-1
2
332731 4 658141
3
330652 4 690419 1 654107
2
200078 4 289337
-1
2
546292 4 546393
3
542323 2 690356 4 518274
2
245074 4 273494
3
655704 1 690419 4 124981
-1
-1
2
326763 4 134504
-1
-1
-1
2
528614 1 380902
2
654198 4 120627
3
669061 1 690419 4 564280
2
108468 4 425463
3
292165 1 690419 4 385883
2
252246 4 471829
2
567931 3 124642
-1
3
320790 3 690419 1 52109
2
26879 2 420463
2
630109 4 482512
2
620208 1 637395
2
155536 4 253129
2
678253 3 403108
-1
-1
-1
2
318084 4 532073
-1
2
438611 4 5024
3
100530 4 690419 1 581852
2
479507 4 54207
2
227326 3 271006
2
487785 3 208650
2
284397 1 677610
-1
2
686161 1 421762
2
246891 3 292202
-1
-1
-1
2
182690 4 667452
2
447445 4 221433
3
451278 3 690419 1 660372
2
503443 1 303355
2
99123 4 359494
3
55297 1 690419 3 628244
2
197110 4 96098
2
518314 3 103615
2
336727 3 226352
-1
2
518742 3 88803
-1
3
300641 3 690419 1 413755
3
290960 3 690419 1 585139
2
388769 3 333611
3
99117 1 690419 3 20743
-1
2
196093 1 493791
-1
3
571629 4 690419 1 78571
-1
2
289135 4 359366
-1
3
679714 4 690419 1 663587
2
596505 1 461075
2
563684 1 578908
3
89366 1 690419 4 297444
2
360922 3 16426
2
165090 3 610685
2
333771 4 583721
2
477627 1 6144
2
551931 1 497885
2
244281 1 332930
-1
2
664113 4 466353
2
272852 1 315866
2
579126 4 475245
-1
2
466574 3 518292
2
443841 3 481681
2
474416 1 625382
2
483997 4 242441
2
265877 3 540290
2
529956 1 479519
2
330674 4 262151
-1
2
343766 1 150274
3
464481 1 690419 3 241660
3
640183 4 690419 1 668097
2
574027 1 492952
2
372180 1 383832
2
394354 1 303596
2
608349 4 659043
2
586583 3 258096
2
667274 3 307783
3
676079 3 690419 1 30137
2
522061 4 281579
2
221344 4 640458
3
291794 3 690419 1 358113
2
16412 1 331472
2
270097 4 533312
2
275043 3 624940
-1
2
200865 4 307803
3
299143 3 690419 1 528290
3
194483 1 690419 4 641612
2
597462 4 358324
2
415191 4 89343
2
236417 1 217041
-1
-1
3
688701 1 690419 4 663747
2
685737 1 218179
-1
2
398083 4 112607
2
496983 3 525267
3
461262 1 690419 3 601572
2
674538 4 82593
2
125844 3 224218
-1
2
322145 4 204611
2
647936 1 299802
2
529718 1 589882
2
670734 1 525915
2
507619 3 595220
2
545320 3 655453
2
294089 3 10385
3
250483 1 690419 4 682128
2
168924 1 352753
3
687577 4 690419 1 186170
2
515145 4 503083
2
7513 3 248494
2
179560 1 272314
2
687946 4 621159
2
366908 4 679490
-1
-1
-1
-1
3
48301 3 690421 4 379920
-1
2
405742 1 271474
2
641411 4 317515
-1
-1
2
244748 1 154381
-1
2
204795 4 387940
3
81362 3 690421 4 546665
3
533867 4 690421 3 662274
2
259782 4 354439
2
266580 4 404836
2
84920 4 397849
3
107786 1 690419 4 333742
3
306499 1 690419 3 140919
2
118012 4 519194
-1
2
212921 4 130280
-1
2
4463 3 165987
2
26820 1 65316
-1
3
266506 4 690419 1 305933
2
270151 1 244785
2
271334 1 263607
2
322107 3 237575
2
490190 3 47394
3
276884 4 690356 2 513587
3
330468 1 690419 4 432169
3
120177 3 690421 4 308238
2
201219 1 583186
2
295829 3 467699
-1
3
509287 2 690356 1 313053
3
138130 5 690052 3 100017
2
51728 1 225346
2
493895 1 666295
3
183153 3 690419 1 47111
2
38978 1 261799
3
564124 1 690419 4 47086
2
147138 4 383938
2
648146 4 340841
-1
2
321345 4 619102
2
341875 1 365241
2
267809 1 482341
2
214909 1 556937
2
459595 4 170880
3
527583 1 690419 4 303160
2
529248 4 148135
2
143555 1 79696
-1
2
635987 4 199526
2
56792 4 264346
2
566343 3 588266
2
174326 3 217825
-1
2
136866 3 291952
-1
2
111306 3 335075
-1
-1
-1
2
54686 4 264633
3
240849 3 690421 4 462505
2
23472 4 465866
2
519456 3 199263
2
370383 4 146398
2
287598 1 124608
2
310518 4 320831
3
615268 1 690419 3 174964
-1
3
451551 3 690419 1 592251
3
290738 1 690419 3 165340
2
493797 4 436558
3
553356 4 690419 1 137027
2
277697 1 353543
2
363123 3 474463
2
661030 4 132704
3
387518 1 690419 3 686221
-1
3
491365 4 690419 1 596481
2
353914 4 630042
2
354729 4 568179
2
392561 3 220943
2
413172 4 200345
2
549607 4 196521
2
397616 4 175430
3
256260 4 690419 1 169217
2
579856 1 684463
-1
2
259413 1 689642
2
41554 1 500160
-1
2
369749 3 18155
-1
3
417501 3 690421 4 483928
2
246388 4 478143
3
3626 4 690421 3 183563
2
618437 1 396390
-1
3
515586 1 690419 4 667156
-1
-1
-1
2
689382 1 544162
2
424216 4 57919
-1
3
622828 1 690419 3 56138
3
192480 1 690419 3 436230
-1
2
194948 4 634482
3
30144 3 690419 1 438142
3
323824 1 690419 3 241414
-1
2
424283 4 551227
-1
2
313691 3 603614
3
94345 3 690419 1 263147
2
660338 1 345065
3
417668 1 690419 4 14210
2
47145 4 260636
2
247423 4 167783
-1
-1
2
604338 1 656895
2
629604 1 231328
2
672645 3 320053
2
416116 4 262557
-1
-1
3
80229 1 690419 4 373695
2
119089 1 402166
2
526581 4 317549
-1
-1
3
190280 1 690052 5 639421
2
317903 1 100488
2
497633 4 639525
2
242805 1 570414
-1
2
35998 4 665769
2
298649 4 507608
2
58067 1 569579
3
373320 3 690421 4 19104
-1
-1
3
658361 1 690419 3 66381
3
236590 1 690419 4 156811
3
99649 4 690419 1 393582
-1
2
54485 3 57545
2
414400 1 589525
3
122122 3 690421 4 56827
-1
2
148728 4 241313
3
592266 3 690419 1 205375
3
491545 4 690419 1 341684
3
14021 3 690419 1 228550
3
558077 3 690421 4 133133
3
422708 1 690419 4 642504
-1
3
334316 1 690419 4 59684
2
200580 1 433517
2
370347 4 601065
-1
2
400259 1 378369
2
346021 4 100152
2
570872 3 566305
2
628958 1 229064
3
266552 1 690419 3 583502
2
419432 3 646499
2
138441 4 179962
3
46519 3 690348 2 291695
2
391291 4 241314
2
114801 4 34835
2
132093 4 255855
-1
2
331804 4 348100
-1
2
622900 4 288148
-1
2
364778 3 613684
-1
2
453672 4 455495
2
337904 3 663639
-1
3
493653 3 690419 1 143507
-1
2
298700 4 615260
3
586052 3 690419 1 286197
2
360277 1 83574
-1
2
411414 4 80854
-1
2
307642 1 65905
2
17171 4 685853
2
526706 4 619676
2
507720 1 35236
2
407013 1 674123
2
590565 3 363884
-1
2
346163 4 29109
-1
-1
2
398214 1 130941
2
519659 4 279871
2
490503 4 55846
2
578418 4 320303
3
223619 4 690419 1 616590
2
367551 4 102850
2
656067 1 400677
-1
3
108971 1 690419 3 487762
2
151870 1 341887
3
593158 3 690419 1 5342
2
294994 1 507963
2
72304 3 677725
-1
2
28573 4 487727
3
542846 3 690421 4 626163
-1
3
481289 3 690421 4 529830
2
498536 1 450345
-1
2
418183 3 575643
2
199478 4 671150
-1
3
356189 3 690419 1 185085
2
241241 4 30128
3
449490 3 690419 1 23916
-1
3
630738 3 690419 1 554133
-1
2
265306 4 483551
2
1120 4 112809
3
636586 3 690419 1 221281
-1
-1
2
624285 4 574652
2
589785 4 523030
3
112842 4 690421 3 356519
2
99849 4 404151
3
499692 1 690419 3 338162
2
357531 4 176284
-1
2
570628 3 5403
2
149497 1 25969
-1
2
565350 3 156708
2
152817 1 604756
3
432563 1 690419 4 340170
3
404254 1 690419 3 546170
2
129224 3 298150
-1
2
616754 1 415065
2
648180 4 394583
2
632253 3 452930
3
484179 3 690421 4 307439
3
305448 1 690356 2 181667
3
626448 3 690348 2 307098
2
411015 1 616794
-1
-1
2
627371 1 637337
2
15840 4 187399
2
640029 1 666972
-1
2
2542 3 140845
3
259811 1 690419 3 155519
-1
2
242203 3 530897
2
592085 1 356094
2
380936 1 387764
-1
2
516133 4 31550
3
371164 4 690419 1 548587
-1
2
284311 3 454447
3
359893 3 690419 1 133728
2
410689 4 678293
3
75088 4 690421 3 494634
-1
2
56105 3 388527
2
445077 1 608442
2
246417 1 470209
3
289669 1 690052 5 151827
2
236375 4 307739
2
274040 1 227363
3
181675 1 690419 3 463555
2
529403 3 398119
-1
2
564431 4 70740
-1
3
252369 3 690421 4 218764
2
71895 1 474704
2
259515 1 585961
-1
2
253850 1 152778
3
178764 1 690052 5 170315
2
467765 4 356622
-1
-1
2
363643 4 539064
2
385395 1 309456
3
331856 4 690419 1 120795
2
108720 1 670679
3
244832 4 687956 6 505243
2
550826 4 141515
-1
3
221647 4 690419 1 304988
2
269060 1 52985
-1
3
525933 1 690419 3 680469
2
320794 3 147249
-1
-1
-1
-1
-1
-1
2
245063 4 491523
3
266919 4 690419 1 557156
2
477894 4 125958
3
394588 3 690419 1 689080
3
19698 3 690421 4 315410
2
166140 1 605060
-1
2
501704 4 53463
-1
2
117589 3 648337
2
545195 1 659966
2
531410 1 406452
-1
3
329187 4 690421 3 544922
2
312571 1 79434
2
655744 4 627364
2
457552 3 252603
2
12410 1 426730
2
294121 1 146274
2
129552 1 565582
-1
2
154690 4 155458
-1
3
525179 2 690356 1 675624
-1
2
521402 3 483363
3
487277 4 690419 1 295588
-1
2
252709 4 660642
2
569628 1 422829
-1
2
307451 4 210088
2
435621 1 133365
2
124403 3 495516
2
41977 4 328573
3
242121 4 690421 3 652974
2
2074 4 581833
-1
2
71669 4 642065
2
263385 4 41387
2
618628 4 548857
-1
-1
-1
3
537406 1 690419 4 278828
3
464271 4 690419 1 198790
2
681858 3 213824
3
568325 3 690419 1 164916
3
235276 3 690419 1 337252
2
233011 1 669131
2
435906 1 504707
2
349844 3 275668
2
171041 3 325688
2
205041 4 446457
2
609388 4 526786
-1
3
211544 4 690421 3 305696
2
235375 4 82683
-1
3
445120 3 690421 4 361812
-1
2
485505 3 540562
2
464499 4 183081
3
278872 1 690419 3 528749
2
526645 1 670979
2
646448 1 11837
-1
2
410290 4 162971
-1
2
589207 3 92312
-1
2
503878 3 32654
-1
3
182381 4 690421 3 115774
-1
3
195458 1 690419 4 309676
3
668215 1 690419 4 520969
-1
2
269151 3 364265
-1
-1
3
320850 3 690421 4 311950
2
398330 1 170491
-1
2
673590 4 58391
3
162795 3 690421 4 539857
2
559624 1 320991
2
10861 4 38878
3
66623 4 690421 3 456100
3
364865 1 690419 4 208525
2
5007 4 690310
2
249521 4 263756
2
412255 1 41106
-1
2
211848 4 399655
2
681576 3 232206
3
641596 1 690419 3 573581
3
448978 4 690421 3 648960
2
334153 4 582896
-1
-1
2
449996 4 657693
-1
3
336385 1 690419 4 118135
-1
2
508462 3 53381
2
597063 4 440733
3
455977 3 690419 1 635308
-1
2
320322 1 315311
2
576947 3 312593
2
423416 1 102604
2
35612 1 392215
3
661513 4 690419 1 70
2
265602 4 360621
3
403277 4 690419 1 417160
-1
2
268928 1 384631
-1
-1
2
602980 3 672130
2
266126 4 235377
2
645214 4 650412
-1
2
434923 4 466045
3
559822 4 690419 1 481050
2
241852 1 230659
-1
-1
2
464547 3 586703
-1
2
264666 4 230962
2
190340 3 348599
-1
-1
2
687230 3 631951
2
303054 1 369763
2
175760 4 617683
3
209828 1 690356 2 184645
2
7971 4 89251
2
215982 1 480091
3
210286 3 690419 1 200081
2
669042 4 389029
2
478331 1 206856
2
202017 3 497996
2
250982 3 199465
2
384993 4 661201
3
420649 1 690419 4 464920
3
227290 1 690419 3 652046
-1
2
519502 3 408209
2
223600 1 391880
-1
-1
2
188267 1 607639
2
339046 4 136705
3
342257 3 690419 1 354763
2
524622 4 576316
2
356905 4 236009
2
48013 1 285306
-1
3
235069 1 690419 3 292453
2
272242 4 532902
2
288219 4 213812
3
276396 4 690419 1 505435
3
559885 4 690421 3 492044
2
425448 4 26213
-1
2
226899 1 171632
3
250158 3 690419 1 211784
3
368510 4 690304 5 295611
-1
2
85932 1 520065
2
516243 4 297379
-1
2
414886 4 564585
2
117978 1 334314
2
39442 3 195315
3
654794 1 690419 4 206920
-1
3
587546 3 690348 2 251660
2
93246 1 532234
2
114731 1 23201
3
254982 1 690419 4 146541
-1
-1
2
219006 4 681012
-1
-1
2
393331 4 504198
2
263006 1 461357
2
413480 1 37720
3
365571 4 690421 3 69347
2
527979 1 539494
2
46272 1 476172
2
263623 4 338413
3
349138 3 690421 4 163841
3
304003 1 690419 4 233700
2
64460 4 226578
3
526438 3 690419 1 179792
-1
2
116726 1 39404
2
556601 3 264282
3
535492 1 690419 3 439588
2
688667 4 604559
2
281927 1 52493
-1
2
443848 3 226962
-1
2
666638 1 627901
2
70773 4 576058
-1
3
159492 4 690421 3 96385
2
102529 3 192067
-1
2
586574 3 285827
3
481120 4 690356 2 539925
-1
2
326566 4 490962
2
101440 3 173982
2
181527 4 648628
2
355594 4 217738
2
48442 1 550035
2
176869 3 383534
3
430986 1 690356 2 516349
2
134544 1 90294
2
160188 3 553648
2
381753 4 14095
-1
-1
2
92065 1 419095
2
110402 1 310299
2
288304 4 273666
3
96212 1 690419 4 299619
-1
2
268229 4 51533
-1
3
347849 2 690356 1 555319
-1
3
288465 4 690419 1 95961
-1
3
483604 1 690419 3 435009
3
166266 1 690419 3 25272
2
347060 1 482000
3
501410 1 690419 4 337340
2
519358 3 31231
2
355991 4 192240
2
400761 4 395783
2
232342 4 491161
-1
2
252780 4 639746
3
439815 1 690419 4 688241
2
457878 4 627002
-1
-1
-1
2
559010 4 45758
2
55187 4 116641
3
251058 4 690421 3 121242
2
328731 3 140288
2
567487 4 28717
3
43871 4 690356 2 345396
2
488992 4 92830
2
514877 1 209678
2
647235 4 470249
2
357742 3 437855
3
122902 3 690419 1 513833
2
406664 3 69354
3
485398 3 690419 1 183303
2
214632 1 20257
3
537878 4 690421 3 420883
2
138369 3 34703
2
182329 3 588340
2
531280 4 390958
-1
-1
2
402509 1 614489
2
14680 1 430654
2
468458 2 626025
2
520663 4 489169
2
465175 4 76311
3
618137 3 690419 1 58089
3
400585 1 690419 4 293518
2
602508 1 652565
2
65969 3 79020
2
70498 3 507596
-1
2
644865 1 403197
-1
2
221812 4 525263
3
181168 3 690052 5 506360
2
10335 1 535273
3
167263 3 690419 1 5833
2
277607 4 3965
3
458263 3 690421 4 579165
2
347224 4 627895
3
182653 3 690419 1 80707
2
522805 4 687586
2
245225 4 282464
2
579887 4 38398
-1
2
328586 1 49638
-1
2
250338 3 586485
2
39762 4 620962
-1
-1
2
351518 4 555008
2
599162 1 318892
2
673770 3 543794
-1
2
425750 4 558713
2
226200 1 5526
2
22118 1 549710
2
402841 3 122849
-1
2
537532 1 109170
2
213201 4 558327
2
294089 3 89204
2
620431 4 540487
-1
2
27434 1 96560
3
166987 4 690419 1 591516
2
530199 3 455710
2
268948 1 88220
2
680953 1 274281
2
112898 4 60114
3
360473 1 690419 3 44494
2
672504 4 133770
2
602831 4 643963
2
557920 3 444510
2
662925 1 243083
2
460843 1 459697
3
149425 3 690419 1 177144
-1
2
404739 4 479284
2
94698 3 229909
2
63046 1 102555
2
659979 4 674351
2
530498 4 568445
-1
2
536031 4 158594
2
175743 1 350182
-1
2
153896 4 488912
3
172169 1 690419 4 386566
2
467751 3 233103
2
209516 2 642950
3
147634 3 690421 4 652182
3
446287 2 690356 1 670107
-1
3
306683 3 690421 4 425150
2
474917 1 236355
3
261960 1 690419 4 166620
2
476156 1 435281
3
585041 4 690419 1 547229
2
546995 1 684796
-1
2
190969 1 621908
-1
3
537043 3 690421 4 534533
-1
3
106193 1 690356 2 153597
2
151478 3 552733
3
74900 3 690421 4 38567
-1
-1
-1
2
240942 4 661967
2
494864 1 375552
3
562445 4 690419 1 688273
3
259496 1 690419 4 412283
2
74979 1 443955
3
7580 4 690419 1 610601
2
271316 1 504475
2
407639 1 302542
-1
2
200259 1 375249
2
616555 4 316464
-1
-1
2
166239 1 614502
2
81601 4 528691
-1
3
295784 4 690419 1 194619
2
507675 3 175901
2
32359 3 60551
2
421734 1 68612
-1
2
1324 4 66782
2
646726 4 524605
-1
-1
-1
-1
2
270558 3 345472
2
464349 3 272970
-1
2
642029 4 552320
2
327281 1 167216
2
91464 1 334748
-1
2
358844 4 649911
2
538273 1 152801
2
343547 4 65645
-1
-1
-1
2
399307 3 168366
2
243988 4 10486
2
457273 3 169793
2
4230 4 342405
2
422959 1 348660
2
568507 1 482016
-1
2
505658 4 474994
-1
-1
2
668458 4 19630
2
64280 4 522846
2
222619 4 571963
-1
2
476304 4 226214
2
669884 4 608189
3
47960 3 690419 1 484809
-1
2
165385 1 185026
2
154825 3 339984
2
567159 4 149023
-1
-1
3
552310 1 690419 3 383550
-1
-1
-1
2
64166 1 607128
2
294558 4 415086
2
185562 1 261193
2
72682 3 52034
2
185145 1 586906
2
660644 3 122502
2
88897 1 652225
3
92188 4 690419 1 28805
3
489503 3 690419 1 63932
2
472527 4 484819
2
306210 4 206942
2
347717 3 102367
3
306691 4 690356 2 132947
-1
2
70383 4 611081
3
476885 4 690421 3 210257
-1
2
452619 4 452260
2
667601 4 347225
2
378569 3 472288
2
22711 1 161059
-1
2
353582 4 534628
2
388729 1 429786
3
136090 1 690419 3 245377
2
558458 1 688212
-1
3
154186 4 690419 1 83921
-1
2
599214 4 222991
2
14710 4 84300
3
476569 3 690421 4 548315
2
131699 3 45056
-1
-1
-1
2
647023 1 594477
-1
2
423824 1 19282
-1
2
226648 4 587686
3
171789 1 690419 4 585693
3
99829 1 690419 3 427658
3
522483 1 690419 4 537461
2
313558 3 275593
2
104082 4 546389
2
82421 4 535555
-1
2
349601 4 118419
2
106224 3 207258
3
360910 3 690419 1 653668
3
86939 1 690356 2 103498
2
561300 1 15517
3
344083 3 690419 1 393239
2
345017 4 159321
2
364222 4 475367
-1
2
432848 1 391752
2
258734 4 479509
2
100599 1 345094
-1
2
333605 1 335261
-1
-1
3
377792 3 690419 1 403791
2
351856 1 463974
2
671222 4 609444
2
608993 4 684396
-1
-1
3
690223 1 690419 3 644414
2
400913 3 117989
-1
2
462280 3 450303
2
504499 1 552125
2
624355 1 207741
3
462808 1 690419 3 191630
2
130365 1 17162
-1
-1
2
252364 1 100858
2
625150 4 311449
2
505633 1 116650
3
432051 3 690421 4 154871
-1
2
541869 1 609704
2
423923 4 120420
-1
2
528771 4 163682
3
638250 4 690419 1 49787
-1
-1
3
93730 4 690421 3 161261
2
322408 4 589840
2
107558 1 526981
3
638059 3 690419 1 174012
2
215753 1 351710
2
246480 3 468843
2
87146 4 152530
2
298846 4 352977
2
677253 4 481847
2
536452 3 529430
2
124123 3 160543
2
220409 4 671973
-1
2
653781 1 360863
2
199206 4 573273
3
480074 4 690419 1 52443
2
332827 3 690320
2
58230 1 681571
2
244860 1 339753
2
98758 4 315381
-1
2
689608 3 621793
2
671120 1 472099
-1
3
485332 1 690419 4 299179
2
593749 1 266151
3
285849 1 690419 3 280855
3
282402 2 690356 1 634332
2
461362 3 525941
3
632862 4 690419 1 301518
2
230332 4 429
2
385408 3 142365
-1
-1
3
587385 4 690419 1 202054
3
190244 4 690419 1 669165
-1
2
276109 4 45927
2
99811 4 486072
-1
2
257808 1 294114
3
555724 4 690421 3 675205
2
585988 1 440786
2
598464 4 587716
-1
-1
2
179338 4 52096
2
560024 4 331521
2
225798 1 424771
3
537281 3 690419 1 629158
-1
-1
-1
2
539887 4 281368
2
3021 1 416503
2
682308 1 89972
-1
2
361278 1 628435
2
236467 3 652217
2
93107 4 577117
-1
-1
2
572119 4 529815
2
180417 3 295270
-1
-1
2
590837 1 62513
-1
2
456099 3 148751
2
654776 4 126089
2
316086 4 660140
2
324267 4 538605
-1
2
370918 4 184994
3
593901 1 690419 4 74248
2
114778 4 258201
2
408969 4 542655
2
55041 4 247427
2
600563 4 179904
2
221341 1 164104
2
290965 1 593517
2
353303 4 54803
2
659252 3 434799
2
302962 4 105714
3
627643 1 690419 3 189683
2
87347 3 102055
2
222948 3 626977
2
396377 4 621614
-1
2
537150 3 25231
-1
2
387935 4 636425
-1
2
681001 1 263409
3
56751 4 690419 1 386846
3
71437 3 690419 1 493332
2
333107 1 454993
-1
3
234256 4 690419 1 638673
2
548679 1 135737
2
180357 1 641621
3
333960 1 690419 4 523470
-1
2
312511 3 234842
2
242125 4 640144
3
27172 3 690419 1 79322
2
552293 3 170555
3
412481 1 690419 4 547326
3
274221 1 690419 3 326762
2
410902 4 46428
3
670581 3 690419 1 377481
2
472866 4 470359
2
147592 1 113341
2
237181 4 41867
-1
2
297468 4 178368
2
633176 4 161144
2
618717 3 245425
2
658760 1 56833
3
163578 4 690421 3 632452
-1
3
49619 3 690419 1 97244
-1
2
69304 4 191722
2
272762 4 196039
3
99415 3 690421 4 614688
2
248179 4 158979
2
280827 3 581200
3
651130 4 690419 1 572133
-1
2
267418 3 323339
3
517647 3 690421 4 644426
2
43973 3 428882
2
324189 1 647933
3
546611 3 690419 1 204573
2
67982 1 31903
2
89816 3 157881
2
202574 3 453061
3
646013 1 690419 4 256005
-1
2
161256 4 56799
2
182789 3 676566
-1
2
205230 1 654748
2
197988 4 126455
2
413634 4 37102
2
508889 3 156649
3
100899 4 690419 1 239983
3
325282 4 690421 3 671411
-1
-1
2
508808 4 66334
2
299766 4 108772
2
236878 1 377564
-1
3
654348 3 690419 1 577083
-1
3
463686 3 690421 4 214721
-1
-1
2
64684 1 247964
-1
2
570811 1 355934
3
273878 4 690421 3 484510
-1
2
62427 3 433109
2
452230 4 531358
2
169420 1 38736
2
139870 4 29457
2
304097 3 546012
-1
2
603305 3 232141
2
231424 1 87878
3
291799 1 690419 3 174338
2
482335 1 401297
2
379354 3 654992
2
100481 4 425988
-1
3
131507 4 690419 1 36642
3
626369 4 690419 1 208903
2
523556 4 525250
2
193935 4 279842
3
377715 1 690419 4 244662
2
509558 4 481693
-1
2
253886 4 449901
2
359218 4 431030
2
36093 4 223303
2
485228 4 83706
-1
2
367438 1 378315
-1
3
105720 4 690421 3 618181
2
7630 4 515066
2
375312 1 23412
-1
2
292644 1 123208
2
42382 1 54338
2
398871 1 574361
2
125451 1 542251
-1
-1
-1
2
96764 1 244765
2
641325 1 520114
2
211950 4 91877
2
353201 3 56426
3
405696 3 690419 1 119319
-1
2
331870 1 533787
3
636227 3 690419 1 546578
2
34115 1 583810
2
427140 4 162677
-1
-1
3
294563 3 690421 4 97318
3
561135 1 690419 4 202783
-1
3
632668 1 690419 3 412117
2
287898 4 108945
2
643650 1 434218
3
382956 2 690356 4 540019
-1
-1
3
545313 3 690419 1 28994
2
312305 3 38607
2
223752 4 450379
2
135132 4 690101
-1
2
575055 3 242226
-1
-1
-1
2
101478 1 681571
3
640456 4 690419 1 311033
3
351171 1 690419 3 201085
-1
-1
2
626041 3 459820
2
394835 3 163053
-1
2
145806 1 169550
3
366043 1 690419 4 220073
3
271481 1 690419 3 674602
2
119576 4 142785
2
370994 4 490992
-1
2
485166 4 402587
2
69437 4 43874
-1
3
439802 1 690419 4 355435
2
510232 1 470173
2
288194 3 482581
-1
2
645492 3 440153
2
689486 4 158140
3
331537 4 690421 3 622085
2
212824 3 433971
2
465022 4 221665
2
180787 1 321804
2
323127 4 134236
3
256149 2 690356 4 523666
2
399375 1 263052
2
121748 4 267767
2
147088 4 116166
2
249130 4 525042
2
662269 4 325285
2
65432 4 94244
2
503274 4 453906
3
551483 1 690419 3 326684
-1
3
241999 3 690419 1 306113
2
537563 1 302277
2
600058 4 341448
2
184816 1 507940
3
109793 1 690419 3 402577
3
316659 4 690419 1 354897
3
235897 3 690421 4 374722
2
319485 4 514741
2
418467 4 196722
2
634140 1 165510
2
305496 3 112391
2
273707 4 532341
-1
2
578554 4 503356
2
6545 1 39677
-1
2
250758 1 224154
-1
3
220117 1 690419 4 295832
2
49325 4 568610
3
286044 3 690419 1 206409
3
317616 4 690421 3 354220
2
397382 4 483400
-1
-1
3
45026 3 690421 4 414020
2
441678 4 458790
2
664688 3 605788
-1
3
196478 3 690419 1 478549
-1
-1
2
269441 4 657487
2
372643 3 227436
2
577329 4 71841
-1
3
173554 1 690419 3 556648
-1
3
121298 4 690419 1 381275
3
261290 1 690419 3 463235
-1
-1
-1
-1
2
361548 3 513409
2
295150 1 95808
2
165762 4 87494
2
64611 4 470692
2
371232 4 648521
3
151778 1 690419 4 491962
3
266495 2 690356 1 386812
2
416824 1 189554
3
63387 4 690419 1 511881
2
12260 1 371811
2
105286 4 460312
2
221838 3 74490
2
438617 1 495437
-1
2
236567 3 15913
2
373494 1 315599
2
664659 4 209533
2
85890 3 206990
2
111712 3 95501
2
132174 1 614963
2
684845 3 519484
-1
3
66293 4 690419 1 30584
2
235878 3 509433
2
587205 3 111440
-1
2
528394 3 33692
2
250535 1 202365
-1
2
520159 4 371431
-1
2
415955 4 579353
3
260173 1 690419 4 389745
2
643617 1 627685
2
212768 1 525107
-1
2
641354 4 501098
2
518649 1 3555
-1
2
493257 4 450280
2
350474 3 649573
2
337775 1 619440
2
509152 3 557311
-1
3
94126 2 690356 1 335941
-1
3
193748 4 690419 1 626274
-1
2
133576 1 339479
2
7668 3 607433
2
517143 1 417279
3
195660 1 690419 3 299535
-1
2
489517 3 368241
3
16421 1 690356 2 497792
2
136724 4 320714
-1
2
493692 3 147525
2
17990 3 546245
2
113875 4 463552
-1
-1
2
256359 4 305918
-1
2
546475 4 33283
2
637183 4 59339
-1
2
428697 4 671337
3
233396 3 690419 1 284680
2
490836 4 12717
-1
3
501855 4 690419 1 250141
2
609409 1 530510
3
5985 4 690419 1 106
2
388807 4 198771
3
167697 4 690421 3 376782
-1
-1
2
306874 1 236159
-1
2
213873 1 686346
-1
-1
2
79536 1 289147
2
614537 1 689798
2
357785 4 301109
2
165124 1 103908
2
21656 4 63271
2
597247 1 271672
2
668476 1 84967
2
279196 1 428862
2
183474 4 430273
-1
2
578675 4 172782
3
335366 1 690419 4 527589
2
640405 3 252614
3
358737 3 690419 1 487153
2
561056 4 661790
2
351031 1 343416
2
4350 4 596271
3
336693 1 690419 3 529652
-1
-1
2
355466 4 212872
2
447301 4 234196
2
403763 4 553709
2
191731 4 244676
-1
2
665534 4 409329
3
528436 1 690419 3 73708
2
643222 4 241164
-1
3
706 4 690419 1 71587
2
113456 1 174095
-1
2
426096 4 467730
2
303219 4 406712
-1
3
383817 4 690421 3 32486
-1
3
197687 3 690421 4 174534
3
39300 1 690419 4 51448
-1
2
511358 1 346625
2
24132 1 97452
2
579422 4 397656
3
358918 3 690419 1 515130
2
310580 1 8087
-1
-1
2
268003 3 615863
2
347967 3 97499
-1
2
2782 3 73636
-1
2
634824 4 175073
2
499013 4 178586
-1
2
659587 3 367532
-1
2
677625 1 500102
2
302636 4 470965
2
295977 1 218338
2
170102 4 464049
2
261693 4 444355
2
330415 1 686125
2
483455 3 127501
2
461946 1 390513
2
662291 3 138268
-1
2
136138 3 229999
3
25008 1 690419 3 31653
-1
2
439837 4 159367
3
83396 4 690419 1 545407
3
418473 1 690419 3 370261
2
500801 3 121741
2
116703 4 63573
3
124055 4 690419 1 438567
2
370834 3 377936
3
410908 4 690421 3 203311
2
123342 4 512581
-1
3
594946 4 690421 3 519377
2
72728 1 35280
3
145210 4 690419 1 13594
3
394235 4 690419 1 688131
2
382608 3 488514
-1
2
430229 3 20851
2
188838 3 272722
2
653083 1 199655
2
242144 1 41443
-1
2
370579 1 552953
-1
3
71477 1 690419 4 459296
-1
2
311670 3 567576
2
68289 4 696
2
639502 4 138651
-1
2
246081 4 527856
2
202712 4 140498
2
276636 1 191529
3
531590 2 690356 4 393664
2
221808 1 598990
2
96742 3 437917
3
131234 3 690421 4 446786
2
103069 4 269752
2
180965 4 5296
2
610300 1 190103
-1
2
446310 4 246160
3
430559 1 690419 4 30742
2
648984 3 231473
2
15339 4 220405
2
204443 4 608515
2
410176 1 388253
3
613188 3 690419 1 646761
2
453964 4 482665
2
264757 4 540159
3
45485 1 690419 3 217803
2
604632 1 487002
2
524808 4 137754
2
430695 4 496524
3
110669 4 690421 3 330001
3
155597 4 690419 1 371936
-1
-1
3
229609 3 690421 4 498830
3
413119 1 690419 3 495423
2
547226 4 529627
3
476944 1 690419 3 244696
2
654046 3 566435
-1
2
523902 1 612308
3
293488 4 690419 1 85776
3
477253 1 690419 4 40804
2
177393 4 349529
2
109401 1 531370
2
478436 4 57384
3
44336 4 690419 1 582778
-1
2
208491 4 366947
2
378003 4 287837
3
674172 1 690419 3 469204
3
205804 4 690419 1 336667
2
229092 3 280085
3
426733 1 690419 3 533305
2
173753 4 48132
2
271048 4 173673
-1
-1
2
395766 1 186965
2
364822 3 592513
-1
-1
3
373642 1 690419 3 279095
2
188509 1 284716
2
177375 1 149517
2
662016 1 506197
2
631914 3 523730
2
145803 3 113489
2
676732 1 99422
2
576476 1 331453
2
366434 1 243202
-1
-1
-1
-1
-1
2
91603 4 681395
2
26773 3 424714
2
578412 3 291731
2
141946 4 543287
2
140579 3 209333
2
239544 1 537060
-1
2
175523 4 546171
2
2613 3 137555
-1
2
175658 4 181973
3
289770 3 690421 4 328009
2
355097 1 413396
3
663768 1 690419 4 179726
3
325566 4 690419 1 183801
2
133766 4 37898
2
383629 3 499131
2
92332 1 17921
2
280860 4 53347
3
582535 4 690419 1 100505
-1
2
276177 3 84586
2
377955 4 234998
2
195903 1 498749
-1
-1
2
581731 3 410403
-1
2
199198 3 249480
3
522034 4 690421 3 231465
2
528207 3 309126
2
61265 1 164327
2
81710 3 143877
-1
3
655042 3 690419 1 134869
2
75657 4 25623
2
465791 3 203170
2
585175 1 396425
2
243273 4 484819
3
586877 3 690419 1 457841
2
505866 4 86389
3
271092 1 690419 4 351308
2
678313 1 662359
2
411724 1 543859
2
139887 4 12234
2
261139 4 116113
2
201690 4 181759
-1
2
396286 4 144775
2
244148 1 75006
2
119794 3 1687
-1
3
540863 1 690419 4 368983
2
619930 4 323609
2
388307 1 680962
2
115397 4 455554
-1
2
540695 4 548718
2
566379 1 403537
-1
3
60821 4 690421 3 195292
-1
3
220526 3 690421 4 377004
2
371826 4 415829
3
207533 4 690419 1 292107
3
33928 1 690419 3 637615
-1
2
630199 3 685038
2
44412 4 392504
2
152766 1 247107
2
435433 3 373135
-1
3
634926 4 690419 1 392758
3
77936 1 690419 4 817
-1
2
409626 3 509545
-1
3
17586 4 690421 3 580235
2
165237 1 165429
-1
3
408789 3 690421 4 379209
3
516121 4 690419 1 574887
2
265883 3 669487
-1
-1
3
37428 1 690419 3 537989
2
589748 4 255334
2
46992 4 512411
-1
2
196404 3 661048
3
427722 3 690419 1 173606
-1
2
290131 1 643282
2
231830 1 232176
3
39789 4 690421 3 8930
2
474564 4 353300
2
255216 4 332916
3
525036 4 690421 3 371707
2
36014 3 579182
2
580994 3 104834
2
392089 1 215979
2
445189 3 208258
2
234938 4 668376
3
513886 4 690419 1 385204
-1
2
586035 4 532710
2
617571 1 682462
2
545164 4 101645
2
258051 3 302205
2
638437 1 168460
2
50229 1 586215
3
400063 4 690421 3 568007
3
39592 1 690419 3 582895
2
97807 1 532425
2
530895 3 51416
-1
2
337593 4 179237
2
342453 4 588412
-1
3
86442 1 690419 4 42444
2
340985 1 255998
2
446463 4 412247
-1
2
85229 4 603516
-1
2
472996 4 169284
2
205137 1 258305
2
96857 1 362972
2
504053 1 327740
2
66517 4 529463
2
352183 4 343260
2
393939 4 75263
2
627479 3 347431
2
622788 4 580958
2
575375 3 222809
3
295485 1 690419 3 237575
3
476411 1 690419 3 118671
2
616522 3 224492
-1
-1
2
55933 3 154355
2
473922 4 627160
3
124623 3 690419 1 234923
3
172653 3 690419 1 616991
2
514239 4 248327
2
337339 4 670538
-1
-1
2
295207 4 93515
-1
-1
2
500574 4 611448
3
286953 1 690419 4 421659
2
158328 3 637021
-1
2
133554 4 283186
2
220810 4 653673
2
614502 1 527734
-1
2
581809 1 153448
2
434102 1 310527
2
339260 1 127938
2
405277 3 199032
3
151193 1 690419 3 272193
-1
2
387686 1 501579
3
561777 1 690419 3 648091
-1
2
505599 1 175705
3
585687 3 690419 1 330296
2
163310 2 593393
3
91388 4 690419 1 468975
2
453960 4 367275
-1
3
311687 3 690421 4 679922
2
677357 4 18328
2
55738 1 182691
3
196142 3 690421 4 459743
2
274494 1 62429
2
47641 1 182076
3
497714 1 690356 2 342850
3
96916 3 690421 4 630717
2
636251 4 538845
2
556032 1 416632
2
358369 1 626615
2
539404 4 657436
2
399655 4 211360
-1
2
690053 1 381878
2
547676 4 5980
3
268314 3 690419 1 641484
2
270372 1 442228
2
300824 3 655584
2
29705 1 480917
2
377520 4 47375
-1
2
267314 1 489743
2
618743 1 471890
2
551924 3 131844
-1
2
378747 3 219011
2
69805 4 551857
-1
-1
3
354073 3 690419 1 227609
2
272520 4 191451
-1
2
651817 1 640781
2
27522 4 688164
-1
-1
3
284227 4 690419 1 640688
-1
-1
2
440252 4 462357
2
627246 4 573683
3
600412 1 690419 4 18666
-1
2
101525 4 363195
2
611059 4 355345
-1
2
164204 1 443024
3
192607 3 690421 4 229812
3
469441 3 690419 1 589240
3
299340 1 690419 3 452050
2
233435 1 472564
-1
2
463772 4 77708
2
614923 3 86015
3
127524 4 690419 1 24289
3
639200 4 690419 1 72463
2
550154 4 223566
3
314085 3 690419 1 645583
-1
3
101457 1 690419 4 458139
-1
-1
2
122208 1 579753
2
567831 4 686665
3
144299 1 690419 4 582537
-1
2
87114 4 374564
-1
2
52009 4 159446
2
194701 1 42580
2
525379 4 25084
2
528830 4 657485
2
158701 4 87233
2
162378 2 109324
-1
3
45654 3 690421 4 393541
2
49840 3 269046
2
338786 1 171131
-1
2
679618 3 379718
3
220678 1 690419 3 77021
3
163106 3 690421 4 556357
2
379154 4 467384
-1
2
136086 4 683667
2
1561 4 276041
2
8683 4 609468
2
1436 1 614442
2
122695 1 302208
-1
3
278559 3 690421 4 120119
2
324925 1 383566
2
211767 4 254504
3
621065 3 690421 4 666089
3
290374 1 690419 3 203770
2
647802 4 662986
2
669814 3 3372
2
261641 1 530519
2
435114 4 136617
-1
-1
-1
2
14302 4 513901
-1
3
540415 1 690419 3 124377
3
531447 4 690419 1 243975
2
614093 4 132756
2
415567 1 425261
2
20577 4 464405
2
49684 3 6434
3
442778 3 690421 4 380868
2
627834 4 688393
-1
2
218962 1 586939
-1
2
510198 1 572892
2
127542 1 83495
2
217475 4 426616
2
188013 4 684275
-1
-1
-1
-1
-1
2
681618 4 208979
3
606565 1 690419 4 192528
2
345915 4 278679
2
239386 4 497209
2
2312 1 594284
3
338686 1 690419 4 138503
2
447055 1 51617
2
589356 1 654795
3
175710 3 690419 1 89261
-1
2
646327 4 567527
3
393351 4 690356 2 40384
2
627710 3 59901
3
17538 3 690421 4 539564
2
309031 4 200342
2
645288 4 572028
-1
2
496010 1 639898
2
252025 4 685119
2
226736 1 603848
3
432569 3 690421 4 626198
2
492355 4 180334
2
632598 4 682948
-1
2
20732 1 657446
2
523835 3 410927
2
141338 3 374695
-1
3
7346 1 690419 4 85568
-1
2
371547 4 263597
2
614355 1 221324
-1
2
595719 1 162688
2
143439 1 100205
2
353079 4 330708
3
120368 3 690419 1 469065
-1
-1
-1
2
572972 3 212110
2
446062 1 91691
2
418892 4 173054
-1
2
158730 4 424304
3
538108 4 690421 3 631429
3
461102 4 690421 3 580647
3
65887 3 690419 1 414438
2
333628 1 646705
2
301079 4 132553
2
342956 4 202535
2
332178 1 230864
2
105849 4 335319
2
9754 4 238267
2
410536 1 548424
2
560608 4 164048
2
613656 3 305021
2
660654 4 581833
3
389900 1 690419 4 162664
2
178842 4 475519
2
357421 4 262762
2
481531 3 66684
2
239550 3 326147
-1
2
123487 3 240028
2
494397 3 60423
2
554354 4 148957
-1
-1
3
389048 1 690419 3 344278
2
184838 3 214879
2
624393 1 130175
3
384670 1 690419 3 192016
2
128884 4 357488
3
34722 1 690419 3 498866
-1
-1
2
635185 4 556961
2
625716 3 373213
2
445802 4 82550
-1
2
523889 3 236832
2
321140 4 242658
2
407457 4 401413
-1
-1
2
468211 1 655418
3
74727 3 690419 1 405747
3
316812 1 690419 4 125587
-1
-1
2
14354 4 610273
2
661382 4 348736
3
50615 3 690421 4 161585
2
155332 4 247088
2
16003 4 5727
-1
3
506346 1 690419 4 495154
3
291024 3 690419 1 355040
2
269343 3 191175
2
53796 4 251073
2
136457 3 369882
2
454418 3 666676
3
104804 4 690356 2 138518
2
589142 4 267186
2
338304 4 187126
2
234197 4 670082
3
391120 4 690421 3 313507
2
120838 4 500538
2
609949 4 533915
-1
2
423788 1 629561
-1
2
415193 1 96758
2
369862 4 518539
3
242767 1 690419 3 509956
2
419322 1 250245
2
368374 3 306598
2
430885 4 616712
2
335334 1 57211
2
25606 4 76143
3
158859 4 690421 3 332953
3
399673 3 690348 2 326659
3
373306 4 690421 3 644716
2
205939 1 688193
-1
-1
3
385591 1 690419 4 258868
2
101616 4 449707
2
211592 1 635940
-1
2
539872 1 505663
-1
3
445416 3 690419 1 242927
-1
2
680416 4 362990
2
102976 4 265752
3
244875 3 690348 2 439691
2
652895 4 566477
3
612115 3 690419 1 325424
3
679263 1 690419 4 600011
2
185253 4 163088
2
404238 1 351257
2
619541 4 324921
2
304026 4 572845
2
123970 1 112464
-1
3
201817 1 690356 2 130829
-1
2
504252 4 566812
3
406215 1 690419 3 319229
2
296429 4 361046
2
467278 1 19380
2
578801 1 62478
2
120191 4 321853
-1
-1
2
3356 4 375145
2
612547 1 585388
2
84226 4 476193
2
396405 4 152646
2
159515 4 584612
2
22553 3 372926
2
273940 3 664618
-1
3
284830 1 690419 3 204441
2
672124 3 131671
3
492263 4 690419 1 565390
2
218736 4 74911
-1
2
88965 4 369817
2
506808 1 29096
2
534602 4 117205
3
481006 3 690348 2 461135
-1
-1
-1
2
156098 1 263665
2
231568 4 113489
-1
2
514439 3 597678
-1
2
454235 3 633195
-1
2
203612 3 355608
2
300206 4 295625
2
205420 4 139661
2
58362 4 314006
2
291517 1 118693
2
582567 3 61310
-1
2
301999 3 429061
-1
-1
-1
2
588199 4 420407
3
253787 1 690419 3 323256
3
639407 4 690419 1 246023
-1
2
505004 3 373947
2
615058 1 529497
2
520883 4 257374
-1
3
685076 3 690419 1 632171
3
57132 1 690419 4 395935
2
568085 4 294936
2
143191 4 614793
-1
-1
2
650951 1 546329
-1
2
16903 1 430012
2
537548 1 577510
2
415251 4 178863
2
425820 4 589450
-1
2
373952 1 377727
3
293736 4 690419 1 542725
3
365625 1 690419 3 561228
2
429790 1 214051
2
475137 4 63163
3
561789 1 690419 3 548145
-1
2
48416 3 271414
-1
3
622266 3 690421 4 403647
3
240850 3 690419 1 672128
-1
3
69669 4 690419 1 490278
-1
2
185700 4 428858
2
129594 3 636702
3
564577 4 690419 1 368557
-1
2
253835 1 236637
2
66627 3 219326
-1
2
689871 4 607137
2
138023 3 247312
3
586811 1 690419 4 171484
-1
-1
2
575364 1 606053
3
150103 1 690419 3 632479
-1
3
197807 1 690419 3 544354
2
412775 1 208769
2
669147 4 238099
2
561130 1 503159
-1
2
408604 4 628966
2
256043 4 259897
2
106319 4 626174
-1
2
150557 4 159292
2
346201 4 32176
2
674614 4 634102
2
563611 1 675759
2
438034 1 575463
-1
2
337376 4 370177
2
595147 3 589025
3
87113 1 690419 4 462192
2
473051 1 502177
2
571931 1 194264
2
413603 1 241793
2
167996 4 180189
2
83482 1 330779
2
59017 1 65038
2
507100 1 389817
-1
2
379798 3 486123
2
285010 4 77213
-1
2
481495 4 359517
2
433126 3 60600
2
491547 4 352212
-1
2
68620 1 528142
2
145409 4 108249
2
339511 1 421540
-1
2
43752 4 211488
2
471837 3 342275
2
651068 4 485457
2
643426 4 539200
2
472014 3 639325
2
609569 3 164509
3
578922 1 690419 3 58083
2
454317 4 683226
-1
2
51564 3 69247
3
558330 1 690419 4 430421
3
415942 1 690419 3 137202
-1
2
319213 2 438829
2
450484 1 230068
3
353326 1 690419 3 432066
-1
-1
2
301229 4 297848
-1
-1
2
686731 1 483990
-1
-1
2
57634 1 346272
2
375115 4 432628
2
233246 3 56691
-1
2
261055 1 539849
2
544765 3 3870
2
44648 4 200363
-1
3
573625 1 690419 4 311358
2
308625 4 241302
3
561034 1 690419 4 390761
3
143144 1 690419 3 210503
3
198800 1 690356 2 186082
2
627417 1 394793
3
688815 1 690419 4 5799
2
400012 1 598843
2
447528 1 229644
2
635102 4 218535
-1
2
447875 1 363167
2
679850 3 102556
2
275139 4 149666
3
614376 4 690419 1 502217
2
152076 3 630577
2
681266 3 685322
-1
-1
3
448096 4 690421 3 97737
2
610629 1 685373
-1
2
140300 4 680488
3
256059 3 690421 4 384097
2
496223 4 57923
2
581166 4 298286
-1
2
460397 4 510940
2
361804 3 27716
-1
3
220814 4 690419 1 76265
-1
-1
2
556161 1 136851
2
149831 4 513148
3
131735 1 690419 3 659739
2
5586 1 315533
2
114080 3 350397
2
349966 4 690378
-1
2
258381 4 491137
2
447213 4 650855
3
230832 1 690419 4 78716
2
74652 3 465253
2
510645 4 430404
-1
2
634876 3 184216
-1
-1
2
419547 4 648871
-1
-1
-1
-1
2
648908 1 294346
2
246021 4 458938
2
238685 1 201611
-1
2
179474 3 188879
2
94763 4 154680
2
372220 3 456956
3
3998 4 690356 2 575062
-1
2
362834 4 206776
2
358664 3 15703
2
103819 4 169204
2
122465 3 197967
2
469697 3 28865
2
194800 3 519941
2
236045 1 382266
2
47228 3 360526
3
75597 4 690421 3 539442
2
551994 4 162300
2
167856 3 517723
-1
2
663205 4 385220
2
133118 1 229561
3
639700 3 690421 4 105686
3
306118 1 690419 3 588233
-1
2
509037 1 473583
3
322872 4 690419 1 391965
2
146439 4 529588
-1
3
113422 1 690419 3 244761
3
12907 1 690419 4 244808
2
152521 4 75110
2
577688 3 172257
2
654785 3 84233
-1
3
117334 1 690419 4 27200
-1
-1
-1
2
471430 3 21346
-1
3
544984 3 690421 4 94873
-1
2
172328 1 599909
2
164330 1 306726
3
404499 3 690419 1 170763
3
450242 2 690348 3 524435
-1
2
549189 3 177800
3
352058 1 690419 3 256301
2
226378 4 549304
2
496274 3 132303
2
391259 3 283958
2
621870 1 337192
3
114479 4 690421 3 176710
2
38817 1 678457
3
235697 1 690419 4 352324
3
173060 3 690421 4 673925
2
164436 1 761
2
135490 3 439356
-1
2
578716 4 475595
3
83021 1 690419 4 346402
2
121068 1 519983
-1
-1
2
420629 4 394285
-1
-1
2
466663 1 97890
2
532795 3 272659
-1
3
20122 1 690419 4 659642
-1
3
318716 4 690419 1 156249
2
629648 4 59654
2
501607 3 251970
-1
2
240452 4 38797
2
677629 4 150889
-1
2
313856 3 154563
-1
3
588684 1 690419 3 175663
2
171283 1 403550
2
113966 3 397930
2
267490 1 236519
-1
3
314038 1 690356 2 516230
2
203951 1 29560
2
285598 4 104542
3
85092 1 690419 3 52441
3
497626 1 690052 5 641081
2
408146 3 275198
2
351838 4 205455
2
210097 4 443015
2
465439 3 602617
2
418210 4 535274
2
521896 3 586212
2
655772 4 452260
2
279676 1 134328
-1
2
632638 4 482813
2
282915 4 297832
2
92022 4 287783
2
97492 3 166082
2
489892 4 422006
2
110904 1 432837
-1
2
669210 4 145194
2
155533 3 195860
-1
2
200490 4 503875
3
460982 3 690421 4 608964
3
525186 4 690356 2 70181
3
146076 3 690421 4 374128
2
415796 4 547604
-1
2
607231 4 19761
2
86802 3 493616
2
78703 4 38677
2
266631 1 62194
2
504968 1 607855
3
587647 1 690419 3 66322
-1
-1
2
623135 3 190025
3
225868 3 690419 1 191316
-1
2
217726 4 169977
-1
3
672153 4 690419 1 28922
2
86245 4 511500
2
573569 1 213685
-1
2
377865 4 214072
-1
3
689521 1 690419 3 231701
2
105722 1 79594
2
687763 1 140102
3
187157 3 690419 1 105995
2
319331 4 675008
2
466625 3 685186
2
225716 3 665032
-1
3
50141 3 690419 1 367044
3
29405 1 690419 3 233500
-1
-1
-1
3
151456 4 690419 1 73111
3
35328 1 690419 4 504470
-1
2
325550 3 32118
-1
-1
-1
2
210530 1 637811
2
616086 3 534527
2
497243 4 91220
2
459100 3 35900
2
235676 3 666148
2
50499 1 11721
-1
3
518795 4 690419 1 441557
2
255159 4 584934
-1
3
337573 4 690421 3 677318
2
180024 3 256283
2
385869 1 31688
3
238821 3 690419 1 158215
2
300586 1 40049
3
469010 1 690419 3 623385
3
152473 4 690419 1 473295
-1
-1
3
648014 4 690419 1 307677
2
444766 3 582184
3
42375 1 690419 4 218109
2
163225 1 216852
2
285943 3 124281
2
326124 4 108477
2
331426 4 16757
2
1461 4 198907
2
506110 3 585320
-1
-1
3
194459 3 690419 1 36018
2
458961 3 89617
3
504630 4 690419 1 517456
2
478855 3 118197
2
130606 4 437680
2
264395 4 500101
-1
2
132880 4 588151
2
539679 1 262378
-1
-1
2
236547 4 294543
2
142587 4 325075
-1
2
574786 4 487512
2
549696 4 626493
3
529288 3 690419 1 317131
-1
2
133887 4 685959
2
420598 1 206989
2
223378 1 74918
-1
-1
-1
2
678616 3 423509
2
23073 3 53057
2
678088 3 440827
3
75579 4 690419 1 685239
2
294593 4 53916
2
496165 1 40986
2
231513 4 257944
2
402423 1 57347
2
112327 1 174556
3
513665 1 690419 3 366141
2
416498 4 651083
-1
2
598055 4 404595
3
449061 4 690419 1 194815
3
62881 1 690419 3 170431
2
573389 4 274289
2
310499 1 143485
2
532986 4 408782
-1
3
617396 3 690348 2 29456
-1
2
253252 1 59709
2
171619 1 18522
2
317989 3 535961
-1
2
432575 1 635658
-1
-1
-1
2
658704 1 356236
-1
2
577248 4 591907
-1
3
69653 3 690419 1 431544
2
672992 1 61318
-1
-1
-1
2
496574 4 549550
3
658224 4 690419 1 421556
2
582017 4 107222
3
118878 1 690356 2 641421
2
595508 4 312413
3
209408 1 690419 3 407097
-1
-1
2
684144 3 687503
2
488140 1 125468
-1
2
16631 4 245829
2
101757 1 128743
2
503225 1 330823
2
226780 4 5577
2
213941 3 682760
3
119070 4 690421 3 207862
2
86790 4 627673
2
335301 4 506591
2
39581 1 503473
-1
-1
-1
2
681422 4 661204
2
416260 4 676442
-1
2
71063 1 250736
2
655682 4 486679
2
532586 4 359723
-1
-1
2
358904 1 476556
2
61710 3 624783
-1
2
202142 3 19546
2
658800 1 386069
-1
2
604448 3 623778
2
487507 4 638705
3
12935 1 690419 3 640259
2
318912 3 254549
2
241768 1 412031
-1
3
76252 4 690419 1 444422
2
675507 4 426346
2
265008 3 434876
2
276213 1 432197
2
41215 1 566703
2
441689 4 12277
-1
2
244802 1 544474
3
186419 2 690348 3 81739
2
144867 4 31482
3
346110 1 690419 4 579272
2
414707 4 287851
2
323265 4 638280
2
93741 3 102728
2
345337 4 354923
3
633448 1 690356 2 35856
2
52835 3 83557
2
380493 4 326035
2
394096 4 116166
-1
2
430737 4 277234
2
41963 4 147836
3
647243 4 690419 1 543765
2
9222 1 198430
2
185912 1 95830
2
683330 3 173192
2
576595 3 78051
2
550682 3 464214
2
646580 1 60475
2
445639 4 246521
3
390740 3 690419 1 515141
2
622035 1 614762
2
541094 4 206699
2
167163 4 609617
-1
3
370816 3 690348 2 383383
2
538658 1 592365
2
519499 3 552293
3
632255 1 690419 3 626895
2
582390 4 122160
2
309223 3 22638
2
209145 4 364974
-1
-1
-1
3
132654 1 690419 3 370195
2
407711 1 158370
2
582170 1 48926
-1
-1
2
312737 1 518703
2
525018 3 454066
-1
3
325198 1 690419 3 516337
2
123167 4 414686
-1
2
486197 3 632749
2
232433 3 563509
2
158626 1 147733
2
298347 3 294084
-1
2
68974 4 642490
2
354653 3 541422
2
197653 3 657043
-1
-1
2
327288 1 521903
2
472387 4 50914
2
656291 4 461215
-1
2
171530 3 34734
-1
2
193365 1 561585
-1
2
459072 1 476459
2
170389 3 360378
-1
-1
2
123084 4 408822
-1
3
454601 4 690419 1 269804
2
276501 3 463237
2
625915 4 94266
3
240265 1 690419 3 15815
2
287562 1 237699
2
187125 1 196675
2
62864 3 593844
2
231795 1 623365
-1
2
584992 1 532938
3
520706 1 690419 3 26665
-1
2
242745 3 501937
3
230685 3 690419 1 102761
-1
2
57701 3 436015
-1
2
449696 4 517628
-1
2
399196 3 84765
2
655259 4 468885
-1
-1
2
110027 4 285531
3
93402 3 690419 1 161448
3
354060 1 690419 3 130557
2
80100 1 555480
3
379019 2 690348 3 592829
3
308959 1 690052 5 567746
2
611717 4 265209
2
36930 4 301278
-1
2
578909 4 14600
2
294117 4 482093
-1
2
682372 4 571442
2
242835 1 351153
2
325958 3 375994
2
643922 3 678387
2
289289 4 279480
2
662281 4 213749
-1
2
223437 4 305425
2
497901 3 503747
2
199710 1 660066
2
128671 3 571026
3
436246 1 690419 3 359263
2
162037 4 417667
2
652806 4 561385
3
423434 1 690419 4 488525
2
433264 1 117713
3
94838 3 690421 4 146189
2
652965 4 156040
2
620342 4 277780
3
364833 4 690419 1 399422
2
416696 4 391549
-1
-1
2
253382 4 129870
2
673031 3 383515
2
132763 4 373849
2
38056 4 683385
3
467294 3 690419 1 419733
2
22175 3 135960
2
682289 1 444185
-1
2
139762 4 651134
3
95954 4 690419 1 83972
-1
3
395509 2 690356 4 534046
2
596925 1 119062
2
648307 4 569024
-1
-1
-1
3
383503 4 690421 3 523600
2
478301 4 114172
3
151529 1 690419 3 305496
-1
-1
-1
2
248306 4 562575
-1
2
207331 4 128655
-1
2
83545 1 371054
-1
3
381615 1 690419 4 360134
2
573064 1 49728
3
12528 4 690419 1 502861
2
463511 3 415984
2
517188 1 177985
2
612614 3 178483
3
259675 4 690356 2 310214
3
379646 1 690356 2 218258
3
230603 1 690419 3 682498
3
472383 3 690419 1 248716
2
487497 1 112217
2
484156 3 647871
2
483963 4 618879
2
128498 1 606136
2
167670 2 352712
2
646032 4 374832
2
495287 4 118377
2
547278 3 658912
2
351712 4 496282
2
388182 2 67111
3
600635 4 690419 1 235695
-1
2
325912 3 92658
-1
2
484794 4 575331
3
242812 1 690419 3 287268
2
147759 4 677991
2
520255 1 158182
2
182663 3 375819
-1
2
124727 3 678642
2
43317 1 218042
3
484166 2 690356 1 229857
-1
2
135212 4 589205
2
242376 4 381768
3
669837 1 690419 3 621432
2
621986 4 318847
-1
2
310977 4 430858
3
367854 4 690421 3 255995
3
26316 1 690419 3 669017
-1
2
87838 3 627017
2
182583 3 42902
3
645725 3 690421 4 367268
3
521405 1 690419 3 263331
2
445181 4 282806
-1
2
524487 4 216368
3
590595 1 690419 3 158229
-1
-1
2
530470 4 145969
2
538289 1 672043
2
566206 1 649318
3
350057 1 690419 3 623568
2
298047 4 361037
2
468563 4 628433
2
622986 3 25896
2
623142 1 625127
2
670768 1 550280
3
444887 3 690419 1 44821
2
27381 3 156150
3
341770 4 690419 1 645953
2
450254 3 12057
2
568326 4 30511
3
225664 1 690419 3 210837
2
280155 3 619782
2
216279 4 571077
2
79345 4 433262
2
26916 3 344413
-1
-1
2
482691 4 301538
2
632130 1 414007
2
249238 4 115074
-1
2
233092 4 432160
3
160668 3 690421 4 268461
-1
3
384901 3 690419 1 667137
-1
2
391613 4 44391
2
380781 4 354837
2
522892 4 227040
-1
2
262060 4 419871
-1
3
213245 1 690419 3 578002
-1
3
157921 3 690421 4 461892
2
580848 1 381052
2
467692 4 417876
-1
-1
2
202931 4 511888
2
607 4 117455
2
622182 4 194761
2
354426 4 212931
2
461445 4 595981
-1
2
199804 1 657470
3
674724 1 690419 3 369426
-1
2
387338 4 476290
2
221990 4 321328
2
658741 4 445662
2
309755 4 47008
2
9291 4 504483
-1
2
162728 4 642524
2
472776 3 325244
2
171618 3 677863
2
342036 4 267792
3
105962 1 690419 3 645226
2
537878 4 62344
-1
2
593177 4 94075
2
35850 4 438219
2
531798 4 105717
-1
3
584315 1 690419 3 56259
2
667356 3 319498
-1
2
169041 3 115208
2
138914 4 686711
3
414706 1 690419 3 285369
-1
2
347111 4 464591
3
646764 3 690419 1 614930
-1
3
215732 3 690419 1 33699
3
451595 3 690419 1 304466
3
99692 1 690356 2 412290
2
416364 4 677072
2
543146 4 223051
-1
-1
3
49732 3 690419 1 311875
2
260338 4 507231
3
602649 1 690419 3 267742
-1
2
141576 4 272312
3
168301 4 690421 3 171605
2
140294 4 386623
2
290021 1 263856
-1
3
514957 4 690421 3 383857
2
68233 1 238697
3
212426 1 690419 3 73490
2
623698 3 396876
2
527004 4 119973
2
352373 4 129828
2
519668 3 389644
3
551693 3 690419 1 88901
3
498315 3 690419 1 547848
3
298296 4 690419 1 20237
-1
-1
-1
3
175545 4 690419 1 17884
2
108033 4 325226
2
470177 3 406029
-1
-1
-1
-1
-1
2
388737 4 334198
-1
2
332302 1 438700
3
556034 1 690419 4 33751
-1
-1
3
208618 4 690421 3 264262
2
454294 4 577412
2
573286 4 525890
2
33194 1 501018
-1
-1
2
407743 4 489356
2
238391 1 453874
-1
2
531901 4 658095
3
413109 3 690421 4 498007
3
454551 1 690419 3 575732
2
334837 1 355576
-1
-1
-1
