2
124824 1 91547
2
156563 1 51559
2
196464 1 105888
2
10328 1 41972
2
21148 1 25750
2
221939 1 31953
2
10110 1 29063
2
9119 1 120667
2
148534 1 20242
2
135249 1 3102
2
12393 1 51207
2
17490 1 163657
3
182757 2 235211 1 170024
2
66532 1 198275
2
34986 1 140644
2
96657 1 104395
2
28322 1 209740
2
58158 1 103605
2
173286 1 37115
2
224986 1 18162
2
222116 12 208772
2
87840 1 177244
2
196610 1 203551
3
52131 1 235210 4 178829
2
8323 1 221050
2
171771 1 233893
2
62341 1 24127
2
23497 1 198347
2
44776 1 29697
2
139485 1 29126
2
111040 1 145315
2
87415 1 169086
2
133030 1 219121
2
190408 1 133946
2
102802 1 59896
3
48860 1 235191 5 71385
2
204702 1 79794
2
204023 1 163559
2
194595 3 51624
2
73832 1 140785
2
64946 1 85176
2
99761 1 155138
3
150024 8 235206 1 118801
2
93610 9 146442
2
223378 5 41592
2
197062 1 131794
2
169772 2 176098
2
125346 1 105279
2
42789 1 149679
2
173587 1 92495
3
55973 5 235191 1 123976
2
84389 1 200263
2
139513 1 57302
2
153484 2 27965
2
220595 1 219246
2
4590 1 225786
2
176056 1 209845
2
227170 1 150342
2
224566 1 71246
2
34017 1 137091
2
50695 1 194044
2
216636 12 135684
2
193604 1 230278
2
109885 1 200428
2
203043 1 80642
2
88158 1 205327
2
42272 1 149832
2
88829 1 83111
2
181779 1 195359
2
89392 5 61340
2
158770 2 230711
2
147245 1 80061
3
224761 1 235211 10 29711
2
88205 1 37992
2
26240 1 221263
2
136001 1 182592
2
27777 2 217380
2
27189 1 198293
2
141398 1 197345
2
174723 1 79605
3
35077 2 235211 1 142570
2
57108 1 19121
2
149914 1 41843
2
186358 1 71503
2
39080 1 204848
3
164035 1 235206 8 56869
2
233901 2 197520
2
180798 1 206250
2
179583 2 4563
2
214935 8 100454
2
21685 12 204529
2
225595 1 85897
2
76923 1 188532
2
302 1 164283
2
205973 1 150825
