2
82929 1 73252
2
637034 1 219469
-1
3
194312 1 803898 2 721169
2
471411 1 197053
-1
2
138578 1 492098
2
241918 1 603703
2
734258 1 209482
2
529764 1 77135
2
632313 1 527145
2
450311 1 273469
2
105434 1 34706
2
104899 1 358368
-1
2
257335 1 752834
2
284798 1 101104
2
628905 1 166
2
317037 1 510930
3
606810 1 803898 2 150156
3
140465 1 803898 2 523763
3
795783 2 803898 1 239353
2
308235 1 215108
2
552404 1 503888
2
384750 1 686717
2
97126 1 26505
2
733809 1 210605
2
130385 1 481777
2
450701 1 704781
2
801990 1 702962
-1
2
459493 1 258662
2
40251 1 195761
3
730895 2 803898 1 245945
2
205079 1 216972
2
455923 1 495734
-1
3
666293 2 803898 1 116136
2
512075 2 388597
2
243929 1 441500
-1
2
532305 1 231169
2
13106 1 732960
3
718760 3 803900 1 109146
-1
2
803779 1 652070
-1
3
715911 3 803900 1 627192
2
639056 1 659078
-1
2
262845 1 383665
2
96259 1 627220
3
465108 1 803900 3 463486
-1
2
191500 1 381989
-1
2
77931 1 120067
2
731908 3 465795
2
334040 1 396984
2
491601 1 742555
2
96673 3 307685
3
478493 1 803898 2 354416
-1
2
146112 1 574674
-1
2
646613 1 19559
2
652835 1 662694
3
603351 1 803898 2 129902
2
210878 1 58850
3
166309 2 803898 1 379324
2
458042 1 114881
-1
2
363400 1 122621
2
730827 1 162748
2
159630 1 630783
3
151037 3 803900 1 754568
-1
-1
-1
2
94122 1 170288
2
373884 1 517541
-1
-1
2
240283 1 689959
-1
2
171994 1 470066
-1
2
363013 1 363432
2
377364 1 139767
2
121649 1 87238
-1
3
111089 2 803898 1 797001
3
753883 2 803898 1 279651
2
412369 1 766552
-1
2
10919 1 95722
3
144508 2 803898 1 528422
-1
2
303142 1 612
-1
2
704384 1 558624
2
580775 1 759247
2
222882 1 426433
-1
2
236908 1 688012
-1
2
523290 1 283550
3
593881 1 803898 2 641804
-1
2
495468 1 557141
2
573192 1 275614
2
540271 1 242907
-1
3
80210 1 803898 2 724928
2
135607 1 712839
2
766846 1 645725
2
796082 3 575136
2
32693 1 613087
2
776672 1 593662
2
580228 1 141295
2
367944 1 156576
2
485899 1 500458
2
549446 1 747571
2
61034 1 676568
2
552207 3 749414
-1
2
287428 1 516638
2
263424 1 5894
3
355797 3 803900 1 401205
2
151540 1 340642
2
19756 1 70640
-1
-1
2
376924 1 215992
-1
2
212001 1 84980
-1
2
580769 1 572749
2
539285 1 342523
2
240836 1 141645
2
200858 1 146233
2
133119 1 82992
3
557016 1 803900 3 229186
-1
2
370603 1 712016
2
134931 1 270802
2
245557 3 552207
2
378674 1 244272
2
29188 1 401936
2
604289 1 657437
2
137514 1 540006
2
716511 1 30273
2
753723 1 193922
2
182059 1 443710
2
169297 1 316782
2
402857 3 334646
2
550613 1 470465
2
429806 1 32158
2
281788 1 608417
2
736266 3 107881
2
724533 1 317443
2
586320 1 106934
-1
-1
2
382816 1 29944
2
450266 1 685641
2
664352 1 21731
2
512842 1 521344
-1
-1
2
11214 1 623796
3
486544 1 803898 2 327686
2
433906 1 522624
2
151244 1 108954
-1
-1
2
743540 2 428288
2
215088 1 611098
2
119902 1 300336
2
518693 3 464497
3
94614 1 803900 3 223431
2
447858 1 711211
2
83286 3 209811
2
217433 1 322178
2
494848 1 368972
2
189540 1 703728
2
714585 1 475395
3
789657 3 803900 1 663016
2
459399 1 112681
-1
-1
-1
-1
2
566995 1 462661
2
119289 1 242446
3
729797 2 803898 1 436007
2
642272 1 400579
2
476686 1 502218
-1
2
31170 1 570383
-1
2
366475 1 65902
-1
-1
3
471664 2 803898 1 388466
2
320972 1 17280
2
693674 1 90574
2
708831 1 396374
-1
2
554958 1 531619
2
264615 1 102064
-1
2
45020 1 454755
3
151287 3 803900 1 617864
2
198707 1 192515
-1
2
359187 1 219674
2
219063 1 221393
2
740135 1 258146
2
552281 1 120897
-1
2
550906 1 694915
3
293373 1 803900 3 235258
2
20565 1 3419
2
15626 1 233540
-1
2
311579 1 671005
2
232830 1 475310
2
622562 3 654050
2
487298 1 439642
2
230712 1 79005
2
302317 1 181917
2
782015 1 374028
-1
2
170191 1 688304
2
507149 1 107352
2
482433 1 197912
2
457479 1 68361
2
594729 1 519244
2
389694 1 654542
2
552699 1 55488
2
504058 3 144392
3
491801 4 803150 1 31483
-1
2
430988 1 304687
-1
2
462873 1 783423
2
427221 1 209327
2
793134 1 367210
2
29422 1 707593
2
347469 1 606416
2
249149 1 219544
2
275809 1 769045
3
770996 1 803900 3 665073
2
252213 1 525149
-1
2
411580 1 729917
2
308040 1 107809
2
76598 1 461822
2
576390 1 596127
2
66208 1 158301
2
740271 1 68599
-1
2
65581 1 603406
2
113611 1 142404
3
357082 3 803900 1 495350
2
106546 1 627152
2
418768 1 181596
2
403036 1 631502
2
143130 1 763898
2
417821 1 57703
2
404639 1 458116
2
119474 1 58204
3
597401 2 803898 1 588433
2
203948 1 298765
2
570023 1 765784
-1
2
265561 1 509814
-1
2
693980 1 434387
2
742653 1 535941
2
759515 1 218245
2
644185 1 363309
3
256525 3 803900 1 661586
2
355748 1 466488
2
646994 1 125446
2
413904 1 285148
2
203967 1 233716
2
506153 1 679659
2
679696 1 549527
2
275186 3 28917
2
536960 1 374205
-1
2
61397 1 675259
2
98306 1 329279
3
435872 3 803900 1 101526
2
547803 1 649242
2
254010 1 79009
2
67515 1 589783
2
632422 3 656884
-1
3
412992 6 803817 1 450809
2
429488 1 190407
-1
2
544785 1 322137
2
83259 1 38965
2
459371 1 385489
-1
2
532899 1 160833
2
497171 1 337198
3
599195 1 803900 3 109741
2
180936 1 475567
2
116436 1 562523
2
440999 1 575773
2
512292 1 715973
2
356048 1 318467
2
637296 3 305534
2
261350 1 152216
2
161864 1 189565
-1
2
1610 1 93831
2
749823 1 640483
2
571252 1 524393
-1
2
759677 1 579195
3
524818 2 803898 1 677233
2
19913 1 384404
2
465079 3 618053
2
324536 1 525415
-1
2
97925 1 363772
2
578623 1 26523
-1
3
760480 1 803900 3 781126
-1
2
582545 1 103561
3
167818 1 803898 2 615120
2
352977 3 123794
2
587387 1 105571
-1
2
387608 1 178513
-1
2
208312 1 769561
-1
-1
2
334005 1 445879
-1
-1
2
391729 1 473050
3
783805 3 803900 1 108131
2
672214 1 719775
-1
3
363967 3 803900 1 663079
3
345758 3 803900 1 306715
2
298221 1 564041
3
358922 1 803898 2 35148
2
310994 1 634129
2
581366 1 527122
2
722071 1 161731
2
784890 1 109391
2
651216 1 127181
2
582114 1 518645
2
485994 1 93694
2
182016 1 42467
-1
-1
-1
2
454850 1 748661
-1
2
145336 1 663182
-1
2
658955 1 85510
2
663 1 595017
2
403557 1 480483
2
143379 1 280676
2
28396 1 301761
2
316374 1 42812
-1
3
188681 2 803818 3 105883
-1
2
561633 1 566470
3
312820 2 803898 1 564786
2
240599 1 672933
2
707839 1 567102
-1
3
467922 1 803900 3 256900
2
19487 1 339271
3
109584 1 803900 3 513735
2
773333 3 33771
2
797170 1 771246
2
723172 1 706613
2
770180 1 583609
-1
2
101352 1 370850
2
91918 1 238137
3
572305 1 803898 2 471589
2
715546 1 46015
2
178059 1 714771
2
229792 1 593181
-1
2
458925 1 542828
2
162861 1 603627
-1
2
52543 1 767001
2
480871 1 686291
-1
-1
2
588114 1 792172
2
182578 1 147191
2
717393 1 587244
2
699882 3 305862
-1
2
766291 1 593081
2
518206 1 519824
-1
2
152658 1 216880
2
166123 1 627570
-1
2
614258 1 465602
2
688457 1 216665
-1
3
359614 1 803900 3 803012
2
758477 1 639280
2
294880 1 146559
-1
3
181925 2 803898 1 651933
-1
3
511145 1 803900 3 165474
3
626522 1 803898 2 390982
2
262296 1 521202
2
500643 1 280627
2
577414 3 46905
2
271171 1 42194
2
348670 1 234555
2
35176 1 121108
-1
2
649658 1 477355
2
209847 1 670285
2
162527 1 637194
2
73286 1 98592
2
105310 1 302754
-1
2
67136 1 535865
-1
-1
2
678265 1 524364
3
144265 1 803900 3 673348
2
451992 1 702820
2
236705 1 546087
-1
-1
2
33032 1 658816
2
705963 1 107007
2
478329 1 254169
2
696038 1 525486
2
526876 1 739444
2
773274 1 284201
-1
-1
-1
2
313573 1 53646
2
6221 1 95437
3
37416 1 803898 2 222734
2
721054 1 675940
2
427357 1 181257
2
425204 1 501183
2
146893 3 119981
2
86685 1 751855
2
146419 1 438083
2
795163 1 229619
3
638730 1 803900 3 329951
3
266476 2 803898 1 8280
2
385782 1 305830
2
540428 2 138792
2
54226 1 214089
-1
2
448063 1 754911
-1
-1
2
690555 1 634899
-1
2
136893 1 760342
-1
2
391919 1 557977
2
770763 1 797332
-1
2
175516 1 254909
3
224380 1 803898 2 359073
2
718664 1 531079
2
42674 1 334358
2
111625 1 149457
2
357368 1 652503
2
39792 1 409025
2
728340 1 239663
2
692550 1 731450
2
465333 1 372394
-1
2
165207 1 678917
2
765623 1 789619
2
789360 1 455857
-1
-1
2
90559 1 723319
2
650862 1 481007
-1
2
497717 1 682929
-1
-1
3
188360 3 803900 1 246823
2
230824 1 299011
-1
2
696126 1 54072
-1
2
588645 1 573661
-1
2
248634 1 664590
-1
-1
2
265648 1 514489
3
573286 3 803900 1 38973
2
433428 1 701930
2
72207 1 493346
-1
-1
2
740435 1 628089
2
608604 1 288761
2
577400 1 391518
3
484982 3 803900 1 334468
2
513243 1 133436
3
622499 1 803900 3 680374
2
280952 1 459845
2
568407 1 741317
-1
2
561231 1 567954
2
331796 1 756893
3
5523 3 803900 1 314111
2
388699 1 55490
3
742966 3 803900 1 421816
-1
2
781632 1 640309
2
160783 1 562816
2
546022 1 10659
2
50637 1 362248
2
98747 1 677715
-1
-1
2
485371 1 399599
2
333861 1 468270
2
608815 1 535218
2
566928 1 482466
-1
-1
3
488087 1 803898 2 50184
2
462888 1 204656
2
506586 3 556802
2
41720 1 476834
-1
3
721170 1 803900 3 345063
-1
2
203190 1 438903
-1
2
165292 1 14536
-1
-1
2
692149 1 209086
2
143755 1 678896
2
627350 1 115086
-1
2
616407 1 585551
2
113650 1 776096
2
282558 1 212699
2
459082 1 718247
2
750201 1 250559
2
185551 1 651892
2
741459 1 740030
2
203556 1 79532
-1
-1
2
242799 1 451193
-1
-1
-1
3
502245 1 803898 2 540329
2
26014 1 44854
2
163425 1 667857
2
583324 1 519972
2
719009 1 494626
-1
2
441896 1 510174
-1
-1
2
130435 3 448571
2
232921 1 140696
2
540174 1 428710
-1
2
80083 1 795730
-1
2
795087 1 301011
-1
2
11711 1 574268
3
575251 3 803900 1 233801
2
487600 1 722482
-1
-1
2
686432 1 282177
2
367397 1 761667
3
802839 3 803900 1 635386
2
278344 1 473123
-1
3
35665 6 803817 1 694624
2
173875 1 581868
2
399932 1 142387
2
174336 1 388726
2
387861 1 546951
2
736080 3 725190
2
780423 1 524665
2
42571 1 365007
-1
2
97850 1 799130
2
288664 1 497500
2
313656 1 541145
2
487110 3 523229
3
391892 1 803898 2 125047
2
15403 1 355205
2
87241 1 632857
2
680810 1 589910
2
688914 1 531882
2
23233 1 331667
2
661647 1 396487
-1
-1
-1
-1
2
798594 1 767886
2
114427 1 619946
2
207169 1 683389
2
599494 1 791423
2
283137 1 453924
2
415674 3 381531
2
580749 1 538738
3
596398 1 803900 3 231538
2
565695 1 638749
2
636704 1 97669
-1
2
278463 1 86345
2
320223 3 696318
-1
3
300977 1 803898 2 108697
-1
3
475697 2 803898 1 617305
2
516855 1 798134
-1
-1
2
203879 1 714469
-1
2
779254 1 692630
2
101356 1 379383
2
641280 1 650565
2
490204 1 229432
2
767326 3 783861
2
221953 1 634556
3
79851 1 803900 3 656436
-1
3
23834 3 803900 1 300998
2
452057 1 456011
2
544672 1 81813
2
347744 1 393056
3
247964 2 803898 1 192828
-1
2
748703 3 10474
2
298037 1 503050
-1
2
658317 1 175866
2
653017 1 44727
2
351359 1 631040
3
757656 1 803900 3 576646
2
669711 1 110540
2
407981 1 463660
2
445833 1 266746
2
782846 1 429032
2
395898 1 560897
2
22610 1 445005
2
190634 1 450314
3
199893 1 803900 3 585613
2
437743 1 64035
-1
-1
-1
2
150537 1 513878
2
252314 1 520821
2
591155 1 288252
2
85673 2 665061
2
443732 1 517992
2
436411 1 223993
2
717029 1 77626
2
797828 1 30328
2
795546 1 451734
3
100942 1 803900 3 586640
2
508706 1 355087
3
262760 3 803900 1 360815
-1
2
444528 1 681396
3
598450 1 803900 3 319797
3
419080 1 803898 2 517355
2
622829 1 271992
2
73693 1 62842
2
493906 1 475640
2
57165 1 20390
2
1938 1 325369
-1
2
790793 1 509241
3
80211 1 803900 3 632535
2
422568 1 280739
2
342335 1 446879
-1
-1
2
23725 1 26359
2
532125 1 256205
-1
2
644759 1 315348
2
347866 1 542771
2
491769 1 459857
-1
2
706041 1 376337
-1
2
57849 1 405733
2
113620 1 656610
2
378479 1 616916
-1
2
594570 1 71361
2
161100 1 116798
2
599561 1 455261
-1
-1
2
783467 1 533795
2
564042 1 529220
-1
3
83042 1 803898 2 722288
2
2169 2 85308
-1
3
471515 4 803150 1 613808
2
416325 1 69182
2
786716 1 244146
-1
-1
2
267082 1 719869
2
308082 1 688299
2
298925 1 549275
2
792955 2 42855
2
501294 1 539910
2
150413 1 651452
2
615296 1 108689
-1
2
741569 1 634561
-1
-1
2
385677 1 383408
-1
2
488844 1 682715
3
576489 1 803898 2 535359
2
477229 1 17692
-1
2
165537 1 703988
-1
2
700853 1 234373
2
411995 1 672773
2
101541 1 35953
2
654369 1 749308
-1
3
478694 3 803900 1 242818
2
78991 1 69723
2
236641 1 72779
2
353133 1 181079
2
327719 1 428682
2
54983 1 373130
2
777084 1 373994
2
388520 1 507523
2
64496 1 403865
2
50024 1 574218
2
629088 1 421795
2
55639 1 341715
3
252829 3 803900 1 704655
2
373311 1 402849
2
284624 1 668464
2
390322 1 210228
-1
2
591901 1 710922
3
380885 2 803898 1 121382
2
547640 1 25123
-1
2
419027 1 9957
2
629974 1 433819
-1
2
273144 1 624600
2
128623 1 132653
-1
2
471826 1 662366
-1
3
605046 1 803898 2 625284
-1
2
74469 1 240233
2
240142 1 113574
-1
2
103454 1 86074
2
128953 1 476590
2
583887 1 428419
-1
2
127810 1 319171
2
293943 1 425572
2
52061 1 245778
2
663559 1 490227
-1
-1
-1
2
715743 1 79983
2
73977 1 742612
2
386308 1 339142
2
571860 1 114411
2
26120 2 164769
2
664767 1 755966
3
230965 1 803898 2 629748
-1
3
580318 6 803817 1 769031
-1
-1
-1
-1
2
404888 1 653100
2
477039 1 790836
2
319846 1 703050
2
251720 1 421753
2
218941 1 669535
2
658934 1 257549
2
562718 2 123461
3
745771 1 803898 2 340001
2
218939 1 323316
2
634847 1 77819
2
119877 1 594531
2
501159 1 650608
2
718939 1 230986
-1
-1
2
81538 1 42419
2
503342 1 307731
-1
2
701009 1 279969
2
91679 1 600520
-1
3
134017 1 803900 3 44629
2
588702 1 313140
-1
-1
2
715256 1 520919
2
636144 1 146489
2
701258 1 36395
2
253469 1 264689
2
12675 1 711272
2
314771 1 723080
2
541469 1 173700
-1
3
709413 1 803898 2 653170
2
310296 1 738690
-1
2
387721 1 131250
-1
3
788188 1 803900 3 445814
2
172427 1 275586
2
773856 1 671930
2
625276 3 135213
2
253944 1 334746
-1
2
124332 1 296738
2
132894 1 527819
-1
2
307019 1 624554
2
366824 1 263682
-1
3
657274 1 803900 3 236603
2
332893 1 169332
2
487774 1 771405
3
115208 1 803900 3 623094
2
377589 1 552436
-1
-1
3
122742 1 803900 3 4672
-1
2
233419 1 580403
2
254352 3 423171
2
521316 1 208351
-1
2
336029 1 101006
2
691279 1 24012
2
286719 1 638819
2
428042 1 671413
2
803688 1 753672
-1
2
565500 1 344945
3
553186 2 803898 1 108244
2
484420 1 219997
2
464319 1 444958
2
64372 1 211546
2
614270 1 299203
2
76775 1 93939
3
351931 2 803898 1 187146
2
773693 1 531618
2
65934 1 542059
-1
-1
2
790086 1 381943
3
375350 1 803900 3 506138
2
469465 3 317726
2
772061 1 342103
2
195030 3 74972
2
213673 1 658795
-1
-1
-1
2
596640 1 675483
-1
2
172623 1 759518
2
228567 1 568017
3
132817 3 803900 1 28035
-1
