2
460 1 700
2
106 3 112
2
947 3 1458
2
915 3 776
2
1333 3 23
2
1383 1 521
2
452 2 639
2
1485 4 1194
2
498 3 174
2
1060 4 197
2
607 2 1078
2
995 1 789
2
325 21 978
2
47 2 191
2
938 2 1065
2
967 3 204
2
543 1 740
2
821 4 881
2
1119 4 487
2
1346 2 750
2
521 3 428
2
1071 3 338
2
1227 4 626
2
558 2 863
2
690 3 918
2
218 4 889
2
343 3 1026
2
1094 3 1079
2
966 3 264
2
914 3 557
2
1373 4 920
2
1037 2 1322
2
1442 4 1382
2
1344 4 1153
2
298 3 1179
2
1404 3 1058
2
1384 3 159
2
1184 1 408
2
365 4 202
2
718 1 134
2
1071 1 892
2
1107 3 1221
2
195 4 236
2
848 3 993
2
561 3 15
2
496 4 548
2
1 4 1116
2
900 3 637
2
834 4 786
2
270 1 649
2
904 3 506
2
50 3 882
2
997 3 498
2
811 5 1179
2
649 1 1057
2
410 4 822
2
174 1 1248
2
378 4 535
2
934 2 42
2
1150 1 1169
2
990 3 539
2
479 1 1347
2
1239 3 747
2
436 1 1347
2
327 2 62
2
154 3 1056
2
191 1 539
2
941 4 678
2
607 4 160
2
336 2 75
2
1155 7 1234
2
198 8 99
2
950 1 856
2
1409 1 943
2
1471 1 1430
2
626 3 624
2
900 3 748
2
814 1 479
2
162 3 1052
2
117 4 508
2
1016 4 729
2
366 3 370
2
625 4 207
2
1254 3 225
2
1141 8 1332
2
416 2 769
2
457 3 1350
2
1304 1 302
2
383 8 40
2
1374 3 634
2
1394 2 231
2
950 1 465
2
940 3 1115
2
1382 3 532
2
592 4 934
2
1097 3 508
2
155 8 24
2
926 2 56
2
1293 4 808
2
884 19 1460
2
206 1 414
2
758 3 304
2
1169 1 1471
2
948 4 385
2
811 2 1195
2
777 4 299
2
1236 3 515
2
1174 3 113
2
182 4 586
2
1163 2 455
2
170 3 1486
2
979 1 1444
2
1218 3 305
2
1093 4 1024
2
154 3 208
2
1096 1 1057
2
305 3 957
2
1088 4 670
2
1350 4 1043
2
400 3 23
2
1078 4 1109
2
115 3 21
2
191 1 832
2
1361 4 1110
2
119 1 206
2
1074 3 1225
2
227 4 978
2
595 4 94
2
642 1 700
2
558 2 510
2
1177 2 358
2
6 1 1113
2
105 3 1048
2
513 1 100
2
1261 3 1131
2
1197 4 152
2
1161 1 917
2
178 3 871
2
1182 4 394
2
59 1 553
2
386 3 21
2
299 1 1208
2
1227 4 1385
2
704 1 244
2
1006 2 935
2
484 4 659
2
707 4 91
2
425 4 1118
2
653 2 433
2
128 4 89
2
1061 2 644
2
305 3 1203
2
680 2 578
2
1292 2 2
2
1279 4 133
2
1350 3 366
2
751 16 709
2
621 8 152
2
539 1 1115
2
1455 4 489
2
166 1 1013
2
358 3 987
2
1248 1 1183
2
495 4 944
2
365 4 338
2
465 4 974
2
265 2 1058
2
1044 3 1175
2
124 3 1012
2
1214 1 809
2
546 1 1105
2
591 3 445
2
895 4 1485
2
1454 3 715
2
157 3 428
2
50 3 1058
2
1292 3 892
2
1261 4 85
2
909 3 26
2
427 1 130
2
68 8 777
2
1118 1 1488
2
22 1 1445
2
573 4 185
2
171 1 984
2
1105 11 201
2
404 1 1090
2
1285 4 1298
2
415 4 448
2
563 1 1046
2
803 2 1307
2
1242 1 955
2
1324 3 1106
2
450 4 222
2
25 8 884
2
470 4 1386
2
72 8 998
2
976 1 1027
2
1082 1 1447
2
170 4 1470
2
825 8 884
2
865 1 803
2
496 4 976
2
451 2 656
2
513 1 599
2
683 3 1365
2
388 2 607
2
583 4 1087
2
817 1 596
2
986 1 1416
2
692 1 893
2
1143 4 581
2
193 2 529
2
1283 3 150
2
411 2 1480
2
574 2 733
2
1168 3 517
2
515 3 802
2
550 4 1006
2
407 4 1147
2
483 2 1296
2
885 3 500
2
155 16 325
2
1217 3 834
2
1224 4 199
2
696 4 353
2
1274 4 873
2
1046 3 195
2
586 4 415
2
711 3 593
2
639 3 1090
2
1170 1 682
2
952 4 1381
2
976 1 439
2
540 3 313
2
918 3 447
2
267 4 1314
2
1430 3 449
2
133 1 960
2
1426 2 952
2
1363 1 156
2
627 4 1373
2
142 4 2
2
1274 4 1278
2
697 1 1263
2
62 3 1147
2
1368 3 176
2
758 3 904
2
605 2 1202
2
1175 4 1160
2
272 1 1050
2
442 4 260
2
1241 3 1271
2
726 4 825
2
783 3 12
2
997 4 137
2
434 3 1231
2
98 4 780
2
196 1 239
2
1172 4 1429
2
593 4 846
2
900 3 227
2
299 3 793
2
955 4 101
2
685 4 1487
2
292 4 616
2
198 4 1062
2
909 1 1349
2
640 4 862
2
642 4 149
2
647 4 1118
2
453 3 639
2
180 1 1434
2
246 16 1161
2
522 1 225
2
1102 8 51
2
1150 3 285
2
1391 4 1307
2
1077 1 82
2
641 1 1181
2
827 1 1351
2
356 2 1106
2
1262 2 636
2
897 1 1166
2
448 4 412
2
264 2 863
2
561 3 324
2
780 1 296
2
129 4 44
2
172 3 434
2
23 1 221
2
1018 3 426
2
290 1 65
2
199 4 560
2
1345 2 388
2
840 4 1132
2
890 4 1438
2
643 3 1143
2
981 3 566
2
801 4 269
2
1121 4 956
2
41 4 1328
2
992 3 1035
2
1363 16 530
2
1058 2 1273
2
1388 1 19
2
964 2 1368
2
592 4 355
2
1189 3 904
2
1157 3 807
2
1089 1 1216
2
473 4 156
2
821 1 910
2
800 1 1226
2
1209 4 297
2
822 3 860
2
558 3 591
2
1022 3 613
2
811 11 1375
2
1054 3 512
2
561 3 1106
2
1118 4 835
2
1265 8 59
2
341 4 424
2
29 3 965
2
683 4 1399
2
1175 4 292
2
1426 4 922
2
759 4 1165
2
273 2 1194
2
748 3 878
2
39 3 150
2
723 4 247
2
1337 3 999
2
672 8 260
2
422 1 522
2
428 3 259
2
469 16 417
2
200 2 639
2
732 3 1241
2
851 3 932
2
318 8 1262
2
498 3 852
2
131 2 1276
2
771 3 366
2
659 4 892
2
812 1 1367
2
1192 4 1378
2
745 3 1072
2
1480 3 133
2
593 2 66
2
389 2 1331
2
469 3 609
2
176 1 1349
2
1411 4 61
2
659 4 613
2
1079 11 419
2
7 4 34
2
435 4 314
2
1011 1 943
2
681 1 960
2
252 4 1464
2
598 4 942
2
720 4 612
2
945 4 1144
2
979 4 1410
2
1009 1 529
2
999 3 1134
2
293 3 1150
2
454 3 47
2
693 4 1155
2
461 4 883
2
482 15 1141
2
493 3 1478
2
8 4 968
2
287 3 680
2
429 2 71
2
1379 4 878
2
111 3 1295
2
440 2 743
2
921 1 437
2
1236 3 1332
2
126 1 230
2
1236 3 1229
2
1380 4 1055
2
996 1 369
2
148 2 480
2
325 16 71
2
582 3 1485
2
1274 12 119
2
637 4 954
2
823 3 429
2
802 3 750
2
592 4 545
2
856 4 1176
2
393 4 862
2
995 1 743
2
1221 3 591
2
1173 1 702
2
697 3 711
2
1318 4 33
2
1131 3 654
2
1378 4 535
2
1209 3 528
2
950 1 189
2
147 1 943
2
557 1 895
2
1168 3 1398
2
452 1 1251
2
457 1 355
2
1352 1 478
2
1108 3 95
2
1081 3 54
2
687 3 1486
2
1060 7 102
2
546 1 1297
2
1211 2 968
2
288 4 1362
2
103 1 475
2
1471 3 1339
2
1089 1 1071
2
1066 3 1292
2
405 4 94
2
983 2 413
2
187 4 1005
2
1061 4 649
2
919 1 1138
2
445 3 1314
2
786 2 1098
2
90 1 878
2
179 2 1330
2
277 3 603
2
1023 2 491
2
627 5 1008
2
725 5 335
2
185 3 1444
2
1157 3 1179
2
1290 4 1025
2
1052 3 738
2
981 1 1218
2
450 3 1306
2
451 1 1399
2
869 2 1128
2
98 8 68
2
83 2 1232
2
496 4 4
2
404 2 732
2
286 3 550
2
985 3 343
2
773 3 639
2
1222 1 271
2
1298 2 1288
2
1105 7 233
2
560 4 659
2
92 1 96
2
1476 1 908
2
1116 3 654
2
1487 4 1348
2
1286 1 296
2
1247 2 986
2
716 3 203
2
1193 3 776
2
519 2 743
2
912 4 1153
2
928 4 869
2
707 9 1081
2
419 16 252
2
299 3 863
2
1308 3 776
2
477 4 33
2
146 4 50
2
1461 4 1051
2
570 8 568
2
53 3 429
2
822 3 965
2
642 4 1470
2
1262 7 1234
2
1357 2 1388
2
929 1 630
2
1232 2 1209
2
1272 3 900
2
739 3 10
2
1070 1 1046
2
99 3 1356
2
865 1 1198
2
234 4 1024
2
738 3 1199
2
1121 3 1380
2
997 2 362
2
770 1 454
2
1251 1 1394
2
1101 3 865
2
1356 4 616
2
827 1 966
2
749 3 767
2
893 4 195
2
116 4 1336
2
851 4 1129
2
203 3 1212
2
252 4 466
2
729 4 1278
2
1250 1 1093
2
1420 5 862
2
1278 4 130
2
928 4 32
2
1037 3 602
2
376 2 1357
2
749 3 1441
2
867 3 322
2
543 1 175
2
107 1 874
2
48 3 343
2
385 3 751
2
497 3 587
2
1380 1 171
2
1303 7 1277
2
178 3 355
2
976 2 41
2
369 1 896
2
16 4 1020
2
1194 1 815
2
1301 4 1391
2
1277 3 447
2
1424 1 874
2
52 3 239
2
507 1 225
2
439 1 537
2
1293 4 1464
2
375 4 1285
2
416 4 1082
2
299 1 1416
2
444 2 410
2
26 4 236
2
181 1 781
2
88 1 378
2
1415 3 513
2
828 2 699
2
450 1 347
2
870 3 345
2
1000 3 268
2
659 8 1430
2
975 4 794
2
1386 4 56
2
1310 1 1031
2
1140 4 898
2
197 2 889
2
1157 3 340
2
957 1 814
2
1003 1 1022
2
1283 4 861
2
1066 3 435
2
725 4 1161
2
151 3 1425
2
804 3 1080
2
179 3 195
2
791 9 647
2
1364 2 594
2
1136 1 114
2
909 1 758
2
41 2 510
2
1105 1 114
2
616 4 866
2
1352 4 525
2
837 4 625
2
1297 1 855
2
609 3 1389
2
213 3 1124
2
973 1 604
2
147 4 792
2
1185 1 553
2
704 3 759
2
763 4 910
2
1217 3 399
2
1390 3 343
2
162 4 242
2
51 8 1044
2
1000 3 253
2
1159 3 904
2
410 2 995
2
355 3 994
2
1049 3 739
2
736 3 264
2
241 3 609
2
63 4 339
2
289 4 752
2
33 4 248
2
615 1 31
2
1314 3 1308
2
1042 1 337
2
461 4 1235
2
1275 4 224
2
177 4 1210
2
1145 4 365
2
896 1 908
2
390 4 177
2
75 4 488
2
1220 1 414
2
570 4 838
2
804 3 179
2
353 8 1081
2
438 3 427
2
56 4 987
2
264 3 45
2
1182 2 517
2
1216 1 708
2
1089 1 1043
2
313 3 50
2
148 2 564
2
1030 4 488
2
1238 2 1251
2
817 2 264
2
172 3 1085
2
1058 2 902
2
1380 4 275
2
1003 4 192
2
798 3 1199
2
857 4 536
2
231 8 1407
2
990 3 1400
2
929 4 1456
2
270 1 1136
2
855 8 1291
2
1313 12 254
2
705 3 1486
2
1092 3 1368
2
343 3 539
2
1485 4 32
2
1151 1 1444
2
891 3 992
2
835 4 1274
2
167 4 660
2
212 4 583
2
11 3 753
2
677 1 750
2
155 4 1014
2
62 3 703
2
370 3 373
2
903 4 647
2
352 2 358
2
492 4 465
2
805 4 1103
2
1407 9 852
2
1246 8 706
2
182 4 800
2
71 8 1123
2
428 3 1100
2
543 1 926
2
1449 3 1177
2
787 4 479
2
851 4 1003
2
521 1 1166
2
919 1 1071
2
150 3 231
2
917 2 902
2
834 3 1044
2
753 3 999
2
1410 4 20
2
912 4 472
2
476 3 958
2
698 1 1424
2
653 2 876
2
1414 2 581
2
444 1 1108
2
659 4 97
2
1304 1 1284
2
124 4 592
2
198 4 382
2
910 1 575
2
1156 2 776
2
425 4 1167
2
639 2 790
2
1414 3 1226
2
685 4 496
2
1256 1 713
2
646 4 913
2
508 3 1421
2
1013 1 894
2
660 4 283
2
454 16 709
2
1285 4 332
2
627 1 1169
2
87 1 1244
2
1011 1 973
2
287 1 1097
2
853 1 960
2
1182 4 403
2
500 2 871
2
1380 1 855
2
698 1 778
2
1359 3 1038
2
269 4 1330
2
1318 3 1302
2
1475 7 242
2
245 3 316
2
880 1 287
2
676 1 37
2
570 4 795
2
1346 2 1042
2
75 2 983
2
863 3 1220
2
877 4 713
2
1377 3 798
2
1101 4 1214
2
571 4 344
2
468 3 293
2
175 1 1084
2
1435 1 814
2
1452 2 941
2
503 1 302
2
170 4 577
2
245 2 995
2
1339 3 255
2
714 3 1072
2
1035 3 1225
2
457 3 602
2
1451 1 1259
2
1399 1 1207
2
814 4 456
2
392 1 523
2
386 3 206
2
140 3 803
2
19 1 1394
2
389 3 44
2
1079 4 265
2
978 2 661
2
606 3 310
2
1075 1 742
2
717 4 611
2
895 1 599
2
1292 4 149
2
1024 4 1471
2
951 4 669
2
726 3 358
2
30 1 531
2
479 1 1136
2
1336 3 769
2
322 1 1027
2
928 4 1397
2
1089 1 1468
2
838 1 1445
2
465 4 1293
2
1012 1 1457
2
511 2 1135
2
1359 3 822
2
416 4 368
2
1407 9 1408
2
92 4 1357
2
1214 4 837
2
139 3 277
2
876 3 282
2
148 4 1240
2
393 3 1490
2
1490 3 484
2
467 4 269
2
1399 4 949
2
1234 8 132
2
792 4 639
2
683 3 928
2
780 1 795
2
1265 16 273
2
349 4 942
2
686 1 119
2
1229 4 920
2
928 1 142
2
865 3 1106
2
1354 2 1222
2
671 2 1396
2
1027 1 539
2
272 1 831
2
116 4 1097
2
761 4 222
2
91 4 840
2
18 1 1069
2
1225 3 605
2
488 4 172
2
934 1 1147
2
656 4 240
2
1195 4 426
2
310 2 1431
2
949 3 1221
2
612 2 1086
2
1334 1 1043
2
1387 4 158
2
828 3 619
2
389 1 769
2
482 1 1394
2
925 3 798
2
834 3 504
2
745 4 583
2
555 1 288
2
707 4 1078
2
1425 3 619
2
1436 7 175
2
1367 1 1221
2
460 1 1064
2
22 2 265
2
1285 5 1303
2
1387 4 739
2
1207 1 250
2
491 2 912
2
1380 1 1115
2
208 1 136
2
988 1 1245
2
91 3 451
2
1333 2 455
2
1463 1 1451
2
758 1 910
2
688 3 1490
2
1171 1 27
2
218 1 1007
2
1132 3 525
2
1126 4 586
2
478 1 1448
2
1066 3 1246
2
186 2 1284
2
366 3 981
2
1461 1 1021
2
1014 2 874
2
833 1 1097
2
1440 2 1098
2
1084 3 190
2
41 3 290
2
1359 1 701
2
1067 4 832
2
1234 7 178
2
1484 16 251
2
1261 7 482
2
1359 3 1101
2
1030 3 302
2
889 16 738
2
863 2 151
2
1022 3 426
2
326 3 673
2
236 4 807
2
261 4 82
2
942 4 462
2
491 4 756
2
712 4 328
2
261 4 462
2
1334 1 630
2
162 4 491
2
760 4 497
2
721 4 333
2
834 4 92
2
4 4 165
2
1255 1 430
2
578 1 718
2
981 2 1080
2
1013 3 328
2
298 4 1341
2
974 3 558
2
384 3 1347
2
401 3 61
2
386 3 697
2
1283 3 68
2
801 1 1259
2
1037 2 610
2
703 3 741
2
1311 1 250
2
767 1 1022
2
64 1 316
2
1051 4 1026
2
818 5 635
2
1265 8 878
2
512 3 1175
2
1139 3 8
2
882 4 1387
2
906 4 261
2
632 8 458
2
1069 1 1433
2
734 1 397
2
361 2 718
2
1486 3 605
2
38 2 358
2
312 1 812
2
12 4 461
2
238 4 1392
2
560 2 1440
2
1357 4 734
2
42 4 1301
2
777 4 70
2
1336 3 1335
2
785 4 1353
2
321 1 1016
2
1413 7 1297
2
669 1 685
2
1204 3 90
2
154 4 1340
2
612 2 714
2
400 2 230
2
735 3 219
2
363 1 539
2
170 1 271
2
255 3 1374
2
618 4 1340
2
864 4 989
2
720 4 736
2
1056 3 1430
2
290 3 918
2
577 2 593
2
503 2 184
2
911 1 141
2
1399 1 895
2
898 4 875
2
1466 4 999
2
1349 4 633
2
1464 3 818
2
70 3 928
2
497 3 835
2
309 2 285
2
795 1 803
2
1366 4 1085
2
488 4 887
2
786 4 425
2
981 3 1149
2
874 1 1463
2
2 4 60
2
1289 4 123
2
706 8 475
2
1152 2 588
2
1121 3 1218
2
404 2 486
2
1356 4 857
2
662 2 1006
2
145 2 1135
2
434 4 420
2
1153 4 1390
2
459 2 639
2
707 11 1205
2
1020 4 7
2
153 3 497
2
261 4 1418
2
184 4 111
2
1317 2 1152
2
606 4 903
2
358 3 692
2
264 3 498
2
267 4 456
2
568 3 551
2
646 2 1480
2
905 4 1066
2
643 3 971
2
289 4 1145
2
733 2 622
2
574 3 161
2
186 3 553
2
434 3 1294
2
1196 1 574
2
933 9 601
2
805 4 889
2
399 6 125
2
527 1 675
2
637 4 530
2
897 1 1399
2
65 4 712
2
4 4 31
2
970 1 392
2
316 11 419
2
666 4 1283
2
1149 3 119
2
397 3 305
2
219 1 197
2
1426 4 998
2
420 4 487
2
231 2 819
2
848 8 1133
2
1041 4 844
2
893 1 1380
2
202 3 50
2
22 2 751
2
894 2 101
2
24 3 1179
2
435 3 313
2
354 3 154
2
736 3 110
2
1077 4 267
2
494 3 1483
2
1121 3 213
2
867 3 637
2
563 1 1418
2
486 4 364
2
453 1 549
2
346 4 424
2
186 3 931
2
1156 2 1480
2
4 4 1477
2
1071 3 1137
2
754 4 788
2
614 4 333
2
1161 1 1011
2
808 3 84
2
441 8 1026
2
1150 1 646
2
217 8 76
2
582 3 918
2
1282 3 609
2
1072 7 197
2
410 2 556
2
1411 2 455
2
852 4 510
2
1063 3 820
2
396 1 872
2
155 4 1262
2
680 3 323
2
643 4 103
2
173 2 148
2
410 4 1327
2
449 4 800
2
871 4 1001
2
831 1 1012
2
232 4 188
2
115 4 1469
2
504 3 379
2
93 4 1395
2
1104 4 240
2
1429 4 326
2
67 4 420
2
543 2 79
2
888 2 1419
2
1022 1 555
2
1209 2 224
2
61 3 1197
2
572 1 697
2
1086 3 1103
2
1255 1 960
2
1390 1 769
2
117 7 1401
2
361 4 944
2
834 4 378
2
15 3 822
2
308 4 1435
2
857 4 36
2
1309 4 220
2
1367 1 882
2
1392 1 1207
2
610 1 686
2
1181 4 1452
2
724 1 943
2
1358 1 200
2
51 8 306
2
1040 2 1222
2
668 4 1355
2
1348 4 1001
2
41 3 136
2
651 4 861
2
972 3 1044
2
794 4 1073
2
927 2 481
2
437 4 85
2
1446 4 35
2
1217 3 295
2
158 3 94
2
992 3 479
2
1078 3 373
2
468 1 270
2
436 7 33
2
1406 3 714
2
1056 3 981
2
1308 3 586
2
570 4 734
2
1032 4 255
2
1029 4 1136
2
758 2 248
2
606 1 398
2
558 2 419
2
1156 2 57
2
197 4 331
2
921 1 191
2
1332 3 115
2
1176 2 603
2
273 2 1144
2
70 2 175
2
882 4 40
2
918 3 1284
2
1045 1 911
2
627 1 1358
2
651 4 637
2
669 1 303
2
1005 4 65
2
828 2 1417
2
1403 2 76
2
1015 2 1144
2
91 3 416
2
1330 2 64
2
953 4 496
2
176 1 65
2
1399 2 1156
2
907 4 1442
2
926 1 909
2
1439 3 967
2
967 4 1319
2
630 3 1179
2
825 4 1398
2
1035 3 447
2
1454 1 769
2
603 3 435
2
439 4 643
2
307 3 835
2
39 3 1117
2
1477 8 1332
2
1267 8 125
2
1258 4 61
2
901 2 1055
2
294 3 370
2
467 1 1300
2
465 1 1242
2
19 8 443
2
443 3 618
2
1149 3 637
2
507 1 468
2
830 4 785
2
42 4 712
2
112 4 760
2
1391 3 1272
2
1288 4 792
2
355 1 290
2
1125 3 443
2
215 3 668
2
131 4 155
2
1126 4 988
2
1121 3 11
2
437 1 1281
2
1413 3 1135
2
1081 3 115
2
1217 3 933
2
574 1 917
2
1082 1 1349
2
1031 1 225
2
547 4 431
2
757 3 1422
2
895 4 314
2
466 4 1161
2
319 3 1050
2
206 3 614
2
71 9 1304
2
584 1 760
2
364 4 331
2
1469 4 165
2
296 1 627
2
1251 1 910
2
537 4 1160
2
715 4 1371
2
119 3 671
2
225 1 1142
2
961 3 711
2
396 1 550
2
880 3 990
2
1345 4 800
2
1136 4 20
2
637 4 729
2
82 4 447
2
1367 1 776
2
1445 1 1463
2
1240 4 1074
2
1249 2 728
2
1072 8 88
2
52 3 430
2
1087 1 780
2
379 8 1438
2
663 4 989
2
1127 4 792
2
966 1 318
2
922 3 386
2
344 2 401
2
1344 1 1194
2
60 4 866
2
1091 3 429
2
679 1 249
2
682 1 803
2
1463 3 746
2
259 3 1415
2
611 3 961
2
274 3 936
2
897 1 767
2
113 3 575
2
236 2 29
2
865 1 209
2
729 4 395
2
241 3 1059
2
366 4 530
2
296 4 1378
2
1087 1 714
2
560 2 1151
2
168 4 340
2
1009 9 237
2
1077 1 854
2
426 3 373
2
238 3 413
2
602 3 49
2
993 2 1235
2
737 5 1214
2
952 4 712
2
466 4 902
2
428 4 898
2
1316 4 1177
2
844 1 672
2
558 2 169
2
774 4 920
2
241 3 587
2
283 2 845
2
1336 3 1347
2
208 1 686
2
1047 7 222
2
1410 4 708
2
150 3 264
2
1327 3 1058
2
1490 3 830
2
596 4 220
2
176 1 553
2
58 2 680
2
1415 3 334
2
708 3 1458
2
488 4 542
2
652 3 1221
2
1210 4 1121
2
1101 3 394
2
621 3 497
2
617 3 989
2
968 2 1476
2
262 4 524
2
245 2 121
2
944 4 396
2
75 3 1066
2
888 1 928
2
452 4 138
2
1076 3 652
2
485 4 805
2
746 3 1434
2
809 1 1389
2
1125 3 590
2
975 2 474
2
1454 4 1387
2
1370 4 397
2
364 4 1318
2
65 1 37
2
1005 8 213
2
430 1 173
2
637 3 885
2
867 2 543
2
280 4 371
2
172 1 1033
2
237 8 1196
2
6 1 819
2
176 1 938
2
995 4 739
2
667 1 1093
2
875 4 1153
2
26 4 1130
2
723 4 1225
2
598 1 513
2
283 4 211
2
669 1 1151
2
540 3 1318
2
307 3 66
2
1291 3 1097
2
677 4 905
2
1476 3 1375
2
705 3 688
2
1128 2 615
2
785 4 36
2
13 3 551
2
625 3 1398
2
559 1 704
2
387 4 1191
2
1286 4 93
2
1351 4 264
2
89 3 1257
2
1102 4 146
2
1160 4 577
2
947 3 477
2
513 1 981
2
1077 1 627
2
354 1 620
2
396 1 333
2
987 3 159
2
1091 4 510
2
700 1 767
2
691 1 658
2
1088 4 108
2
567 4 861
2
176 1 1258
2
117 4 736
2
326 4 1392
2
1240 7 811
2
938 2 1095
2
1123 3 784
2
303 3 936
2
1143 3 925
2
1388 4 1340
2
385 3 603
2
407 4 589
2
851 2 1023
2
47 2 248
2
218 1 606
2
760 2 662
2
1240 4 1257
2
795 3 735
2
1486 3 1280
2
645 1 979
2
642 4 643
2
571 4 1438
2
959 4 998
2
416 3 453
2
1168 1 1165
2
677 1 23
2
1299 15 564
2
601 5 324
2
739 3 263
2
1428 1 724
2
694 4 488
2
84 3 542
2
176 1 520
2
541 3 1049
2
155 4 247
2
323 1 1168
2
759 3 363
2
273 3 476
2
49 3 434
2
454 1 448
2
559 1 411
2
858 1 75
2
310 2 1448
2
37 1 1465
2
273 2 5
2
1131 3 238
2
376 3 1041
2
744 3 1193
2
1393 4 1045
2
278 2 1202
2
448 4 898
2
1078 2 776
2
961 3 820
2
771 3 1257
2
1146 3 1078
2
307 3 66
2
1381 4 371
2
1361 4 1167
2
1050 1 682
2
596 4 183
2
779 3 966
2
900 3 1108
2
363 3 1291
2
912 3 597
2
593 3 105
2
610 1 611
2
1099 1 299
2
755 1 859
2
1134 3 1048
2
631 3 484
2
1102 8 71
2
1208 2 338
2
1158 1 928
2
479 4 898
2
148 4 1285
2
1060 4 266
2
879 2 1295
2
362 1 318
2
1281 4 1280
2
756 3 1310
2
541 3 694
2
120 1 692
2
1226 1 1114
2
1223 4 280
2
1042 1 362
2
53 3 926
2
1231 4 1178
2
712 4 1106
2
1350 4 1036
2
752 3 921
2
127 1 1343
2
974 3 1021
2
266 1 681
2
1090 3 525
2
395 4 17
2
1319 1 703
2
1109 1 1284
2
869 4 1318
2
503 1 299
2
814 1 704
2
499 3 395
2
255 3 683
2
147 4 1049
2
548 4 759
2
1199 4 913
2
672 3 66
2
968 2 772
2
1385 4 942
2
1246 3 1079
2
321 2 251
2
717 4 840
2
1248 4 534
2
296 4 617
2
1110 3 438
2
1457 2 883
2
1249 2 997
2
323 4 1274
2
305 3 166
2
1031 4 1060
2
1068 2 475
2
380 4 701
2
663 2 1250
2
1217 3 247
2
1330 4 602
2
418 2 689
2
417 5 144
2
1355 4 3
2
616 4 909
2
1225 3 1063
2
946 3 1302
2
730 3 1282
2
130 1 641
2
1169 1 1248
2
786 2 117
2
1408 4 759
2
1174 4 207
2
365 4 427
2
109 1 1165
2
420 4 230
2
709 9 279
2
790 3 13
2
495 4 608
2
612 4 885
2
480 1 819
2
1046 16 524
2
521 3 1102
2
105 1 100
2
214 8 514
2
637 4 40
2
1164 4 835
2
425 4 1028
2
1206 4 222
2
1141 4 132
2
1283 4 1104
2
335 8 1365
2
902 4 1384
2
1242 4 829
2
912 3 1120
2
877 2 1232
2
682 4 736
2
501 4 1130
2
1094 3 195
2
673 3 421
2
588 3 1315
2
932 8 884
2
1489 4 880
2
1239 3 1306
2
386 3 789
2
1408 4 1409
2
380 2 433
2
1064 2 664
2
1371 9 271
2
83 2 1273
2
717 4 1351
2
1209 8 1213
2
1128 3 1485
2
14 4 118
2
1166 1 109
2
166 1 1094
2
27 4 374
2
144 4 1434
2
425 4 1342
2
801 1 1173
2
687 3 1199
2
1277 4 265
2
457 2 129
2
57 2 1303
2
1162 1 1140
2
1238 2 444
2
1182 2 779
2
1416 1 775
2
314 4 324
2
1019 4 903
2
384 2 685
2
1187 3 906
2
1477 1 239
2
59 1 1416
2
934 1 391
2
1315 4 199
2
1023 3 13
2
640 4 1479
2
758 2 1078
2
831 2 1332
2
47 4 60
2
566 3 343
2
544 1 1376
2
954 1 1437
2
1055 4 925
2
847 3 1261
2
17 2 57
2
637 4 526
2
979 3 891
2
1347 1 549
2
671 2 972
2
100 3 277
2
223 1 1069
2
333 1 584
2
1132 3 1441
2
112 4 1352
2
603 2 534
2
1035 3 499
2
202 3 575
2
1003 1 946
2
192 2 1137
2
1366 4 1210
2
639 2 40
2
1142 4 1085
2
1399 1 559
2
844 4 1224
2
1045 2 1354
2
26 3 836
2
1465 1 422
2
1355 4 1032
2
419 11 880
2
711 16 1265
2
818 4 1011
2
424 1 1087
2
1174 1 1138
2
146 4 995
2
155 4 1147
2
224 4 1168
2
36 2 527
2
126 1 667
2
573 4 1290
2
1193 3 1360
2
171 1 72
2
1281 8 217
2
139 1 611
2
998 4 508
2
180 2 1055
2
475 1 430
2
492 3 1282
2
757 3 634
2
954 1 544
2
1185 1 1168
2
1250 2 940
2
1349 1 797
2
883 2 1330
2
1402 3 894
2
844 1 221
2
404 4 1459
2
1052 3 974
2
23 4 129
2
425 4 57
2
629 3 203
2
405 4 514
2
359 4 407
2
594 2 352
2
304 3 124
2
373 3 932
2
483 2 273
2
40 4 501
2
536 2 1232
2
1035 4 33
2
657 1 120
2
923 3 1193
2
1383 1 1168
2
449 3 339
2
388 1 665
2
711 4 461
2
989 1 1457
2
15 5 580
2
236 4 528
2
961 3 755
2
837 8 409
2
107 1 1477
2
492 2 131
2
1132 4 1392
2
706 8 159
2
1405 2 959
2
783 2 685
2
1049 4 467
2
42 4 1469
2
406 3 363
2
763 2 1399
2
319 3 656
2
809 2 47
2
255 3 377
2
715 3 166
2
924 3 231
2
1399 2 1322
2
1269 3 1400
2
707 1 105
2
304 3 157
2
580 5 737
2
546 3 466
2
1176 2 630
2
987 4 1371
2
383 1 766
2
868 4 911
2
503 4 804
2
1027 3 11
2
776 1 719
2
713 4 1299
2
735 3 22
2
1441 1 1001
2
170 3 587
2
690 4 60
2
1422 4 1144
2
174 1 10
2
382 2 1273
2
1094 3 1076
2
877 2 482
2
1200 3 699
2
30 4 687
2
352 2 1054
2
446 1 1466
2
231 3 887
2
528 3 784
2
1108 3 456
2
164 1 1007
2
1322 2 446
2
1203 3 469
2
965 4 353
2
802 5 1401
2
377 3 565
2
1163 1 313
2
1464 3 311
2
538 4 1037
2
1433 4 850
2
963 8 1193
2
655 4 584
2
1337 3 58
2
3 1 1431
2
1391 4 1119
2
1344 4 55
2
1359 2 1357
2
1147 1 218
2
1084 4 491
2
678 4 857
2
141 3 55
2
1348 2 1050
2
219 1 657
2
333 4 93
2
620 1 1046
2
929 1 858
2
1026 3 1078
2
3 3 643
2
509 1 68
2
622 3 1217
2
1417 1 1395
2
1245 4 1230
2
485 1 859
2
30 4 128
2
16 3 1406
2
590 3 426
2
1298 2 845
2
86 1 775
2
629 3 688
2
878 1 700
2
730 3 757
2
23 3 1059
2
198 1 973
2
1248 4 1106
2
337 3 1232
2
459 1 1321
2
21 1 482
2
877 3 695
2
1356 3 284
2
45 4 146
2
1487 4 861
2
65 3 1375
2
382 2 1055
2
777 8 1303
2
238 3 78
2
1042 2 1014
2
1245 2 589
2
332 2 479
2
1407 8 232
2
107 1 1243
2
674 4 798
2
622 1 677
2
459 1 963
2
1351 1 1210
2
1040 2 871
2
301 1 257
2
1436 4 1211
2
849 4 1410
2
850 2 1319
2
1307 4 98
2
252 4 1251
2
168 4 27
2
1243 1 848
2
823 4 1304
2
78 1 1256
2
1182 2 1068
2
1040 2 588
2
1120 3 736
2
1484 4 662
2
1423 1 480
2
624 4 1357
2
701 1 703
2
290 1 760
2
883 2 959
2
701 1 1381
2
1335 1 469
2
652 2 976
2
477 3 1120
2
1075 4 146
2
744 3 1021
2
865 3 623
2
528 3 1277
2
1486 4 1248
2
411 1 436
2
1342 3 433
2
292 4 1080
2
28 2 565
2
619 3 523
2
955 1 156
2
302 1 615
2
1154 1 1471
2
661 3 804
2
1297 1 223
2
826 3 523
2
944 4 12
2
993 4 1328
2
1486 3 469
2
1103 3 1049
2
633 4 930
2
899 4 642
2
130 1 771
2
1308 3 426
2
123 3 1103
2
213 3 965
2
620 1 1284
2
141 3 1146
2
867 3 1103
2
1329 1 34
2
56 4 161
2
1415 4 1067
2
404 1 710
2
55 3 1282
2
1402 3 75
2
1120 3 1080
2
99 3 620
2
1341 1 1288
2
968 9 1234
2
910 1 962
2
1367 1 1399
2
883 3 165
2
426 3 104
2
716 3 626
2
891 2 728
2
1318 3 208
2
1049 2 475
2
298 2 72
2
1472 1 1287
2
133 1 642
2
687 3 418
2
593 3 654
2
1385 3 835
2
1153 23 580
2
857 4 851
2
395 4 378
2
1467 3 178
2
760 1 1000
2
355 12 441
2
1021 1 1013
2
1056 3 278
2
1035 1 1115
2
506 4 825
2
908 3 915
2
441 2 1317
2
679 2 786
2
457 3 284
2
1288 3 497
2
971 1 764
2
909 3 154
2
924 3 362
2
1432 2 1330
2
619 3 1421
2
4 4 1204
2
617 4 559
2
1108 3 493
2
964 16 1261
2
824 8 884
2
426 4 56
2
776 3 693
2
1395 1 1258
2
463 4 1145
2
980 3 105
2
645 1 518
2
521 1 234
2
1361 4 1153
2
531 1 1147
2
462 3 194
2
1407 16 881
2
5 2 358
2
214 2 196
2
1275 3 376
2
347 1 1087
2
1040 4 1416
2
447 3 118
2
923 2 332
2
416 2 544
2
854 4 499
2
10 3 593
2
257 1 839
2
1290 3 15
2
1255 3 693
2
762 2 1078
2
1056 3 1475
2
836 3 1102
2
567 7 635
2
77 3 979
2
656 2 828
2
10 4 786
2
794 4 502
2
107 3 1063
2
521 1 78
2
1279 2 65
2
826 3 494
2
675 3 1422
2
86 3 1205
2
996 3 1278
2
1329 5 1420
2
1335 1 31
2
1223 3 675
2
591 3 268
2
452 1 495
2
24 16 612
2
1335 4 920
2
822 3 692
2
635 7 501
2
169 2 197
2
1234 8 335
2
1461 1 1191
2
62 8 233
2
1132 3 1018
2
958 3 827
2
1224 16 417
2
1353 2 656
2
883 3 1066
2
283 4 1079
2
1077 1 243
2
1022 3 748
2
623 3 1476
2
673 3 828
2
689 2 311
2
569 3 506
2
1309 4 579
2
135 4 1482
2
600 4 488
2
833 1 606
2
790 2 986
2
795 1 844
2
656 2 40
2
75 2 842
2
45 3 1123
2
1313 1 1188
2
1414 4 1034
2
811 2 1197
2
955 4 477
2
487 3 1451
2
75 1 1113
2
1402 3 1056
2
429 3 493
2
1439 2 651
2
1167 4 1200
2
1263 3 1179
2
1171 5 143
2
663 2 1420
2
431 4 60
2
350 2 38
2
1242 1 94
2
745 2 714
2
905 2 440
2
186 3 1204
2
1053 3 178
2
898 4 115
2
1023 3 1382
2
919 1 509
2
676 1 396
2
1252 2 122
2
511 1 776
2
37 4 729
2
1351 1 475
2
274 2 1292
2
1289 4 1299
2
644 1 378
2
549 1 1242
2
376 2 350
2
761 4 382
2
954 2 741
2
628 2 1128
2
238 3 1110
2
250 1 117
2
1258 4 199
2
179 3 1038
2
865 1 357
2
1003 1 856
2
44 3 897
2
1194 1 272
2
483 3 322
2
699 3 160
2
421 2 298
2
757 3 791
2
275 4 185
2
257 3 985
2
191 3 922
2
772 2 245
2
80 4 955
2
1168 1 482
2
413 2 182
2
1015 3 932
2
1470 4 902
2
454 1 865
2
1251 1 460
2
828 3 471
2
775 1 960
2
232 3 115
2
981 2 727
2
808 3 303
2
1118 1 764
2
212 2 840
2
930 4 195
2
360 8 684
2
1169 3 974
2
744 3 1063
2
463 1 1043
2
411 1 642
2
377 11 1060
2
1370 2 874
2
863 3 504
2
1431 1 1147
2
218 3 1029
2
394 3 812
2
311 2 1335
2
983 3 900
2
314 4 874
2
121 2 1335
2
1041 4 700
2
1098 4 1122
2
1202 2 1399
2
1475 2 628
2
933 2 702
2
695 3 26
2
1183 2 964
2
304 3 993
2
634 1 271
2
366 3 1212
2
1259 4 1487
2
471 4 519
2
632 5 1162
2
66 2 196
2
75 1 92
2
246 8 647
2
236 2 389
2
1335 1 1466
2
913 4 1229
2
625 4 1322
2
1300 3 870
2
695 4 356
2
173 2 959
2
1336 3 1080
2
1128 2 1177
2
371 3 1363
2
45 3 389
2
428 3 84
2
703 1 37
2
887 3 867
2
1020 4 476
2
1117 2 577
2
348 3 692
2
86 1 297
2
564 1 1194
2
883 2 1372
2
336 4 910
2
632 7 165
2
796 3 767
2
455 3 1350
2
333 1 1148
2
139 4 1006
2
774 3 565
2
875 4 1274
2
883 2 68
2
131 11 990
2
1478 3 1099
2
1176 2 975
2
1028 4 1102
2
1248 8 24
2
675 1 1012
2
1070 4 187
2
1349 1 892
2
220 2 954
2
124 2 609
2
802 3 626
2
1059 3 992
2
885 3 406
2
1326 3 1239
2
566 4 963
2
848 1 1417
2
148 2 1128
2
160 3 1354
2
433 11 1297
2
1447 4 1374
2
953 4 1066
2
1087 4 918
2
434 4 1009
2
967 3 842
2
490 3 451
2
804 3 1395
2
471 3 534
2
188 1 1069
2
863 3 94
2
683 8 1234
2
1435 1 1276
2
646 1 972
2
1405 13 417
2
1167 1 938
2
317 2 1362
2
172 1 838
2
1109 1 598
2
821 4 26
2
84 11 1164
2
1125 4 269
2
1421 4 289
2
1311 1 1469
2
1110 3 456
2
820 1 910
2
346 3 512
2
359 2 272
2
434 3 710
2
210 1 571
2
1419 3 1085
2
1359 1 1099
2
1468 3 1333
2
268 3 38
2
538 4 476
2
1194 8 1265
2
731 3 650
2
1466 1 301
2
1041 3 593
2
1382 4 1227
2
521 1 569
2
959 2 809
2
554 2 585
2
1101 3 1368
2
397 3 628
2
761 4 1033
2
1426 4 759
2
32 4 55
2
250 1 578
2
857 4 920
2
628 3 1093
2
890 3 613
2
743 4 655
2
434 4 1309
2
972 2 783
2
290 1 1256
2
86 3 726
2
626 3 1402
2
368 4 980
2
1484 1 1245
2
1267 3 218
2
680 2 751
2
691 3 232
2
705 3 426
2
672 1 719
2
672 7 57
2
662 2 173
2
549 3 185
2
324 4 356
2
235 4 1077
2
1109 4 348
2
1391 3 664
2
1144 4 171
2
295 3 1291
2
1004 2 1235
2
621 3 533
2
1422 4 722
2
1200 3 1137
2
825 4 461
2
348 3 434
2
1208 1 846
2
134 4 474
2
182 2 1323
2
470 4 1410
2
1223 3 1151
2
1480 16 1407
2
1172 3 1063
2
846 1 1198
2
669 1 811
2
35 1 180
2
1147 3 1197
2
10 1 1381
2
640 1 92
2
1070 4 235
2
797 1 789
2
221 4 968
2
250 3 162
2
1017 2 281
2
899 2 376
2
1361 4 35
2
1465 3 449
2
1079 4 948
2
517 4 659
2
658 4 1175
2
614 2 636
2
1292 4 666
2
906 3 664
2
1045 1 1454
2
557 3 1049
2
563 3 1081
2
1160 4 408
2
1386 4 1308
2
830 3 91
2
510 4 878
2
175 2 1274
2
483 2 344
2
674 2 670
2
1204 4 244
2
56 4 304
2
543 1 74
2
473 4 923
2
1293 4 42
2
599 3 348
2
400 2 1117
2
489 3 971
2
222 4 42
2
770 1 212
2
1426 2 356
2
1382 3 695
2
563 1 827
2
480 2 840
2
987 3 396
2
1342 1 1313
2
1247 4 462
2
347 11 237
2
533 1 755
2
797 3 455
2
1243 1 67
2
736 3 1149
2
176 3 61
2
313 1 878
2
1445 3 1102
2
1293 4 775
2
992 3 749
2
1491 2 1232
2
549 1 672
2
679 3 1132
2
244 2 41
2
524 16 313
2
3 4 1482
2
114 4 540
2
629 4 942
2
422 1 159
2
116 4 472
2
1067 2 382
2
884 9 1202
2
234 3 338
2
705 3 1147
2
452 1 507
2
518 4 1285
2
1019 3 851
2
177 4 1013
2
608 3 1391
2
575 3 567
2
1061 4 1225
2
347 4 967
2
383 9 1289
2
790 2 858
2
51 8 275
2
410 4 218
2
907 3 726
2
224 2 1151
2
364 1 523
2
554 3 823
2
7 4 1162
2
97 2 1414
2
819 4 26
2
425 4 1009
2
821 4 426
2
974 4 1198
2
96 1 1165
2
979 1 90
2
1204 3 914
2
1260 3 434
2
952 4 307
2
742 1 631
2
1098 4 1201
2
1043 1 1483
2
899 3 21
2
1188 1 266
2
510 4 626
2
1244 4 931
2
763 4 1381
2
1228 1 1444
2
650 3 359
2
1140 1 661
2
674 4 458
2
311 2 560
2
309 3 1464
2
1063 3 683
2
1082 4 1331
2
71 2 362
2
1212 1 19
2
1396 3 586
2
493 4 1082
2
1131 3 1449
2
1096 2 38
2
169 2 1490
2
1070 4 1040
2
1458 2 129
2
1034 4 183
2
889 4 1466
2
203 3 105
2
347 1 675
2
765 1 1198
2
836 8 383
2
380 4 660
2
783 4 347
2
675 4 1366
2
372 2 57
2
398 1 391
2
6 1 73
2
877 2 479
2
846 1 697
2
105 1 909
2
1409 1 109
2
971 3 541
2
903 4 999
2
1069 11 709
2
1253 1 1351
2
1278 3 1199
2
214 2 440
2
802 4 942
2
536 4 1149
2
25 3 1231
2
1210 1 94
2
1305 1 167
2
1018 4 578
2
1018 3 933
2
1193 8 1082
2
1362 2 1409
2
484 3 1405
2
1369 4 494
2
618 1 684
2
951 4 1115
2
1357 2 376
2
24 3 15
2
1195 4 259
2
203 3 1086
2
573 4 63
2
1220 3 871
2
575 3 1280
2
1338 3 1249
2
867 3 688
2
1446 4 1421
2
499 4 42
2
501 4 1488
2
20 3 781
2
35 1 173
2
1281 4 85
2
279 1 598
2
198 4 870
2
1286 2 1274
2
254 12 7
2
967 5 635
2
429 4 1051
2
1210 2 232
2
913 4 1004
2
784 2 382
2
547 4 1424
2
875 3 1275
2
1025 4 588
2
1425 4 422
2
384 3 1228
2
1232 3 371
2
418 1 423
2
686 2 83
2
952 4 1077
2
575 1 843
2
812 3 1404
2
1021 2 491
2
789 3 1079
2
1101 3 1294
2
33 4 1147
2
733 4 936
2
1310 3 95
2
345 1 971
2
150 3 965
2
208 3 643
2
385 3 213
2
24 3 228
2
868 4 1200
2
94 1 282
2
262 3 1027
2
561 3 1022
2
495 1 22
2
916 4 656
2
549 3 705
2
1123 3 947
2
377 11 1349
2
1329 1 369
2
309 4 1429
2
383 8 1209
2
366 4 814
2
481 3 165
2
918 4 1119
2
1100 1 1070
2
649 5 1186
2
434 3 90
2
949 3 549
2
820 3 933
2
622 1 833
2
1249 3 159
2
1006 2 603
2
83 2 1214
2
822 3 1196
2
67 2 1199
2
610 1 181
2
136 1 373
2
814 1 1310
2
1340 8 932
2
464 2 548
2
749 3 590
2
1329 4 924
2
932 3 1146
2
71 8 1318
2
1291 3 636
2
1331 4 367
2
878 1 1477
2
1342 3 1044
2
763 3 542
2
78 1 1473
2
58 3 77
2
397 3 746
2
1077 3 1083
2
1241 3 376
2
1157 3 1388
2
349 4 209
2
1251 1 68
2
1021 2 1199
2
155 4 637
2
1273 4 822
2
1441 1 750
2
467 4 608
2
888 1 389
2
938 2 652
2
470 3 554
2
718 2 62
2
456 4 269
2
1133 8 777
2
1398 4 864
2
1162 1 1015
2
445 3 810
2
1188 4 1271
2
1303 2 564
2
1275 1 130
2
698 1 16
2
709 9 1220
2
585 3 111
2
791 2 274
2
472 4 821
2
920 4 350
2
1343 1 596
2
957 1 969
2
1203 3 140
2
742 4 1280
2
1448 4 545
2
231 2 245
2
643 3 336
2
493 3 1376
2
2 2 1281
2
71 9 425
2
594 2 551
2
1327 1 537
2
1302 3 354
2
919 4 1002
2
61 3 352
2
838 4 751
2
231 3 808
2
1368 3 243
2
1414 4 333
2
770 3 399
2
1229 2 283
2
807 3 1205
2
1324 3 238
2
839 2 182
2
717 4 637
2
1253 1 1363
2
270 1 1431
2
1435 4 329
2
275 4 754
2
459 1 1118
2
599 1 106
2
1147 3 504
2
934 2 733
2
1154 3 1485
2
1444 3 1199
2
1387 4 18
2
663 2 1388
2
1161 1 799
2
634 4 573
2
211 1 533
2
1271 4 188
2
504 4 616
2
962 1 1287
2
868 4 1119
2
662 4 415
2
439 4 143
2
1246 3 334
2
950 3 1018
2
1114 1 1431
2
601 8 181
2
302 4 1362
2
1241 3 508
2
378 1 658
2
1219 9 655
2
438 2 1096
2
650 3 894
2
1201 3 687
2
54 3 1177
2
1283 4 1020
2
1090 1 1214
2
941 1 809
2
1335 1 919
2
1025 4 1240
2
1105 4 660
2
645 3 311
2
1339 3 689
2
917 1 448
2
91 4 1155
2
1186 5 952
2
901 1 549
2
434 3 15
2
158 3 1256
2
1009 1 708
2
496 4 1392
2
311 2 1080
2
866 3 517
2
228 2 212
2
1015 2 952
2
737 3 1376
2
541 4 220
2
335 8 923
2
837 4 1223
2
662 2 605
2
1383 1 532
2
1210 4 866
2
1252 2 743
2
605 1 181
2
344 2 1403
2
1243 3 1413
2
659 4 1079
2
1444 1 954
2
1269 3 190
2
751 3 176
2
321 2 1040
2
668 1 558
2
344 3 987
2
268 4 472
2
1417 2 933
2
1426 2 56
2
157 4 1011
2
581 4 882
2
245 4 920
2
1378 4 407
2
1254 4 1309
2
297 4 145
2
145 8 1213
2
1127 4 1461
2
709 9 1328
2
784 8 1265
2
671 2 622
2
785 4 220
2
318 3 154
2
594 4 545
2
168 4 1480
2
1433 4 530
2
1216 1 1031
2
1170 1 943
2
514 4 1192
2
1161 1 288
2
1047 22 1474
2
543 3 1193
2
1237 4 1178
2
918 3 668
2
635 8 939
2
718 3 937
2
482 2 1303
2
779 3 958
2
361 4 944
2
664 2 529
2
1014 3 734
2
577 4 930
2
74 4 1098
2
626 3 867
2
1079 3 479
2
1193 3 741
2
963 1 320
2
1214 4 1018
2
260 8 317
2
474 4 787
2
1464 3 804
2
180 1 815
2
398 4 488
2
1006 2 1106
2
927 3 974
2
595 4 158
2
313 3 876
2
813 1 685
2
701 1 853
2
902 4 848
2
368 4 1
2
1287 4 144
2
1258 1 1071
2
390 2 716
2
76 3 195
2
289 1 309
2
636 3 989
2
733 2 193
2
578 2 727
2
1429 4 548
2
937 3 449
2
789 3 656
2
383 8 1200
2
1114 1 1472
2
888 1 454
2
650 3 1421
2
1316 4 358
2
488 4 429
2
397 11 201
2
199 4 650
2
468 1 350
2
916 4 1485
2
1091 4 1127
2
456 3 1456
2
819 1 957
2
72 1 597
2
1194 4 447
2
364 1 555
2
12 3 677
2
725 2 489
2
1031 3 1143
2
224 4 116
2
1004 3 1099
2
641 1 948
2
1302 4 4
2
563 2 632
2
1130 2 770
2
300 3 218
2
1008 3 196
2
1040 4 962
2
1409 4 678
2
168 4 701
2
1032 9 992
2
954 2 1199
2
449 3 1058
2
996 2 214
2
1343 4 705
2
1162 1 1248
2
24 3 1272
2
820 3 1044
2
833 1 698
2
1184 1 832
2
530 4 302
2
243 5 56
2
1212 3 203
2
1379 2 464
2
1301 8 159
2
1143 3 977
2
843 4 690
2
1398 4 57
2
1487 4 1141
2
757 4 297
2
323 3 1008
2
847 3 629
2
1107 3 340
2
1214 1 817
2
694 3 1468
2
635 7 511
2
696 1 282
2
61 4 382
2
1435 4 1044
2
709 11 961
2
349 4 471
2
38 3 966
2
709 13 865
2
927 3 643
2
921 4 405
2
1468 1 1190
2
1152 1 1417
2
220 8 621
2
32 4 523
2
909 1 325
2
636 3 506
2
1194 4 602
2
1404 4 265
2
537 3 1282
2
1353 2 1105
2
1027 1 957
2
513 3 1282
2
1063 3 400
2
13 1 556
2
1194 1 979
2
564 16 377
2
840 12 216
2
120 1 574
2
620 1 1472
2
391 1 615
2
1407 8 1131
2
337 3 931
2
816 3 1226
2
1243 24 425
2
1452 2 279
2
565 3 26
2
1254 3 1305
2
1144 4 408
2
437 1 446
2
303 3 845
2
624 3 901
2
335 5 736
2
1485 3 1280
2
1206 4 1188
2
51 8 1216
2
104 16 98
2
45 3 310
2
573 4 682
2
806 4 965
2
1003 1 1140
2
1323 3 396
2
303 1 833
2
1405 3 447
2
37 3 540
2
500 1 1089
2
1297 1 1259
2
714 3 924
2
107 3 1443
2
1079 4 297
2
1465 3 983
2
766 2 674
2
454 3 589
2
1227 9 251
2
304 4 786
2
610 3 1225
2
126 4 260
2
1230 4 1335
2
372 4 206
2
749 3 1172
2
477 3 1458
2
37 1 855
2
208 3 980
2
1363 3 1449
2
1180 1 1028
2
1477 1 1214
2
1380 1 468
2
1121 3 135
2
535 4 526
2
1412 3 830
2
923 8 1265
2
962 3 551
2
1451 1 1376
2
1100 1 948
2
1184 4 1306
2
257 1 141
2
465 1 1284
2
850 2 388
2
1138 4 835
2
168 4 1160
2
1158 3 20
2
143 3 239
2
93 4 70
2
505 4 581
2
438 3 266
2
1048 3 373
2
1306 3 352
2
1292 4 1408
2
12 3 1237
2
1240 4 615
2
638 4 862
2
1167 1 397
2
692 4 594
2
26 4 1426
2
108 2 124
2
847 9 144
2
714 1 1381
2
488 4 1018
2
85 4 211
2
29 2 710
2
831 1 96
2
713 4 947
2
112 8 706
2
630 1 397
2
764 8 706
2
1015 1 684
2
1110 1 1344
2
842 3 1038
2
85 4 1294
2
1153 4 875
2
954 1 605
2
931 3 78
2
1452 4 821
2
1076 4 244
2
539 2 1187
2
1266 3 1463
2
273 3 1079
2
202 3 1049
2
432 3 304
2
670 8 1186
2
1189 1 167
2
1439 2 943
2
570 4 908
2
98 4 26
2
349 4 1431
2
279 3 1278
2
708 3 1480
2
1123 3 431
2
576 13 417
2
464 2 1114
2
1147 1 909
2
1019 3 831
2
813 3 808
2
373 3 315
2
360 16 388
2
197 1 334
2
1145 4 821
2
316 4 530
2
816 4 701
2
873 3 875
2
653 3 540
2
665 1 334
2
1390 1 288
2
144 2 1055
2
1430 3 736
2
643 3 270
2
423 3 343
2
1044 3 1467
2
720 1 96
2
841 1 1094
2
1381 4 66
2
723 4 1490
2
500 3 80
2
40 4 1471
2
117 4 240
2
890 4 103
2
723 4 598
2
1007 4 1374
2
103 4 761
2
617 3 411
2
822 4 722
2
151 3 958
2
839 8 1312
2
684 1 397
2
659 4 877
2
998 4 1466
2
1490 3 1398
2
536 2 551
2
1132 3 858
2
932 3 238
2
498 4 265
2
99 3 708
2
1016 1 1297
2
195 3 770
2
317 3 1008
2
735 3 584
2
813 1 1152
2
376 2 224
2
904 3 80
2
708 1 281
2
402 1 945
2
1375 4 296
2
207 4 721
2
1028 4 329
2
207 2 306
2
1171 8 1443
2
1366 4 182
2
891 2 192
2
1471 3 311
2
1019 3 1431
2
585 2 66
2
174 3 1391
2
460 2 889
2
717 4 187
2
743 2 899
2
1386 4 312
2
33 4 900
2
883 3 166
2
247 3 154
2
563 2 1298
2
1138 1 1329
2
894 1 1488
2
1128 4 545
2
448 4 626
2
67 4 1153
2
1450 3 621
2
27 1 1454
2
69 4 562
2
903 4 1336
2
1414 2 356
2
90 1 781
2
745 2 2
2
931 3 153
2
841 3 912
2
1252 2 1354
2
763 2 803
2
364 4 1041
2
563 2 1126
2
1448 1 543
2
1032 4 689
2
231 3 132
2
1468 5 7
2
1249 3 1062
2
1235 2 870
2
1276 4 405
2
9 4 198
2
1122 5 409
2
626 4 224
2
1224 4 1410
2
599 3 1413
2
800 1 92
2
1194 8 738
2
1271 3 274
2
1251 2 663
2
1261 4 893
2
1086 2 1446
2
306 1 1342
2
1194 2 1175
2
518 2 1414
2
307 4 581
2
186 2 614
2
1436 4 1003
2
1091 3 511
2
1206 4 171
2
676 2 294
2
930 4 477
2
731 7 1303
2
1208 4 1356
2
1439 3 1326
2
861 4 389
2
48 1 892
2
904 4 1060
2
1293 4 323
2
401 3 1434
2
57 4 1188
2
720 1 1198
2
1182 1 1000
2
1204 4 147
2
729 4 1149
2
1110 3 506
2
942 4 577
2
383 6 733
2
513 4 184
2
742 4 368
2
1124 3 1450
2
206 3 947
2
259 4 378
2
806 4 618
2
1440 1 451
2
885 4 607
2
1060 4 20
2
94 1 1349
2
1007 2 671
2
562 8 71
2
403 3 856
2
205 4 95
2
470 1 585
2
430 1 1469
2
608 3 924
2
934 1 1191
2
1278 3 454
2
710 1 147
2
169 2 239
2
145 2 593
2
976 1 518
2
392 1 874
2
393 3 34
2
1250 1 72
2
159 1 221
2
282 3 993
2
792 4 629
2
1206 2 114
2
455 3 345
2
194 3 143
2
1271 10 1219
2
1184 1 1185
2
487 9 884
2
759 3 140
2
1431 1 1300
2
71 9 657
2
207 2 1395
2
751 3 657
2
1214 1 1430
2
1255 3 1008
2
1023 2 402
2
603 8 1297
2
945 1 1011
2
938 1 1104
2
964 15 701
2
41 2 630
2
1380 1 518
2
571 5 201
2
482 2 42
2
33 4 1477
2
541 3 1461
2
89 1 848
2
245 3 1488
2
316 1 1488
2
648 7 1072
2
260 4 765
2
1430 1 507
2
1176 4 1039
2
805 4 1019
2
757 3 1295
2
1357 4 1022
2
548 4 1391
2
677 3 409
2
1441 4 240
2
1344 2 1235
2
56 4 60
2
374 3 309
2
807 3 1048
2
1445 1 1288
2
993 3 484
2
995 16 621
2
1419 4 415
2
239 1 1168
2
717 4 901
2
1397 4 1485
2
202 3 238
2
937 4 145
2
912 2 354
2
1162 3 228
2
1014 2 214
2
145 4 1473
2
117 4 458
2
454 1 691
2
280 4 1300
2
699 2 1229
2
807 3 446
2
914 4 1040
2
985 2 934
2
1123 3 845
2
988 1 1389
2
471 1 599
2
22 1 282
2
648 1 1035
2
1012 3 1197
2
1468 15 889
2
155 4 1287
2
662 2 689
2
1143 3 318
2
860 4 223
2
62 2 609
2
1164 4 292
2
357 1 1275
2
1483 1 820
2
1352 1 3
2
830 3 1313
2
158 4 283
2
875 3 1205
2
1206 2 29
2
912 4 864
2
19 1 1376
2
266 3 438
2
1278 4 187
2
803 1 239
2
409 3 576
2
323 4 7
2
217 8 422
2
856 1 1138
2
1135 2 1479
2
1378 5 1213
2
154 3 334
2
1379 2 118
2
32 4 1068
2
65 2 1320
2
1373 4 1257
2
1344 1 973
2
984 4 220
2
493 4 1387
2
1271 4 1160
2
571 4 253
2
1352 4 124
2
405 4 1421
2
741 2 780
2
808 3 1380
2
518 1 795
2
871 3 302
2
635 7 1490
2
957 4 368
2
965 3 943
2
723 4 717
2
11 3 1111
2
858 4 314
2
1399 4 259
2
1311 1 302
2
1324 3 1318
2
1262 4 757
2
1040 4 602
2
1072 7 595
2
1209 2 1438
2
1250 4 98
2
287 3 875
2
257 1 685
2
1260 2 746
2
798 4 224
2
315 4 1020
2
1459 3 1404
2
1003 4 455
2
533 1 667
2
543 3 1217
2
295 3 783
2
290 3 1323
2
1048 3 53
2
618 3 1124
2
542 4 862
2
633 3 1196
2
121 2 638
2
512 3 170
2
1215 4 1487
2
1007 2 680
2
945 4 472
2
193 2 646
2
834 3 1112
2
975 2 1260
2
489 3 393
2
1040 4 304
2
1071 1 963
2
45 3 133
2
82 4 756
2
371 4 806
2
225 3 744
2
210 4 339
2
277 3 1277
2
716 1 1075
2
1369 4 862
2
1449 3 1123
2
1416 4 265
2
409 3 1451
2
861 4 766
2
895 1 1286
2
533 1 333
2
892 4 98
2
17 4 1092
2
1129 4 292
2
661 1 631
2
796 4 1355
2
213 26 920
2
319 3 1333
2
1157 3 55
2
801 1 764
2
1230 4 328
2
1431 2 1414
2
159 3 1128
2
1196 3 1443
2
990 3 299
2
37 4 85
2
732 2 1080
2
1232 16 134
2
68 3 1283
2
1471 3 403
2
1386 4 1236
2
1342 1 892
2
733 4 1146
2
1017 3 313
2
1310 4 1393
2
197 2 1260
2
191 1 882
2
867 2 1229
2
1147 1 10
2
386 3 842
2
521 2 1195
2
1008 3 1048
2
295 3 1398
2
938 2 419
2
98 4 1189
2
1266 2 751
2
788 16 140
2
221 1 396
2
983 3 113
2
768 3 1135
2
434 3 1475
2
756 3 1056
2
592 4 420
2
1276 1 1220
2
376 3 945
2
219 1 1212
2
1116 4 156
2
1199 4 920
2
255 3 878
2
888 1 163
2
818 4 1343
2
1230 16 791
2
683 4 171
2
867 3 798
2
46 3 1441
2
1285 4 685
2
1431 1 606
2
407 5 96
2
1024 2 844
2
288 4 547
2
1363 1 139
2
319 3 73
2
127 3 1278
2
313 1 444
2
256 1 86
2
692 3 284
2
840 2 1377
2
379 3 921
2
978 2 997
2
415 4 1183
2
889 2 869
2
106 3 161
2
595 16 737
2
378 1 312
2
1168 3 1353
2
307 3 493
2
515 4 261
2
1214 1 1304
2
404 1 78
2
714 2 772
2
759 3 1231
2
29 3 162
2
1318 3 589
2
1257 3 694
2
741 2 296
2
36 4 1450
2
1056 3 379
2
664 4 893
2
465 1 648
2
530 4 890
2
1359 1 1092
2
270 1 1167
2
1063 3 1388
2
739 3 534
2
723 4 1042
2
1253 1 219
2
554 8 217
2
1349 1 3
2
680 3 379
2
1467 4 1424
2
487 3 367
2
1220 3 680
2
142 1 1073
2
1139 3 1376
2
64 3 1200
2
332 4 1207
2
555 2 551
2
202 3 394
2
1199 2 220
2
1432 1 1148
2
592 4 364
2
854 4 579
2
103 1 10
2
1308 4 1003
2
777 4 881
2
948 1 799
2
739 4 1307
2
677 4 849
2
1465 1 986
2
1244 4 1486
2
428 4 501
2
1473 3 286
2
651 4 1269
2
510 2 995
2
400 8 233
2
502 3 1461
2
212 1 381
2
1024 16 1265
2
1011 4 1323
2
753 3 1418
2
1069 4 60
2
1404 3 532
2
1350 3 852
2
150 3 24
2
1112 1 1491
2
882 3 693
2
47 2 902
2
605 1 1169
2
1386 4 837
2
820 4 1408
2
1417 1 408
2
208 3 385
2
96 2 1314
2
1154 3 875
2
1231 3 395
2
1118 9 847
2
261 4 177
2
349 4 292
2
1048 3 287
2
520 1 1460
2
1322 4 623
2
147 1 59
2
1383 4 486
2
899 2 1251
2
785 8 72
2
264 2 239
2
492 3 1310
2
1172 4 1309
2
667 3 890
2
1309 4 792
2
483 2 1172
2
417 15 120
2
624 3 945
2
1033 4 602
2
677 1 461
2
1276 1 448
2
1159 4 1442
2
272 3 1066
2
34 3 310
2
970 2 1135
2
970 1 176
2
281 1 1484
2
1179 3 603
2
628 2 809
2
1387 4 555
2
661 1 422
2
641 1 929
2
339 3 89
2
336 2 86
2
1263 4 1442
2
35 1 858
2
673 3 1236
2
1031 1 1256
2
1241 3 773
2
1271 4 1182
2
317 1 313
2
1486 4 503
2
617 3 698
2
1223 3 1417
2
1413 3 127
2
1314 2 842
2
707 4 382
2
835 3 334
2
219 1 809
2
131 4 48
2
1355 4 193
2
1225 3 1400
2
145 4 1010
2
359 2 1203
2
468 1 1286
2
398 4 1482
2
373 4 717
2
1216 1 1253
2
1118 8 1205
2
983 4 898
2
805 4 1031
2
1106 2 444
2
638 3 160
2
1191 1 824
2
1130 8 1243
2
698 1 48
2
74 3 1041
2
507 4 1408
2
1251 2 29
2
989 3 1223
2
305 3 361
2
36 4 794
2
669 2 1086
2
1333 2 481
2
669 1 239
2
337 1 684
2
909 1 1327
2
83 3 1398
2
1072 3 334
2
794 8 318
2
268 4 642
2
591 3 22
2
529 2 376
2
813 1 68
2
966 4 242
2
692 4 149
2
1450 3 656
2
836 4 14
2
647 4 461
2
350 1 1428
2
90 1 874
2
898 4 1446
2
999 4 1424
2
986 1 137
2
285 2 588
2
476 4 1141
2
1215 3 163
2
315 4 207
2
853 2 1086
2
816 3 113
2
76 3 396
2
1155 4 12
2
270 1 120
2
1182 1 1075
2
229 3 892
2
1108 1 1481
2
94 3 1459
2
1070 3 967
2
825 4 985
2
581 2 669
2
1038 3 173
2
100 3 474
2
285 2 1491
2
346 3 591
2
243 3 276
2
1208 4 435
2
1055 9 237
2
569 3 1014
2
1012 4 1264
2
406 2 244
2
62 2 283
2
378 2 810
2
898 4 1427
2
192 3 1473
2
1481 1 189
2
235 4 1336
2
1079 3 179
2
875 4 439
2
476 3 967
2
848 3 258
2
383 8 1247
2
1362 4 1225
2
694 3 211
2
868 4 733
2
1191 1 1155
2
477 7 419
2
1088 4 609
2
398 3 923
2
1140 4 1160
2
900 3 246
2
1072 3 259
2
1237 3 641
2
651 2 169
2
305 3 1295
2
1473 3 1237
2
773 4 594
2
190 3 557
2
680 2 79
2
1112 3 664
2
334 2 236
2
1001 1 1218
2
1306 3 892
2
1139 3 219
2
1179 4 1479
2
826 4 353
2
473 4 928
2
1423 1 1057
2
599 1 230
2
607 4 347
2
705 4 1
2
538 1 740
2
1043 2 1268
2
1382 3 883
2
1394 2 933
2
1452 4 887
2
1338 1 956
2
439 4 885
2
36 4 991
2
1298 2 1431
2
486 4 198
2
815 4 407
2
717 4 1285
2
667 2 1176
2
296 4 1018
2
61 3 50
2
1182 2 1480
2
1182 2 481
2
212 4 925
2
1250 3 8
2
876 4 177
2
915 3 1065
2
170 1 909
2
124 3 466
2
644 1 996
2
1069 4 248
2
663 4 490
2
1357 2 1483
2
280 4 183
2
1227 4 832
2
602 3 836
2
63 4 1159
2
793 4 817
2
1490 4 583
2
139 1 450
2
888 1 973
2
904 4 1349
2
1360 4 1435
2
1472 2 1023
2
685 2 985
2
1335 4 242
2
49 3 523
2
271 7 1436
2
1354 4 1387
2
1390 1 549
2
83 3 1385
2
336 2 595
2
1053 3 1101
2
1369 1 1338
2
866 3 1092
2
1260 2 1049
2
786 2 1175
2
1457 1 396
2
1130 4 586
2
1219 9 1136
2
1201 3 1158
2
1413 4 1082
2
551 3 1451
2
412 3 650
2
1234 8 720
2
742 1 225
2
1041 8 1407
2
1046 3 1486
2
1265 8 118
2
370 3 358
2
557 1 677
2
1483 2 1080
2
47 3 812
2
508 4 31
2
1398 3 319
2
749 3 1288
2
1417 12 1213
2
265 2 903
2
462 3 1431
2
246 3 899
2
49 4 467
2
217 8 909
2
633 4 1349
2
523 1 771
2
420 4 156
2
1220 4 536
2
934 2 361
2
115 4 805
2
67 1 1115
2
780 2 1156
2
556 2 1176
2
785 4 91
2
465 1 645
2
1118 1 448
2
441 7 34
2
381 3 1302
2
235 4 707
2
726 3 1072
2
687 3 174
2
198 1 244
2
773 3 1453
2
1355 4 598
2
192 4 505
2
1267 3 1382
2
393 3 1149
2
1274 2 546
2
645 1 136
2
55 3 484
2
105 1 1426
2
791 3 133
2
1139 4 913
2
301 1 234
2
238 4 92
2
698 1 776
2
507 1 471
2
631 3 393
2
535 4 117
2
411 4 1160
2
299 4 145
2
1393 4 641
2
1209 3 1108
2
374 3 551
2
705 3 1377
2
398 3 1047
2
1033 2 36
2
1136 1 467
2
791 2 803
2
783 3 304
2
963 1 1250
2
192 4 785
2
657 3 877
2
993 2 941
2
307 4 1386
2
1490 3 834
2
183 2 1369
2
169 2 248
2
872 1 1424
2
370 3 100
2
802 4 223
2
309 4 785
2
1439 3 77
2
1148 3 999
2
14 4 571
2
1216 3 394
2
867 3 885
2
713 4 1301
2
1092 3 958
2
1267 3 1356
2
755 1 770
2
613 4 742
2
382 4 477
2
358 3 1157
2
868 4 1459
2
328 3 686
2
1072 8 998
2
293 3 268
2
508 3 1097
2
741 3 1085
2
1385 3 16
2
867 2 1403
2
1310 1 1447
2
36 4 270
2
477 3 1485
2
1343 4 14
2
543 1 1092
2
1342 1 301
2
1055 4 929
2
244 4 1339
2
721 3 389
2
292 4 423
2
1172 3 808
2
211 1 957
2
1037 3 345
2
836 3 99
2
448 1 1358
2
894 1 549
2
607 4 364
2
441 2 356
2
725 3 726
2
97 4 4
2
999 16 1166
2
389 2 207
2
331 4 263
2
1454 1 1147
2
596 4 723
2
456 3 43
2
1472 1 1476
2
1225 3 901
2
502 3 186
2
1488 1 1245
2
653 2 429
2
769 1 886
2
123 4 583
2
1460 1 299
2
867 3 430
2
1391 3 174
2
973 2 1266
2
560 2 1448
2
1200 3 708
2
1479 4 624
2
334 3 654
2
363 3 1106
2
769 2 959
2
1094 3 1425
2
1093 1 134
2
1468 3 178
2
457 1 1216
2
1035 1 1270
2
135 3 896
2
1126 4 541
2
1345 3 255
2
970 1 389
2
1257 3 1052
2
76 2 716
2
991 4 1309
2
1301 4 526
2
296 4 387
2
371 3 830
2
29 2 769
2
889 4 849
2
108 1 291
2
990 11 1171
2
1198 8 1403
2
518 4 1063
2
247 3 961
2
207 4 698
2
1070 3 489
2
324 1 1208
2
1112 4 222
2
552 2 97
2
1085 3 1295
2
1168 1 16
2
198 1 1073
2
303 1 610
2
966 3 1425
2
905 4 1066
2
1246 3 575
2
914 3 763
2
1327 4 1436
2
37 3 915
2
474 4 152
2
602 3 877
2
1408 4 1286
2
1169 2 871
2
1322 4 524
2
1485 4 1322
2
977 1 446
2
499 4 1207
2
1432 2 952
2
155 4 1469
2
585 1 350
2
754 3 835
2
1375 3 361
2
852 4 1211
2
1050 3 834
2
18 1 1243
2
1329 4 1387
2
623 4 855
2
242 4 975
2
485 3 293
2
260 4 291
2
1173 3 870
2
498 3 393
2
286 3 1204
2
413 2 1080
2
1095 4 1393
2
943 3 761
2
439 2 587
2
1179 3 513
2
407 4 1058
2
965 4 1141
2
66 3 1066
2
1191 4 717
2
1043 1 429
2
912 4 93
2
345 1 1286
2
600 3 515
2
1004 4 1408
2
226 4 1392
2
499 3 576
2
826 3 256
2
1063 12 271
2
642 1 221
2
1328 4 1002
2
999 3 553
2
187 4 640
2
1025 1 724
2
504 3 1259
2
786 2 163
2
270 3 818
2
696 1 682
2
684 4 837
2
710 2 1268
2
300 3 892
2
990 3 1152
2
1256 1 1181
2
289 4 1271
2
343 3 1423
2
844 1 163
2
549 1 1110
2
168 4 23
2
95 4 1307
2
920 4 173
2
1085 4 365
2
1378 4 822
2
552 3 328
2
827 3 49
2
1213 10 100
2
876 3 1223
2
1364 8 261
2
1194 4 802
2
527 3 466
2
834 3 170
2
34 1 171
2
802 3 1437
2
1105 1 64
2
1413 3 697
2
1145 4 956
2
193 4 875
2
1239 3 1325
2
385 3 337
2
850 2 1169
2
362 3 1277
2
1176 2 699
2
534 3 969
2
727 2 1054
2
1095 3 875
2
1285 4 252
2
370 3 582
2
96 3 202
2
383 1 995
2
1278 3 1268
2
1267 3 462
2
584 1 1136
2
505 1 982
2
1096 1 996
2
191 1 910
2
934 1 691
2
1013 3 1019
2
426 3 192
2
1461 3 497
2
390 2 1255
2
71 2 265
2
530 4 773
2
1440 2 772
2
291 3 445
2
1482 4 1103
2
1325 1 622
2
207 2 446
2
1115 1 945
2
77 3 918
2
1162 8 233
2
1299 4 1400
2
1386 4 103
2
404 4 757
2
79 4 1180
2
136 1 760
2
1485 3 288
2
427 1 582
2
153 3 454
2
359 2 1330
2
401 5 335
2
18 3 442
2
426 3 255
2
301 1 1426
2
448 2 1130
2
688 3 775
2
366 3 1064
2
892 1 672
2
907 3 181
2
1179 3 598
2
29 2 1314
2
630 1 90
2
415 4 344
2
815 1 553
2
68 2 536
2
163 1 453
2
719 1 475
2
1215 3 990
2
1275 3 298
2
323 4 405
2
893 4 1129
2
947 4 1138
2
1174 4 464
2
1274 2 401
2
112 3 15
2
411 1 1388
2
655 4 381
2
1486 3 181
2
300 3 24
2
112 3 96
2
417 16 45
2
57 2 1105
2
1202 2 97
2
1198 4 1402
2
87 4 877
2
821 1 682
2
456 3 1263
2
413 1 995
2
1157 3 586
2
1387 4 983
2
588 4 777
2
9 4 428
2
741 3 412
2
704 3 1384
2
1478 3 1179
2
480 3 1217
2
184 2 1292
2
260 4 393
2
389 4 149
2
385 3 619
2
1383 4 1005
2
1236 4 98
2
345 1 480
2
389 1 1045
2
261 4 662
2
376 3 966
2
1163 11 128
2
181 2 1279
2
830 3 1305
2
799 1 209
2
1427 3 969
2
701 4 1107
2
418 1 1376
2
1446 2 881
2
752 2 1256
2
403 4 794
2
1259 1 1440
2
1110 1 450
2
1450 3 1189
2
945 4 777
2
36 4 199
2
1 8 360
2
874 2 1279
2
470 1 243
2
1109 4 384
2
969 3 1086
2
989 4 1348
2
857 4 612
2
1115 1 1392
2
317 11 199
2
937 3 140
2
357 3 1159
2
788 4 116
2
194 1 495
2
410 4 1285
2
144 4 789
2
1489 9 217
2
676 1 771
2
329 3 95
2
350 3 830
2
796 3 1183
2
539 1 173
2
1488 3 1217
2
429 4 930
2
1247 2 1253
2
1251 2 1049
2
1476 2 226
2
1395 3 160
2
1027 2 636
2
1341 4 579
2
379 19 417
2
842 4 331
2
815 2 40
2
641 3 514
2
1266 3 1066
2
706 8 1465
2
48 8 237
2
438 4 712
2
710 2 1176
2
549 1 982
2
593 3 562
2
1458 2 1247
2
439 1 1473
2
1128 2 310
2
358 3 185
2
875 3 1124
2
113 3 1463
2
1169 1 296
2
1462 1 582
2
847 11 321
2
415 4 1469
2
1379 2 986
2
364 4 235
2
1360 3 1245
2
356 4 1242
2
1068 2 587
2
1124 3 1478
2
1349 1 427
2
559 4 1486
2
845 3 540
2
1014 3 44
2
879 2 22
2
1131 4 88
2
203 3 728
2
512 3 508
2
667 1 1000
2
190 4 868
2
1133 8 1336
2
642 1 1109
2
653 4 647
2
1235 4 1433
2
1305 1 954
2
362 1 13
2
548 2 1330
2
1416 4 1455
2
443 3 1156
2
106 1 1043
2
1240 4 1259
2
601 7 1173
2
1182 1 1171
2
1244 4 420
2
462 3 504
2
1414 2 576
2
371 4 1082
2
1383 8 399
2
1441 1 1483
2
900 3 724
2
1260 3 683
2
620 2 310
2
153 4 1383
2
225 1 1198
2
687 3 936
2
1306 3 1073
2
418 1 234
2
45 3 1185
2
237 8 579
2
1033 4 395
2
1472 1 765
2
32 4 28
2
1399 1 640
2
1348 2 1142
2
828 3 774
2
1062 3 582
2
76 2 75
2
1063 4 281
2
1412 3 216
2
642 1 270
2
1141 4 132
2
657 3 91
2
471 3 993
2
297 4 671
2
437 1 1358
2
243 5 964
2
1107 3 303
2
869 4 1239
2
773 4 556
2
453 4 939
2
264 2 1397
2
1432 4 7
2
701 1 1011
2
363 1 1191
2
175 3 154
2
1007 1 956
2
617 4 857
2
1332 8 647
2
1310 3 1314
2
1132 3 900
2
747 1 882
2
412 3 697
2
1140 3 1398
2
938 1 522
2
948 1 610
2
904 4 265
2
1032 4 1459
2
999 3 245
2
689 3 688
2
138 4 998
2
96 3 348
2
1415 3 1335
2
1248 8 884
2
1413 3 1140
2
1054 3 26
2
601 8 779
2
1429 4 451
2
126 3 466
2
730 3 484
2
1227 4 1437
2
739 3 980
2
1159 3 1367
2
198 4 1122
2
790 2 1439
2
1184 4 158
2
537 3 1458
2
1328 4 1048
2
435 3 430
2
176 9 1489
2
10 4 235
2
722 2 36
2
1138 2 905
2
1390 1 244
2
614 3 1445
2
1471 1 1328
2
992 8 1438
2
1472 4 476
2
1227 4 459
2
1237 3 336
2
104 3 357
2
877 2 544
2
495 9 990
2
516 4 222
2
671 2 1348
2
778 2 881
2
115 4 1482
2
515 2 817
2
201 9 1375
2
978 2 56
2
1053 3 1384
2
1419 2 402
2
1 1 956
2
1027 1 788
2
1026 3 305
2
1165 4 761
2
446 1 1437
2
309 1 367
2
255 4 519
2
817 1 421
2
1259 3 757
2
1362 4 1120
2
649 4 535
2
360 8 979
2
1457 1 1412
2
1080 3 91
2
1453 1 1174
2
395 3 962
2
1169 1 350
2
1233 4 701
2
26 3 991
2
1477 4 300
2
425 4 506
2
678 4 1465
2
268 4 829
2
799 1 1188
2
1354 2 829
2
1185 1 679
2
1185 1 798
2
1238 4 872
2
1105 1 1418
2
933 3 414
2
992 8 1126
2
1464 4 221
2
457 3 937
2
264 2 1194
2
1334 3 958
2
1372 2 651
2
867 3 399
2
1440 3 1382
2
1285 4 1248
2
243 1 1094
2
330 3 908
2
1027 1 1445
2
1354 2 1440
2
645 3 1039
2
1485 3 366
2
1459 3 203
2
703 3 190
2
1459 3 35
2
1182 4 794
2
1462 4 1010
2
208 1 691
2
1110 3 1267
2
794 9 657
2
1426 2 29
2
1271 3 828
2
1086 3 1056
2
582 3 346
2
505 1 107
2
651 2 1377
2
1147 3 579
2
1153 4 1288
2
923 4 862
2
1458 3 1010
2
248 2 546
2
119 3 985
2
430 3 1200
2
1210 2 1006
2
735 3 1394
2
728 3 688
2
825 4 985
2
506 3 1394
2
568 8 269
2
429 1 574
2
877 3 370
2
267 4 579
2
449 3 746
2
188 4 922
2
1252 4 592
2
99 11 369
2
1266 3 1445
2
664 2 1295
2
286 2 858
2
516 4 1044
2
1341 1 606
2
586 3 863
2
1057 1 929
2
709 13 895
2
662 4 142
2
440 8 1081
2
15 3 1354
2
148 2 326
2
928 4 1370
2
15 4 1126
2
1297 1 1300
2
736 3 957
2
1393 4 658
2
458 3 490
2
1087 1 209
2
1154 2 1266
2
1156 16 1213
2
608 4 448
2
1296 4 998
2
773 3 1222
2
1336 4 448
2
1075 4 920
2
421 3 1302
2
1416 1 212
2
1221 3 294
2
1358 1 88
2
234 1 766
2
1373 4 468
2
2 3 367
2
1394 4 488
2
1323 2 312
2
698 1 943
2
895 1 734
2
228 2 1403
2
1296 1 1369
2
989 1 1069
2
112 4 1264
2
465 1 1
2
823 3 867
2
270 1 105
2
44 4 843
2
827 3 1420
2
1108 1 73
2
344 3 1085
2
527 3 442
2
1168 4 472
2
587 2 406
2
4 4 838
2
1 1 1344
2
1166 1 894
2
469 1 174
2
1125 3 90
2
651 2 1238
2
307 1 1351
2
575 3 1346
2
1010 3 1173
2
70 2 273
2
780 1 1251
2
1181 4 79
2
83 3 1363
2
977 3 493
2
1266 3 176
2
986 1 1447
2
662 3 111
2
696 1 1043
2
1359 4 314
2
1320 2 938
2
1282 3 1172
2
1144 4 818
2
679 1 1363
2
166 4 1371
2
121 4 1032
2
609 2 858
2
1482 4 889
2
1210 2 1420
2
10 1 1468
2
1017 3 16
2
482 9 541
2
816 2 883
2
811 5 1018
2
56 2 1359
2
658 1 378
2
785 4 297
2
142 4 115
2
282 3 83
2
440 7 1181
2
956 1 1052
2
505 1 1474
2
10 1 702
2
1288 3 1201
2
802 3 170
2
143 3 6
2
740 1 801
2
540 4 1387
2
675 3 477
2
1229 3 822
2
369 11 1414
2
98 4 88
2
107 4 405
2
591 4 1429
2
768 4 1127
2
177 4 1178
2
659 4 887
2
1429 4 122
2
704 4 674
2
497 3 804
2
384 4 701
2
103 4 1068
2
914 3 124
2
1129 4 284
2
807 3 971
2
487 5 335
2
109 1 1087
2
594 4 1337
2
1134 3 935
2
730 2 153
2
675 1 1423
2
741 3 900
2
7 16 791
2
129 8 738
2
1024 2 1078
2
1375 3 341
2
691 1 855
2
370 3 513
2
1290 2 1020
2
215 3 754
2
1178 2 1184
2
213 2 686
2
1134 3 1443
2
28 2 973
2
1331 4 598
2
1434 3 1209
2
1110 3 1203
2
1061 2 1210
2
99 3 965
2
982 1 670
2
760 2 1353
2
839 4 339
2
1019 3 602
2
649 3 924
2
951 4 1198
2
1332 2 210
2
477 4 1426
2
565 2 376
2
788 4 443
2
144 4 134
2
581 2 680
2
1343 1 513
2
1312 8 1036
2
1317 4 1318
2
1079 4 674
2
977 2 1238
2
175 2 1307
2
1150 8 1186
2
462 4 1442
2
760 1 839
2
1062 3 192
2
1382 3 858
2
731 4 1416
2
1175 2 388
2
926 1 981
2
411 2 71
2
947 3 1074
2
307 1 200
2
411 1 475
2
52 3 328
2
136 1 691
2
168 4 883
2
1268 3 348
2
369 1 1109
2
742 1 505
2
1264 4 38
2
860 3 737
2
185 9 1219
2
1085 4 1126
2
1284 3 626
2
1272 3 1246
2
408 4 998
2
1333 2 1212
2
1109 4 1197
2
1487 4 825
2
851 3 947
2
349 4 613
2
1021 3 499
2
171 4 1080
2
172 3 1223
2
1323 3 1145
2
1407 8 555
2
799 3 202
2
245 3 282
2
856 3 576
2
202 3 914
2
1477 4 143
2
398 3 656
2
54 1 1341
2
1403 3 1380
2
1165 1 539
2
1223 4 1455
2
156 4 77
2
150 4 545
2
12 4 760
2
1364 8 1123
2
1288 4 524
2
701 4 227
2
458 3 1225
2
560 4 1299
2
1061 4 1223
2
587 3 691
2
135 4 538
2
748 6 1401
2
360 8 324
2
653 2 728
2
188 1 874
2
1045 1 1364
2
1393 4 148
2
1279 2 296
2
1206 2 101
2
389 2 1098
2
347 1 1311
2
275 4 1117
2
178 4 1113
2
519 4 703
2
663 2 459
2
1040 4 957
2
1368 2 1480
2
557 4 473
2
833 4 420
2
1408 4 1385
2
867 2 500
2
195 4 666
2
818 3 699
2
1010 3 637
2
644 1 909
2
964 2 1176
2
1382 3 284
2
75 2 1024
2
202 3 47
2
900 3 1128
2
1275 3 277
2
907 3 966
2
151 3 509
2
692 4 1126
2
127 1 74
2
856 3 262
2
543 1 827
2
998 4 173
2
975 2 400
2
750 1 957
2
909 1 1297
2
864 4 135
2
1215 3 1045
2
282 3 1215
2
1116 4 1322
2
1481 4 545
2
642 4 625
2
75 1 800
2
595 2 1440
2
845 4 1361
2
289 4 595
2
138 4 805
2
1451 3 1128
2
1266 2 997
2
1291 3 906
2
1150 3 866
2
20 3 1300
2
597 1 432
2
936 3 1313
2
1088 4 1316
2
1367 4 405
2
998 8 159
2
360 8 602
2
397 1 1082
2
127 1 894
2
1049 5 417
2
455 3 502
2
663 12 1193
2
674 2 664
2
504 4 199
2
1018 3 102
2
656 2 622
2
390 2 618
2
210 2 401
2
1030 4 939
2
1185 1 1392
2
588 2 212
2
925 3 845
2
622 3 52
2
1145 4 942
2
297 1 1483
2
1412 3 737
2
1179 3 626
2
454 1 981
2
926 1 813
2
1317 4 885
2
1103 3 398
2
497 3 808
2
1226 1 1170
2
564 2 1030
2
246 3 1325
2
1488 1 599
2
33 4 1035
2
1239 3 26
2
759 3 888
2
620 1 86
2
1195 2 881
2
1400 2 1358
2
1006 4 63
2
315 3 418
2
69 4 344
2
1133 5 112
2
973 1 1150
2
434 4 910
2
883 2 36
2
907 3 1015
2
525 2 544
2
67 2 1458
2
1288 1 223
2
131 2 1369
2
963 1 67
2
1112 1 141
2
1114 1 1214
2
1128 3 625
2
811 1 1380
2
284 3 1333
2
1061 4 915
2
612 4 420
2
1457 1 1077
2
1035 1 96
2
567 2 1167
2
1199 3 691
2
41 2 661
2
1481 3 434
2
207 4 395
2
731 3 1253
2
1399 1 287
2
1404 4 79
2
384 2 755
2
568 3 344
2
1079 4 556
2
176 1 839
2
685 1 1381
2
171 4 185
2
691 1 888
2
1002 4 686
2
1331 4 793
2
1102 4 292
2
423 1 528
2
655 4 684
2
1490 2 384
2
343 3 781
2
587 2 410
2
695 3 981
2
777 4 1146
2
43 3 908
2
937 3 1404
2
785 4 754
2
54 1 538
2
756 3 90
2
541 4 1442
2
1007 1 716
2
534 2 702
2
714 3 1271
2
1273 2 248
2
609 3 966
2
1417 3 1422
2
1270 1 290
2
871 2 891
2
163 3 562
2
537 3 245
2
1123 3 52
2
1330 4 157
2
1049 3 307
2
75 1 1075
2
23 5 1186
2
990 16 332
2
519 4 508
2
922 4 840
2
122 2 751
2
77 4 1098
2
1155 1 126
2
231 2 239
2
1284 1 106
2
1445 1 509
2
1022 4 786
2
476 4 1309
2
1396 3 1041
2
204 4 356
2
585 9 1470
2
22 2 1411
2
506 4 187
2
41 3 494
2
796 3 293
2
232 3 1063
2
1431 2 344
2
1245 1 571
2
88 4 1269
2
1083 3 151
2
188 4 405
2
1006 4 602
2
618 1 855
2
296 1 546
2
403 3 89
2
890 3 1380
2
809 8 655
2
2 4 782
2
187 4 1353
2
1215 3 766
2
1086 4 387
2
1140 2 751
2
230 3 346
2
535 4 1040
2
1175 2 228
2
461 4 1144
2
861 4 765
2
721 3 1389
2
74 3 1065
2
1016 1 1394
2
1096 3 1029
2
755 1 271
2
1195 2 344
2
1072 3 400
2
1096 3 185
2
1115 1 234
2
1057 3 403
2
1078 3 936
2
1102 3 871
2
965 4 1351
2
479 1 1431
2
1121 4 676
2
51 8 745
2
280 4 1092
2
1484 1 1461
2
1047 3 1084
2
200 1 976
2
71 8 471
2
1055 4 1134
2
814 1 1347
2
1108 4 594
2
747 1 770
2
218 3 273
2
20 3 1490
2
25 3 586
2
1251 4 394
2
197 2 836
2
833 2 253
2
1075 4 98
2
1347 1 1099
2
902 4 258
2
2 4 788
2
1480 4 1129
2
114 2 567
2
233 8 514
2
1116 3 980
2
857 4 1227
2
585 2 912
2
232 2 1142
2
1126 4 499
2
361 3 1019
2
1203 2 901
2
884 8 321
2
572 2 1177
2
1477 4 851
2
303 3 899
2
185 4 222
2
283 4 428
2
1317 2 1426
2
234 3 80
2
455 3 687
2
919 2 207
2
999 16 51
2
500 1 1463
2
728 3 1120
2
922 3 1312
2
1129 4 688
2
879 3 1193
2
1292 4 31
2
133 1 582
2
505 1 354
2
54 1 191
2
554 2 251
2
604 3 53
2
291 4 267
2
1039 3 605
2
1336 4 1469
2
302 4 805
2
802 3 39
2
1262 2 741
2
711 3 266
2
1298 4 1121
2
1301 4 957
2
86 2 1067
2
37 2 248
2
1362 4 280
2
1425 4 93
2
794 4 1154
2
649 3 55
2
90 8 1040
2
253 2 639
2
1197 2 1015
2
831 4 659
2
570 4 938
2
753 3 610
2
551 2 858
2
274 3 449
2
850 4 218
2
337 1 1140
2
1479 4 1239
2
1373 4 1015
2
998 4 111
2
707 4 885
2
888 3 1076
2
697 2 298
2
1472 1 388
2
1183 2 492
2
601 5 525
2
1331 8 237
2
1371 2 19
2
844 4 1083
2
1248 4 252
2
167 4 374
2
1408 4 1487
2
1288 3 1124
2
1221 3 650
2
160 4 1113
2
1136 1 191
