2
656 5 788
2
416 3 209
2
575 1 611
2
203 1 569
2
233 1 500
2
566 3 19
2
528 1 463
2
141 1 602
2
788 11 551
2
275 3 288
2
169 1 172
2
139 1 745
2
130 1 205
2
250 2 332
2
550 1 388
2
226 1 404
2
781 1 131
2
326 1 68
2
685 1 111
2
190 5 177
2
474 1 639
2
51 3 776
2
768 1 354
2
581 2 780
2
639 1 783
2
200 3 52
2
263 3 524
2
408 3 646
2
98 1 428
2
739 1 397
2
64 2 749
2
624 3 508
2
373 2 118
2
22 9 558
2
409 3 84
2
410 1 570
2
144 1 11
2
442 3 609
2
513 3 416
2
209 1 246
2
672 6 557
2
144 3 549
2
139 1 508
2
103 3 409
2
328 1 287
2
34 1 12
2
122 3 33
2
318 11 201
2
148 1 126
2
533 2 601
2
405 1 371
2
128 3 313
2
272 1 450
2
384 1 410
2
375 2 152
2
545 3 590
2
188 7 223
2
170 1 739
2
428 1 472
2
328 3 789
2
334 1 478
2
414 1 388
2
299 1 223
2
650 2 459
2
605 3 642
2
427 1 45
2
733 1 584
2
729 1 567
2
763 3 240
2
59 2 294
2
78 1 640
2
288 3 578
2
537 3 224
2
443 2 741
2
433 1 315
2
528 1 594
2
196 2 317
2
670 3 75
2
162 1 657
2
528 3 173
2
578 3 550
2
346 1 361
2
758 1 368
2
645 1 705
2
636 3 93
2
136 1 573
2
221 3 297
2
355 3 213
2
338 3 256
2
295 1 775
2
246 1 70
2
109 1 636
2
430 1 19
2
529 1 169
2
589 1 794
2
24 1 229
2
362 1 607
2
17 1 708
2
247 1 141
2
611 1 157
2
625 3 514
2
365 1 411
2
277 1 137
2
653 3 612
2
476 3 699
2
718 1 651
2
124 3 288
2
7 1 419
2
664 1 609
2
19 1 273
2
245 9 22
2
433 1 478
2
653 1 164
2
427 2 455
2
558 1 438
2
155 1 484
2
115 1 182
2
267 4 265
2
154 3 727
2
32 3 214
2
133 3 720
2
242 3 631
2
762 1 704
2
38 2 252
2
193 3 647
2
238 3 200
2
24 3 193
2
640 3 386
2
334 3 665
2
535 1 661
2
112 1 148
2
271 1 488
2
224 9 724
2
738 2 292
2
307 2 99
2
443 2 596
2
544 1 445
2
456 3 690
2
268 1 406
2
683 1 237
2
550 1 793
2
67 1 239
2
37 1 734
2
275 1 708
2
167 1 343
2
134 3 578
2
490 5 642
2
25 3 395
2
12 1 278
2
362 5 177
2
513 9 177
2
50 3 307
2
106 3 579
2
751 3 513
2
444 3 55
2
14 1 588
2
4 1 304
2
752 1 522
2
627 1 346
2
660 3 721
2
536 3 383
2
676 3 518
2
129 1 183
2
787 1 42
2
331 2 492
2
17 1 462
2
653 3 456
2
299 1 708
2
160 3 1
2
786 1 218
2
775 1 314
2
615 9 177
2
499 1 150
2
115 1 756
2
509 1 356
2
213 3 133
2
694 1 155
2
16 3 645
2
452 1 280
2
420 3 413
2
435 1 734
2
296 1 584
2
604 3 152
2
243 1 40
2
363 3 287
2
534 1 735
2
266 2 601
2
86 1 34
2
548 3 535
2
345 1 125
2
538 1 629
2
754 3 101
2
231 4 792
2
118 2 546
2
521 1 676
2
712 3 101
2
367 3 562
2
729 1 684
2
690 1 704
2
55 3 338
2
458 3 325
2
666 3 763
2
421 5 177
2
446 1 327
2
221 1 422
2
772 6 222
2
593 1 335
2
212 1 423
2
19 1 140
2
483 1 202
2
308 3 277
2
182 3 122
2
415 1 670
2
594 1 621
2
186 1 622
2
582 1 767
2
358 3 674
2
395 4 141
2
442 3 420
2
113 1 264
2
337 1 192
2
29 1 423
2
97 3 655
2
774 3 795
2
655 1 450
2
10 1 347
2
646 3 97
2
631 3 104
2
401 3 122
2
191 3 547
2
151 1 668
2
21 1 759
2
442 3 605
2
786 3 143
2
61 6 742
2
731 1 84
2
555 1 240
2
536 1 725
2
658 2 551
2
552 11 754
2
670 1 398
2
786 3 720
2
546 2 404
2
172 1 622
2
201 3 424
2
462 1 439
2
454 1 336
2
471 3 147
2
471 3 742
2
309 1 775
2
76 1 30
2
268 1 788
2
788 1 611
2
543 3 16
2
470 1 430
2
405 6 471
2
368 1 144
2
352 1 366
2
291 3 232
2
328 1 33
2
117 1 632
2
172 3 416
2
44 1 34
2
410 1 787
2
694 1 379
2
61 11 242
2
555 1 666
2
762 1 710
2
265 2 64
2
408 3 438
2
209 1 87
2
360 4 267
2
300 3 338
2
152 3 750
2
740 1 745
2
48 2 658
2
553 1 352
2
315 3 546
2
382 2 360
2
247 1 209
2
742 3 397
2
64 2 229
2
557 2 531
2
248 1 597
2
139 1 759
2
281 3 683
2
275 1 226
2
462 3 69
2
668 3 301
2
736 2 43
2
716 1 21
2
472 1 132
2
140 6 46
2
496 2 16
2
703 1 562
2
411 1 373
2
369 1 268
2
363 3 673
2
739 3 748
2
219 1 457
2
582 1 651
2
36 2 38
2
94 3 513
2
777 1 235
2
207 3 92
2
479 1 23
2
693 1 204
2
222 1 126
2
573 1 604
2
297 3 626
2
188 3 576
2
132 1 587
2
348 1 366
2
592 3 242
2
603 3 260
2
782 1 284
2
406 1 87
2
734 2 774
2
329 3 420
2
760 3 142
2
405 1 536
2
297 3 618
2
491 4 203
2
100 2 425
2
699 4 588
2
415 1 756
2
736 2 365
2
694 6 490
2
762 1 535
2
376 6 22
2
33 1 731
2
257 1 458
2
442 3 269
2
416 3 344
2
352 1 463
2
737 1 505
2
64 3 711
2
207 1 678
2
488 2 386
2
303 1 320
2
574 2 292
2
516 3 349
2
209 1 577
2
106 2 673
2
355 3 390
2
240 1 10
2
637 1 327
2
381 3 111
2
196 1 208
2
379 1 8
2
644 1 213
2
729 3 292
2
555 3 56
2
338 1 480
2
721 3 546
2
333 1 520
2
364 1 388
2
61 1 283
2
316 1 519
2
138 1 792
2
675 1 751
2
756 1 727
2
649 3 331
2
566 2 51
2
530 3 288
2
464 3 449
2
226 1 684
2
752 3 174
2
724 1 405
2
631 3 204
2
70 1 621
2
228 1 389
2
395 3 279
2
729 1 94
2
134 3 187
2
401 1 485
2
386 2 794
2
297 3 134
2
16 3 314
2
120 3 786
2
587 1 43
2
110 3 501
2
680 3 311
2
528 1 485
2
323 1 464
2
326 1 164
2
544 1 675
2
193 3 348
2
287 1 724
2
530 1 418
2
592 3 606
2
589 1 272
2
83 1 670
2
51 9 490
2
289 3 514
2
463 1 350
2
494 1 739
2
753 1 582
2
590 1 185
2
168 3 501
2
471 3 794
2
604 1 435
2
579 3 200
2
605 3 559
2
283 1 584
2
76 1 657
2
507 3 187
2
737 1 12
2
771 1 33
2
754 3 417
2
643 2 500
2
218 1 539
2
781 3 134
2
295 1 391
2
336 1 312
2
94 1 614
2
747 1 98
2
490 6 233
2
605 3 340
2
594 1 404
2
178 1 39
2
542 3 119
2
286 6 255
2
203 1 633
2
302 1 496
2
711 1 303
2
276 1 365
2
737 1 628
2
247 1 541
2
219 3 595
2
181 1 157
2
186 1 389
2
333 1 205
2
369 1 676
2
76 3 3
2
709 1 547
2
7 1 746
2
756 1 496
2
199 1 582
2
350 1 554
2
202 1 27
2
564 1 262
2
523 2 789
2
536 1 362
2
539 1 576
2
140 1 319
2
694 1 34
2
630 3 420
2
515 1 141
2
14 1 433
2
710 1 737
2
101 1 379
2
147 1 486
2
553 1 739
2
35 3 381
2
130 3 189
2
15 3 501
2
626 3 545
2
790 4 67
2
194 1 227
2
452 1 778
2
183 3 785
2
286 8 459
2
81 1 253
2
438 1 403
2
171 1 621
2
299 1 251
2
243 1 87
2
565 1 103
2
786 1 197
2
203 4 26
2
341 3 256
2
137 6 776
2
424 1 140
2
323 1 764
2
126 3 55
2
287 1 559
2
580 1 30
2
128 1 655
2
451 1 526
2
515 1 72
2
189 2 261
2
191 3 451
2
271 1 239
2
331 2 252
2
518 3 672
2
88 1 594
2
130 3 255
2
106 2 258
2
4 1 384
2
278 1 743
2
591 3 464
2
363 3 454
2
560 1 49
2
99 3 781
2
294 2 641
2
699 3 238
2
380 1 227
2
405 1 679
2
601 3 570
2
224 3 564
2
344 4 41
2
475 1 734
2
212 1 714
2
505 1 564
2
680 1 358
2
567 1 597
2
715 1 707
2
558 1 594
2
487 1 303
2
250 2 719
2
276 1 764
2
365 1 245
2
274 3 699
2
252 11 717
2
529 3 311
2
562 1 707
2
184 1 454
2
74 1 609
2
529 1 419
2
670 1 744
2
505 1 770
2
314 1 186
2
244 1 561
2
676 1 269
2
397 3 416
2
711 3 390
2
161 2 693
2
283 1 267
2
629 3 306
2
597 1 586
2
219 3 28
2
358 1 662
2
339 1 572
2
557 2 83
2
729 1 511
2
419 1 739
2
560 3 50
2
333 1 400
2
502 3 372
2
43 1 524
2
57 1 565
2
399 1 181
2
718 1 25
2
406 1 556
2
313 3 776
2
435 1 284
2
582 1 489
2
290 2 26
2
229 1 330
2
272 3 790
2
585 1 67
2
322 1 718
2
260 3 109
2
672 9 724
2
279 1 476
2
466 1 728
2
601 2 100
2
101 1 227
2
451 3 26
2
551 3 716
2
725 1 528
2
118 2 45
2
609 1 604
2
105 1 10
2
298 1 316
2
213 1 344
2
518 3 78
2
271 3 471
2
414 1 278
2
793 1 168
2
60 1 110
2
398 1 266
2
71 1 329
2
142 3 215
2
580 1 366
2
401 3 386
2
774 2 719
2
643 2 23
2
457 1 180
2
35 3 387
2
379 1 630
2
169 1 695
2
683 1 278
2
377 1 443
2
593 3 763
2
162 1 454
2
555 3 224
2
228 1 391
2
439 1 145
2
91 3 586
2
209 1 33
2
58 1 326
2
35 1 337
2
642 1 374
2
17 1 13
2
666 1 614
2
410 1 509
2
378 1 266
2
341 1 42
2
354 3 516
2
19 3 2
2
412 11 93
2
106 3 768
2
746 1 315
2
495 1 714
2
49 3 231
2
258 1 368
2
422 1 401
2
486 1 435
2
354 1 423
2
510 1 770
2
170 1 738
2
593 1 779
2
489 1 453
2
444 3 656
2
731 1 382
2
466 1 608
2
758 1 293
2
47 5 99
2
561 1 506
2
674 3 108
2
400 1 568
2
195 1 737
2
684 3 420
2
222 3 790
2
229 3 134
2
311 3 651
2
313 3 325
2
112 1 463
2
173 3 569
2
159 1 321
2
580 3 381
2
539 1 80
2
676 1 192
2
158 1 695
2
76 1 302
2
111 1 328
2
427 1 186
2
407 2 720
2
551 3 19
2
713 3 2
2
196 1 714
2
146 1 110
2
746 1 327
2
382 1 334
2
206 3 656
2
360 3 520
2
708 1 9
2
299 1 403
2
645 1 647
2
374 1 302
2
467 1 654
2
599 1 35
2
568 3 300
2
31 1 270
2
502 3 113
2
210 1 661
2
494 3 754
2
463 3 674
2
269 1 103
2
44 1 422
2
745 1 6
2
267 1 130
2
218 1 235
2
453 1 404
2
190 3 138
2
11 3 741
2
578 3 40
2
589 1 568
2
220 3 249
2
264 1 165
2
752 3 189
2
43 2 549
2
731 6 501
2
457 3 311
2
491 3 429
2
388 2 317
2
755 3 408
2
171 1 622
2
459 2 567
2
750 1 95
2
703 1 565
2
92 6 772
2
329 1 678
2
668 3 100
2
254 3 631
2
127 1 640
2
172 3 687
2
159 1 642
2
793 3 543
2
441 1 329
2
572 1 527
2
733 3 514
2
611 2 459
2
411 1 439
2
553 1 44
2
145 1 585
2
184 1 222
2
458 1 678
2
83 1 747
2
520 1 429
2
621 1 104
2
118 3 628
2
341 1 792
2
121 1 32
2
11 3 16
2
396 3 274
2
685 1 51
2
502 4 359
2
592 3 301
2
237 1 168
2
496 1 291
2
672 3 345
2
44 1 273
2
3 3 126
2
583 3 181
2
676 1 322
2
141 1 650
2
329 3 89
2
77 1 530
2
455 4 119
2
640 1 76
2
160 1 210
2
711 1 13
2
734 1 528
2
562 1 356
2
92 2 444
2
629 1 341
2
269 1 248
2
560 1 304
2
277 1 486
2
792 4 317
2
791 1 575
2
330 1 775
2
273 1 7
2
223 1 757
2
464 1 327
2
475 4 274
2
222 1 668
2
14 1 54
2
157 1 508
2
60 3 516
2
711 1 760
2
66 6 615
2
501 3 40
2
66 1 130
2
748 3 220
2
373 6 490
2
334 1 558
2
575 1 258
2
128 1 634
2
256 3 1
2
610 11 77
2
687 3 770
2
74 1 277
2
146 1 8
2
469 6 333
2
61 1 581
2
744 1 621
2
488 1 646
2
146 3 135
2
570 1 258
2
233 1 432
2
587 1 261
2
376 1 526
2
193 2 581
2
119 1 340
2
451 1 668
2
49 3 660
2
314 1 339
2
385 1 63
2
362 1 151
2
202 1 345
2
363 3 489
2
726 1 495
2
752 1 85
2
127 1 305
2
723 1 248
2
593 3 491
2
118 2 782
2
508 1 667
2
52 1 103
2
466 1 66
2
15 1 237
2
177 9 468
2
443 1 647
2
327 1 365
2
740 1 298
2
180 1 714
2
191 3 733
2
731 1 353
2
281 3 623
2
205 3 242
2
495 1 150
2
353 1 43
2
552 1 83
2
26 2 276
2
519 6 41
2
138 1 645
2
175 1 483
2
115 1 402
2
380 6 774
2
455 4 97
2
751 3 748
2
437 6 175
2
541 1 149
2
323 1 290
2
386 3 411
2
557 2 541
2
519 3 260
2
63 1 5
2
460 1 171
2
402 1 150
2
283 1 377
2
733 3 471
2
225 3 306
2
277 1 14
2
162 1 254
2
332 1 359
2
567 1 168
2
526 1 536
2
175 1 695
2
296 3 73
2
172 1 484
2
152 3 577
2
334 3 154
2
442 3 432
2
382 1 794
2
738 1 42
2
499 1 335
2
52 1 103
2
67 1 465
2
404 3 449
2
458 1 756
2
512 3 324
2
565 1 8
2
455 4 12
2
102 6 137
2
344 1 218
2
719 1 350
2
342 4 696
2
715 1 182
2
205 1 650
2
348 1 9
2
281 3 39
2
412 1 618
2
98 1 598
2
578 3 639
2
230 2 763
2
13 1 675
2
262 1 496
2
103 1 185
2
107 1 19
2
383 2 591
2
442 6 777
2
708 1 341
2
246 1 202
2
135 3 365
2
661 1 10
2
311 5 492
2
222 1 695
2
338 1 101
2
329 1 588
2
62 2 290
2
327 1 655
2
586 1 412
2
728 1 737
2
198 3 133
2
110 3 780
2
645 1 403
2
704 1 775
2
733 1 418
2
796 1 620
2
468 1 389
2
779 1 248
2
739 1 350
2
312 1 19
2
663 3 73
2
110 1 362
2
766 3 551
2
676 1 113
2
623 1 163
2
762 1 609
2
623 1 590
2
377 1 678
2
680 1 98
2
710 1 227
2
460 1 58
2
443 1 645
2
519 3 232
2
796 1 140
2
645 3 381
2
638 1 394
2
652 1 126
2
778 1 644
2
42 1 520
2
658 3 776
2
340 1 111
2
533 3 97
2
486 1 651
2
96 3 44
2
619 1 531
2
683 1 638
2
563 1 486
2
582 3 518
2
353 3 456
2
351 6 241
2
17 1 295
2
479 1 389
2
320 1 480
2
338 1 556
2
423 1 537
2
212 1 268
2
90 3 472
2
106 3 656
2
453 1 465
2
129 1 34
2
500 1 552
2
114 3 281
2
535 1 642
2
410 1 454
2
766 3 381
2
475 2 217
2
257 1 784
2
462 1 432
2
650 1 116
2
40 1 79
2
294 2 782
2
577 1 299
2
43 1 233
2
320 1 203
2
196 1 753
2
44 1 78
2
30 1 411
2
654 2 591
2
126 1 515
2
276 2 249
2
383 2 483
2
48 3 605
2
70 1 131
2
123 6 664
2
509 3 372
2
96 3 74
2
715 3 471
2
772 6 487
2
224 3 293
2
69 3 685
2
547 1 374
2
504 1 737
2
770 1 343
2
394 1 433
2
433 3 542
2
233 1 362
2
371 3 631
2
442 3 551
2
392 3 308
2
437 3 330
2
270 1 706
2
345 3 742
2
730 3 45
2
739 1 299
2
628 3 600
2
151 1 103
2
638 1 675
2
328 1 760
2
618 3 566
2
395 3 8
2
219 1 538
2
148 1 284
2
139 1 159
2
352 1 241
2
163 3 730
2
113 1 316
2
213 1 568
2
774 2 669
2
300 2 676
2
635 3 578
2
491 3 343
2
558 1 667
2
287 1 478
2
201 2 322
2
280 1 487
2
482 3 4
2
366 1 17
2
416 3 107
2
275 1 734
2
525 1 327
2
794 1 487
2
601 2 415
2
229 1 526
2
308 3 669
2
734 3 288
2
621 1 139
2
608 1 10
2
192 2 96
2
762 1 653
2
259 3 527
2
664 1 36
2
664 1 180
2
335 1 745
2
572 1 54
2
319 1 155
2
619 1 18
2
501 3 382
2
468 1 499
2
228 1 202
2
182 1 470
2
290 1 361
2
326 1 500
2
620 1 67
2
788 1 272
2
524 1 67
2
164 1 640
2
291 1 63
2
299 2 217
2
201 2 657
2
167 1 454
2
132 3 3
2
170 3 493
2
113 1 445
2
576 3 713
2
718 3 776
2
410 1 429
2
590 1 151
2
749 1 341
2
411 11 610
2
332 1 762
2
289 3 579
2
772 6 14
2
333 1 640
2
29 1 12
2
360 2 673
2
44 1 166
2
674 3 461
2
383 3 771
2
691 3 214
2
74 3 578
2
405 11 311
2
179 1 117
2
543 3 471
2
545 3 104
2
138 1 466
2
598 1 722
2
719 1 337
2
736 3 259
2
144 1 211
2
35 11 610
2
56 11 199
2
612 3 547
2
364 4 41
2
736 3 786
2
253 3 413
2
785 3 756
2
730 3 92
2
494 3 416
2
277 3 501
2
125 1 137
2
449 3 423
2
92 3 627
2
23 2 249
2
759 1 198
2
275 1 222
2
568 1 619
2
174 3 326
2
144 1 332
2
37 1 711
2
472 3 543
2
699 3 425
2
488 3 702
2
39 1 346
2
735 1 262
2
635 1 245
2
291 1 21
2
155 1 694
2
208 1 496
2
206 1 225
2
477 1 225
2
795 1 429
2
294 2 382
2
407 2 723
2
762 1 756
2
353 3 133
2
196 1 710
2
65 3 448
2
28 3 221
2
582 3 355
2
433 1 649
2
86 1 333
2
326 1 58
2
551 2 196
2
182 1 350
2
160 1 538
2
121 1 489
2
208 1 719
2
414 1 734
2
664 6 286
2
127 1 130
2
614 1 669
2
12 3 3
2
711 1 85
2
596 3 74
2
785 3 488
2
27 11 692
2
211 3 720
2
343 1 19
2
71 1 14
2
412 1 108
2
458 1 650
2
297 2 100
2
24 3 289
2
457 1 711
2
614 1 575
2
441 3 659
2
274 3 285
2
710 1 506
2
12 3 16
2
111 1 305
2
788 1 147
2
564 1 364
2
547 1 379
2
712 3 143
2
355 3 598
2
510 1 451
2
411 1 568
2
573 1 103
2
654 1 303
2
748 3 254
2
168 1 707
2
528 1 649
2
190 3 450
2
74 1 159
2
233 1 63
2
779 1 356
2
81 1 37
2
54 3 90
2
415 1 511
2
602 1 457
2
716 1 361
2
103 1 527
2
282 1 586
2
600 3 40
2
466 1 441
2
135 3 539
2
525 3 73
2
171 1 404
2
625 1 84
2
503 4 91
2
452 3 396
2
417 1 366
2
292 2 459
2
65 3 576
2
616 3 250
2
730 3 238
2
756 1 5
2
16 3 134
2
791 1 81
2
638 1 743
2
110 3 100
2
26 2 51
2
713 3 144
2
692 3 461
2
371 1 714
2
324 3 321
2
417 1 356
2
300 2 165
2
59 3 785
2
264 1 246
2
771 1 53
2
716 1 392
2
794 2 549
2
393 1 352
2
237 1 243
2
332 1 620
2
24 1 430
2
30 3 189
2
657 1 352
2
587 1 635
2
615 3 428
2
578 4 723
2
419 3 502
2
381 3 298
2
43 11 702
2
604 1 778
2
769 3 672
2
763 3 621
2
336 1 404
2
647 1 29
2
553 2 193
2
704 1 571
2
46 2 510
2
525 1 637
2
330 1 78
2
718 1 684
2
614 1 148
2
7 1 353
2
765 1 268
2
641 2 108
2
766 3 442
2
682 3 235
2
289 3 558
2
775 1 738
2
487 3 301
2
135 3 470
2
512 1 279
2
338 3 281
2
305 1 204
2
719 3 93
2
104 1 195
2
511 1 129
2
243 1 368
2
236 3 262
2
562 1 694
2
609 3 91
2
62 2 45
2
445 1 572
2
171 3 1
2
2 3 49
2
700 3 96
2
304 1 590
2
458 3 174
2
529 1 727
2
742 9 67
2
775 1 602
2
323 1 178
2
607 1 365
2
583 3 779
2
335 1 564
2
550 1 505
2
169 3 363
2
723 4 73
2
121 1 592
2
90 3 234
2
255 3 334
2
190 3 438
2
582 1 337
2
656 3 132
2
687 3 693
2
480 3 514
2
342 9 746
2
308 3 617
2
583 4 552
2
279 3 188
2
229 1 391
2
291 1 195
2
100 3 560
2
300 3 103
2
548 3 437
2
777 1 5
2
103 1 462
2
388 1 15
2
558 1 681
2
628 1 94
2
769 1 20
2
700 3 1
2
106 3 86
2
296 1 481
2
79 1 747
2
98 3 297
2
402 1 745
2
387 3 657
2
495 2 641
2
623 1 657
2
539 1 23
2
431 1 30
2
522 2 217
2
615 3 459
2
636 1 24
2
640 1 319
2
102 3 349
2
753 3 682
2
599 2 193
2
26 3 151
2
189 3 115
2
296 3 543
2
475 1 693
2
20 3 122
2
62 2 564
2
762 1 758
2
572 3 134
2
742 3 179
2
482 3 80
2
373 1 622
2
300 3 111
2
311 11 223
2
609 1 218
2
370 2 64
2
643 2 523
2
152 2 189
2
283 1 251
2
761 1 302
2
491 3 348
2
28 2 321
2
30 3 234
2
526 3 482
2
9 1 304
2
47 1 573
2
396 3 701
2
436 1 264
2
673 1 745
2
442 3 639
2
580 1 204
2
511 3 682
2
650 2 64
2
381 3 519
2
414 3 73
2
607 1 223
2
790 3 117
2
620 3 763
2
152 3 272
2
634 1 244
2
424 1 267
2
716 1 560
2
7 1 377
2
437 3 602
2
134 3 179
2
210 1 216
2
315 1 478
2
529 1 348
2
296 3 776
2
20 3 566
2
110 3 90
2
541 2 92
2
266 1 323
2
456 3 193
2
238 1 637
2
482 3 669
2
412 1 632
2
331 2 777
2
74 1 675
2
483 1 168
2
686 1 59
2
224 3 692
2
36 1 410
2
219 1 379
2
206 1 704
2
559 1 10
2
737 1 204
2
146 1 278
2
610 11 446
2
555 1 554
2
346 1 116
2
382 2 741
2
527 2 297
2
484 1 432
2
721 3 661
2
362 1 339
2
778 1 410
2
657 1 608
2
417 1 634
2
315 1 726
2
749 1 345
2
142 3 229
2
784 1 663
2
738 1 252
2
46 6 733
2
172 1 109
2
574 3 57
2
152 2 738
2
178 1 88
2
459 2 299
2
176 1 321
2
689 3 383
2
283 1 253
2
369 1 63
2
715 1 57
2
516 3 606
2
620 1 649
2
562 1 457
2
300 3 363
2
746 1 61
2
257 1 262
2
380 11 448
2
466 1 775
2
533 1 282
2
207 1 25
2
27 1 635
2
146 1 675
2
220 1 76
2
256 3 454
2
662 1 229
2
35 2 601
2
705 1 81
2
425 3 491
2
566 3 168
2
304 1 761
2
763 3 160
2
383 2 625
2
167 1 466
2
339 1 646
2
495 1 688
2
241 3 234
2
709 1 126
2
287 1 315
2
140 1 149
2
739 3 142
2
658 3 529
2
418 1 219
2
226 1 298
2
543 3 479
2
642 1 500
2
12 1 722
2
163 1 336
2
624 3 612
2
463 3 64
2
50 3 443
2
450 1 694
2
346 9 600
2
227 3 3
2
452 1 131
2
669 2 92
2
291 3 502
2
551 3 371
2
203 1 17
2
28 2 722
2
710 3 437
2
494 1 743
2
527 1 185
2
68 1 309
2
563 5 177
2
55 3 292
2
28 2 600
2
642 1 598
2
398 1 299
2
348 1 522
2
39 1 339
2
332 3 259
2
48 1 504
2
221 3 721
2
173 3 150
2
227 1 66
2
532 1 654
2
210 1 17
2
242 3 38
2
1 3 240
2
107 2 566
2
593 1 690
2
717 11 653
2
643 2 723
2
626 1 560
2
144 3 191
2
20 1 533
2
246 1 579
2
500 1 729
2
199 1 421
2
298 1 280
2
772 6 338
2
151 11 492
2
293 1 323
2
655 1 686
2
511 1 272
2
51 3 135
2
323 1 268
2
182 1 310
2
733 1 700
2
561 1 356
2
449 3 142
2
478 1 337
2
38 2 428
2
246 1 561
2
275 1 506
2
8 1 136
2
414 2 200
2
339 1 503
2
361 1 768
2
157 1 346
2
775 1 66
2
375 1 205
2
212 1 155
2
472 1 219
2
376 2 285
2
499 1 253
2
492 2 688
2
623 1 334
2
771 1 655
2
735 1 215
2
449 3 130
2
584 3 133
2
702 3 580
2
60 1 625
2
208 1 51
2
589 2 2
2
591 2 473
2
215 3 741
2
360 3 585
2
308 3 433
2
477 1 248
2
642 1 86
2
524 2 763
2
14 1 628
2
328 1 585
2
50 3 487
2
453 1 625
2
309 1 290
2
630 1 602
2
667 3 82
2
104 1 186
2
167 1 588
2
206 1 167
2
543 3 75
2
456 3 241
2
695 1 37
2
181 1 397
2
457 1 57
2
404 3 69
2
595 3 347
2
77 3 785
2
639 1 13
2
776 3 40
2
55 3 644
2
258 1 365
2
650 1 594
2
705 2 601
2
100 3 476
2
627 3 82
2
742 3 770
2
658 3 631
2
252 1 714
2
403 3 754
2
597 1 590
2
244 3 493
2
410 1 49
2
694 3 543
2
442 3 535
2
747 1 70
2
22 6 88
2
663 3 142
2
410 3 1
2
376 1 465
2
151 1 419
2
287 1 83
2
431 3 97
2
274 3 743
2
77 1 98
2
85 3 631
2
650 1 312
2
745 1 462
2
65 3 541
2
476 1 711
2
37 1 20
2
602 1 66
2
774 3 71
2
206 1 284
2
745 1 52
2
567 1 485
2
719 1 130
2
789 2 292
2
374 1 139
2
169 2 232
2
51 2 551
2
785 3 754
2
634 1 559
2
262 1 119
2
115 1 343
2
348 1 209
2
57 1 620
2
525 1 179
2
400 1 646
2
429 1 329
2
434 3 631
2
263 3 174
2
343 1 333
2
194 1 496
2
192 1 184
2
671 1 171
2
575 9 306
2
775 1 784
2
644 1 680
2
265 2 496
2
280 1 78
2
216 1 547
2
202 1 633
2
280 1 48
2
350 1 604
2
327 1 487
2
285 2 68
2
154 2 497
2
276 3 456
2
504 4 408
2
528 1 298
2
150 1 749
2
174 3 4
2
672 3 617
2
247 1 756
2
418 1 350
2
750 3 742
2
414 1 339
2
336 1 368
2
492 4 558
2
147 1 625
2
602 1 326
2
626 1 733
2
453 1 197
2
141 2 99
2
463 1 375
2
610 11 212
2
547 1 450
2
524 1 11
2
29 1 648
2
386 3 109
2
403 1 258
2
466 1 392
2
374 11 610
2
792 1 78
2
724 1 314
2
369 1 608
2
567 1 329
2
250 3 153
2
365 3 288
2
59 3 606
2
96 3 40
2
208 1 61
2
23 1 431
2
302 1 353
2
301 3 303
2
100 3 52
2
12 1 414
2
89 3 184
2
718 1 310
2
102 3 301
2
381 3 765
2
618 1 334
2
224 3 320
2
326 1 608
2
360 3 3
2
542 11 43
2
641 2 337
2
481 1 562
2
349 1 544
2
410 1 115
2
303 1 280
2
31 1 42
2
498 3 606
2
168 1 663
2
735 1 584
2
14 1 427
2
738 3 612
2
414 1 240
2
512 3 256
2
437 2 327
2
503 1 176
2
531 6 490
2
55 3 83
2
600 3 291
2
706 1 668
2
721 3 560
2
500 1 630
2
390 3 241
2
49 1 422
2
171 2 601
2
619 1 273
2
240 1 140
2
375 1 489
2
675 1 621
2
229 1 145
2
695 1 199
2
502 3 308
2
104 1 691
2
175 4 797
2
177 11 430
2
508 1 393
2
415 1 436
2
144 1 724
2
218 1 627
2
706 1 241
2
608 1 685
2
745 1 422
2
33 1 29
2
396 3 204
2
315 3 65
2
93 3 258
2
620 1 511
2
66 1 49
2
778 1 293
2
516 3 487
2
2 2 594
2
239 2 774
2
481 1 315
2
398 1 81
2
459 3 65
2
677 3 409
2
143 3 113
2
270 1 670
2
672 3 386
2
159 1 685
2
123 3 45
2
562 3 236
2
136 1 213
2
760 2 566
2
418 1 221
2
530 1 512
2
73 3 459
2
523 3 244
2
112 1 347
2
559 1 210
2
45 3 501
2
486 3 596
2
132 1 646
2
671 1 336
2
442 3 277
2
367 3 19
2
124 1 562
2
126 1 527
2
173 3 110
2
106 2 755
2
540 1 536
2
639 1 597
2
114 2 551
2
24 1 726
2
230 1 397
2
711 3 325
2
419 3 62
2
747 1 12
2
715 1 125
2
205 6 643
2
255 3 187
2
776 3 655
2
672 3 713
2
764 1 479
2
152 3 511
2
613 1 67
2
514 3 355
2
657 3 456
2
788 1 648
2
631 3 589
2
699 3 414
2
30 1 302
2
614 1 330
2
52 1 532
2
372 6 731
2
772 6 243
2
319 1 470
2
491 3 284
2
420 4 364
2
406 1 453
2
62 2 48
2
648 1 536
2
295 1 251
2
98 1 515
2
678 1 703
2
509 1 629
2
494 1 767
2
271 1 195
2
744 1 18
2
659 3 74
2
51 1 483
2
680 1 156
2
704 1 412
2
717 11 167
2
282 1 417
2
529 3 355
2
79 1 37
2
529 3 659
2
512 1 388
2
174 3 117
2
210 1 199
2
179 3 187
2
694 1 505
2
258 1 162
2
669 1 556
2
641 2 695
2
404 1 499
2
547 3 297
2
63 1 749
2
671 1 328
2
552 1 637
2
226 1 519
2
369 1 53
2
63 1 524
2
132 1 608
2
539 1 126
2
68 1 258
2
620 1 148
2
308 3 44
2
480 1 585
2
390 3 705
2
456 3 425
2
124 1 569
2
162 1 485
2
736 3 387
2
453 1 432
2
112 1 629
2
766 1 705
2
686 3 187
2
549 11 717
2
694 1 584
2
713 3 591
2
148 1 593
2
95 1 681
2
643 2 625
2
507 3 256
2
794 1 18
2
400 1 550
2
232 2 646
2
759 1 611
2
21 1 427
2
658 2 354
2
281 3 117
2
199 1 39
2
78 3 507
2
522 1 145
2
166 1 718
2
658 2 404
2
305 1 648
2
62 2 521
2
171 1 532
2
268 1 160
2
295 1 368
2
226 1 708
2
456 3 182
2
14 1 646
2
157 1 178
2
341 1 246
2
507 3 120
2
89 3 326
2
789 4 333
2
780 3 597
2
254 1 464
2
353 1 704
2
575 1 487
2
743 1 670
2
374 2 574
2
383 2 429
2
172 1 98
2
680 1 129
2
327 1 617
2
746 1 246
2
543 6 319
2
681 1 644
2
591 2 270
2
211 1 238
2
222 1 340
2
640 1 43
2
170 1 445
2
195 1 341
2
655 3 600
2
97 3 104
2
14 1 489
2
101 1 77
2
215 1 483
2
220 1 468
2
383 2 285
2
573 1 689
2
764 1 476
2
753 5 557
2
55 3 241
2
320 1 675
2
769 3 256
2
601 3 215
2
335 1 703
2
318 1 375
2
426 1 140
2
547 1 621
2
671 3 713
2
86 3 99
2
740 1 710
2
711 1 362
2
80 1 109
2
410 3 658
2
741 3 770
2
648 3 231
2
609 2 292
2
695 3 448
2
437 2 282
2
194 1 23
2
365 2 370
2
255 3 49
2
633 1 182
2
154 3 727
2
632 1 364
2
675 1 758
2
137 5 606
2
650 1 472
2
548 3 754
2
393 1 12
2
539 1 254
2
767 1 165
2
172 1 348
2
499 1 375
2
263 4 68
2
333 4 543
2
101 1 357
2
503 1 453
2
21 1 620
2
448 3 181
2
479 1 66
2
711 1 424
2
357 1 637
2
243 1 165
2
390 3 418
2
458 1 71
2
363 3 195
2
7 1 223
2
183 1 35
2
518 3 694
2
585 1 186
2
440 1 607
2
60 1 654
2
696 1 691
2
549 2 494
2
772 6 87
2
689 1 264
2
530 1 5
2
46 6 79
2
216 1 4
2
741 2 794
2
64 3 790
2
475 1 321
2
178 1 145
2
460 1 74
2
450 1 98
2
258 1 276
2
254 2 297
2
631 3 247
2
503 1 536
2
72 2 736
2
172 3 501
2
588 1 470
2
382 1 140
2
431 1 354
2
5 2 193
2
220 1 452
2
197 1 792
2
50 3 548
2
143 3 293
2
501 6 380
2
113 1 623
2
406 1 611
2
6 1 644
2
12 1 108
2
247 1 86
2
638 1 642
2
773 3 263
2
483 1 334
2
705 3 548
2
473 3 401
2
94 3 748
2
44 1 208
2
659 3 195
2
777 1 115
2
267 1 238
2
6 3 514
2
761 1 582
2
614 1 375
2
442 3 296
2
736 3 110
2
389 1 33
2
124 1 345
2
206 1 451
2
781 1 243
2
482 3 26
2
531 1 401
2
175 1 339
2
81 3 612
2
483 1 475
2
63 3 99
2
632 3 90
2
748 3 565
2
620 3 191
2
269 1 32
2
569 1 377
2
767 1 489
2
360 3 562
2
497 1 109
2
352 1 767
2
594 1 237
2
539 1 696
2
191 3 179
2
537 1 579
2
497 1 403
2
391 1 593
2
143 3 409
2
27 6 189
2
231 3 293
2
178 1 328
2
261 1 528
2
767 3 720
2
182 1 335
2
641 2 677
2
461 1 167
2
685 1 166
2
193 3 659
2
601 3 570
2
702 3 604
2
505 1 84
2
684 3 548
2
185 1 84
2
661 3 498
2
525 1 451
2
601 3 420
2
654 3 396
2
566 2 298
2
572 3 100
2
582 1 347
2
70 1 569
2
99 3 57
2
525 2 200
2
30 1 489
2
317 3 126
2
289 3 71
2
220 1 579
2
122 3 369
2
472 1 261
2
552 1 295
2
144 3 491
2
143 3 505
2
404 3 469
2
665 3 783
2
232 2 556
2
791 1 197
2
210 3 566
2
311 3 273
2
434 1 151
2
480 3 687
2
488 1 347
2
287 1 180
2
292 2 485
2
310 1 680
2
49 1 150
2
368 3 469
2
447 1 156
2
701 2 154
2
35 1 377
2
370 3 469
2
479 1 103
2
475 1 15
2
627 1 759
2
186 1 141
2
122 3 635
2
194 1 708
2
106 2 431
2
328 3 523
2
61 4 702
2
594 1 744
2
677 4 697
2
21 3 482
2
401 3 1
2
352 3 469
2
391 1 382
2
230 1 676
2
133 3 107
2
573 1 768
2
335 3 122
2
541 1 744
2
408 3 215
2
753 3 214
2
700 1 769
2
392 1 11
2
463 1 632
2
310 3 776
2
282 2 161
2
192 1 113
2
405 11 64
2
289 5 177
2
340 1 710
2
392 2 643
2
136 1 474
2
668 1 457
2
412 1 466
2
501 3 759
2
377 3 256
2
64 2 625
2
783 1 718
2
190 3 11
2
311 3 133
2
536 1 704
2
781 1 79
2
255 6 405
2
166 1 508
2
31 3 583
2
448 3 54
2
694 1 431
2
631 3 585
2
198 1 240
2
283 3 75
2
406 3 92
2
788 1 35
2
119 1 312
2
711 1 37
2
285 3 767
2
547 3 133
2
85 1 251
2
45 1 307
2
133 3 96
2
649 3 92
2
163 1 352
2
289 3 192
2
414 1 511
2
87 1 782
2
361 1 434
2
534 1 768
2
278 1 371
2
727 1 585
2
328 3 514
2
598 1 181
2
239 3 372
2
730 3 791
2
36 1 428
2
288 3 635
2
228 1 716
2
65 3 362
2
21 10 643
2
422 1 382
2
290 1 157
2
352 1 283
2
734 1 115
2
339 1 144
2
650 1 53
2
548 3 264
2
610 11 661
2
172 1 104
2
622 3 232
2
299 3 65
2
208 1 462
2
511 1 412
2
479 1 500
2
191 3 520
2
169 1 634
2
25 1 353
2
115 1 639
2
180 1 5
2
45 1 27
2
582 1 465
2
14 1 206
2
243 1 94
2
787 4 545
2
350 1 559
2
687 3 110
2
630 1 148
2
472 1 577
2
634 1 270
2
254 1 560
2
184 3 224
2
98 1 679
2
406 1 130
2
1 3 696
2
332 3 595
2
385 1 24
2
479 1 176
2
206 1 696
2
151 1 645
2
470 1 185
2
422 1 489
2
751 1 619
2
672 3 550
2
591 2 775
2
457 3 256
2
190 3 242
2
388 1 77
2
746 1 63
2
53 1 155
2
391 1 475
2
664 1 354
2
591 3 32
2
39 1 421
2
70 1 446
2
168 1 70
2
244 1 309
2
44 1 72
2
506 1 488
2
54 3 381
2
78 1 60
2
262 1 617
2
496 1 218
2
41 4 607
2
25 1 139
2
369 1 662
2
245 1 418
2
704 1 29
2
783 1 625
2
246 3 200
2
370 3 680
2
672 3 725
2
343 1 128
2
215 3 596
2
201 2 546
2
221 1 330
2
791 1 764
2
608 1 223
2
380 1 503
2
746 1 593
2
453 1 171
2
213 6 22
2
797 9 715
2
284 1 787
2
701 1 756
2
54 1 525
2
425 1 254
2
750 1 522
2
136 1 60
2
69 3 693
2
322 1 215
2
11 1 197
2
110 1 298
2
549 2 483
2
423 1 563
2
342 2 317
2
263 3 734
2
539 3 306
2
434 1 751
2
469 3 615
2
500 1 314
2
612 3 501
2
102 3 716
2
568 1 84
2
465 1 131
2
481 2 741
2
127 1 112
2
184 1 740
2
280 1 9
2
63 3 578
2
235 1 357
2
350 1 494
2
144 3 224
2
128 1 724
2
436 1 714
2
384 1 680
2
782 1 496
2
97 3 595
2
58 6 22
2
678 3 242
2
177 5 404
2
24 3 665
2
29 1 705
2
761 1 494
2
221 1 775
2
301 5 445
2
657 1 136
2
205 1 218
2
30 1 312
2
490 11 396
2
795 1 646
2
328 3 355
2
13 1 537
2
593 1 466
2
99 3 15
2
776 3 288
2
69 3 583
2
29 1 226
2
655 3 748
2
580 1 598
2
343 1 740
2
507 3 10
2
93 6 290
2
783 1 305
2
719 1 186
2
752 1 186
2
521 1 632
2
457 1 749
2
295 1 169
2
203 1 633
2
386 3 637
2
755 1 197
2
558 1 752
2
7 1 654
2
248 1 219
2
615 3 500
2
664 1 688
2
729 3 234
2
383 3 486
2
262 1 618
2
574 2 693
2
717 11 146
2
708 1 17
2
575 1 373
2
652 1 277
2
34 1 452
2
50 3 484
2
558 1 279
2
177 9 652
2
248 1 222
2
384 1 352
2
265 3 138
2
502 2 775
2
718 1 37
2
638 1 74
2
219 3 134
2
251 1 279
2
645 1 307
2
56 3 516
2
239 1 487
2
643 2 644
2
367 3 95
2
311 3 506
2
555 1 679
2
29 3 548
2
251 1 209
2
65 3 227
2
687 3 699
2
405 6 420
2
319 1 581
2
536 1 752
2
122 3 631
2
482 3 682
2
592 1 453
2
311 3 15
2
94 1 215
2
226 2 780
2
454 1 638
2
665 3 739
2
217 2 351
2
674 3 150
2
10 1 141
2
489 1 318
2
224 3 401
2
295 1 345
2
525 1 233
2
185 1 762
2
693 1 319
2
701 1 373
2
760 1 439
2
759 1 290
2
718 1 782
2
342 4 218
2
760 2 285
2
370 2 201
2
51 1 708
2
305 1 115
2
170 1 241
2
26 3 378
2
525 1 11
2
354 1 6
2
373 1 208
2
600 3 371
2
719 1 425
2
545 3 519
2
333 1 319
2
362 1 42
2
460 3 331
2
133 3 164
2
212 1 725
2
400 1 594
2
731 11 542
2
708 1 558
2
232 2 473
2
229 1 679
2
48 1 506
2
41 4 399
2
154 2 285
2
632 1 233
2
113 1 368
2
761 1 470
2
198 3 142
2
774 11 697
2
725 3 601
2
371 1 362
2
402 3 449
2
198 1 503
2
385 1 109
2
456 3 661
2
694 1 450
2
604 1 348
2
539 1 347
2
522 1 497
2
389 1 676
2
536 1 162
2
5 3 259
2
285 2 564
2
651 1 314
2
765 1 447
2
342 4 379
2
75 3 200
2
385 2 720
2
275 1 262
2
310 1 414
2
142 3 378
2
63 1 356
2
463 1 14
2
279 1 480
2
793 1 155
2
63 1 399
2
704 1 216
2
40 1 639
2
549 3 700
2
556 1 63
2
771 1 782
2
130 1 428
2
392 1 535
2
554 1 221
2
535 1 401
2
457 1 604
2
529 1 272
2
300 3 470
2
285 2 613
2
67 1 579
2
136 3 396
2
80 1 267
2
276 1 321
2
258 2 367
2
181 3 502
2
602 1 114
2
73 3 274
2
73 3 256
2
717 11 339
2
436 1 468
2
507 3 401
2
624 3 151
2
256 3 541
2
735 1 44
2
135 3 94
2
59 1 580
2
139 3 702
2
601 2 793
2
612 3 522
2
173 3 596
2
564 1 726
2
387 3 63
2
489 1 651
2
552 1 309
2
42 1 298
2
402 1 377
2
754 3 375
2
105 1 42
2
40 3 583
2
632 1 733
2
298 1 24
2
441 1 671
2
506 1 101
2
254 1 359
2
26 2 523
2
196 3 90
2
297 3 11
2
478 1 126
2
761 1 429
2
81 1 168
2
743 3 605
2
669 1 737
2
169 1 269
2
303 1 745
2
748 3 361
2
255 3 70
2
167 1 85
2
474 1 775
2
605 3 165
2
331 5 391
2
252 1 562
2
650 1 221
2
117 3 665
2
470 1 637
2
297 2 2
2
207 1 552
2
667 1 48
2
292 3 248
2
772 6 592
2
689 1 510
2
80 3 615
2
786 1 338
2
542 3 543
2
157 1 450
2
403 1 83
2
733 3 600
2
571 1 334
2
507 3 686
2
219 1 484
2
557 2 299
2
493 3 527
2
340 1 244
2
49 1 341
2
11 1 637
2
253 1 634
2
685 6 772
2
446 3 748
2
373 1 570
2
318 5 797
2
2 3 454
2
749 1 124
2
550 3 730
2
599 1 196
2
722 6 22
2
80 1 460
2
58 1 714
2
781 1 378
2
91 3 523
2
328 1 632
2
721 3 214
2
74 1 524
2
638 1 512
2
672 3 97
2
336 1 414
2
73 3 517
2
775 1 458
2
447 1 768
2
173 3 474
2
548 3 154
2
377 1 684
2
748 3 204
2
553 2 201
2
79 1 571
2
422 3 516
2
490 5 240
2
720 3 652
2
276 1 646
2
205 1 531
2
33 11 717
2
712 3 376
2
780 2 521
2
762 1 362
2
123 3 685
2
513 3 682
2
65 3 574
2
10 1 463
2
282 1 43
2
768 1 268
2
639 1 478
2
98 1 293
2
575 1 364
2
457 1 709
2
93 3 212
2
160 1 696
2
452 1 410
2
550 3 551
2
352 1 251
2
6 3 256
2
245 1 195
2
408 8 346
2
487 1 43
2
272 1 373
2
601 2 658
2
452 1 460
2
529 1 528
2
190 3 191
2
240 1 446
2
408 3 303
2
410 1 669
2
387 3 581
2
230 1 417
2
112 1 32
2
159 1 648
2
678 1 305
2
565 1 404
2
780 2 734
2
241 1 657
2
396 3 540
2
531 1 758
2
218 1 421
2
422 1 318
2
767 1 527
2
393 1 146
2
797 4 416
2
141 1 125
2
489 3 395
2
263 3 184
2
689 6 286
2
250 2 551
2
618 1 647
2
623 1 644
2
738 1 213
2
618 1 630
2
3 3 94
2
52 1 57
2
228 1 394
2
41 5 311
2
360 3 25
2
454 3 306
2
383 3 469
2
675 3 231
2
324 3 754
2
543 3 198
2
443 1 426
2
65 8 607
2
109 1 171
2
320 3 311
2
408 3 663
2
286 9 535
2
731 1 565
2
476 1 758
2
534 1 585
2
341 1 495
2
700 3 363
2
779 1 647
2
354 1 298
2
689 1 276
2
556 3 288
2
316 1 664
2
351 6 776
2
279 3 93
2
735 1 328
2
137 1 537
2
498 3 589
2
11 1 167
2
421 1 340
2
398 1 252
2
737 1 359
2
513 3 172
2
302 3 493
2
86 1 787
2
712 3 103
2
116 1 487
2
772 6 680
2
376 1 326
2
498 3 357
2
747 1 709
2
524 1 565
2
243 1 136
2
687 3 625
2
47 11 396
2
431 3 612
2
252 1 218
2
300 2 658
2
123 6 22
2
523 2 404
2
742 3 735
2
702 3 743
2
37 1 350
2
84 1 677
2
420 3 84
2
63 1 689
2
365 1 130
2
72 1 747
2
770 1 689
2
612 3 321
2
121 1 560
2
757 1 275
2
753 1 179
2
547 1 52
2
296 1 180
2
261 2 660
2
55 3 307
2
609 1 184
2
415 1 647
2
293 1 586
2
258 1 696
2
409 3 96
2
390 3 696
2
264 3 456
2
382 3 408
2
225 3 50
2
346 1 532
2
373 1 357
2
740 1 241
2
293 1 760
2
152 2 467
2
347 3 355
2
334 1 567
2
736 3 136
2
794 1 172
2
373 1 185
2
246 1 729
2
601 3 585
2
374 1 108
2
706 1 719
2
206 1 319
2
408 3 601
2
398 1 258
2
598 2 682
2
702 3 150
2
259 3 343
2
716 1 693
2
787 11 89
2
573 1 278
2
599 1 440
2
220 1 368
2
7 1 321
2
18 1 705
2
646 1 114
2
412 1 486
2
58 3 545
2
237 6 73
2
215 3 413
2
764 11 610
2
333 1 74
2
511 1 393
2
486 3 313
2
759 3 702
2
587 3 294
2
661 1 547
2
58 2 285
2
467 1 725
2
563 1 354
2
598 1 526
2
708 3 135
2
528 1 657
2
190 3 300
2
76 1 435
2
393 1 464
2
258 1 480
2
12 1 11
2
49 3 274
2
695 1 206
2
255 3 498
2
65 3 396
2
243 1 31
2
226 1 347
2
666 3 250
2
515 2 370
2
463 1 158
2
684 1 710
2
664 1 13
2
215 1 432
2
481 3 516
2
226 1 620
2
414 1 526
2
610 11 496
2
243 1 438
2
402 1 246
2
70 1 276
2
116 1 746
2
172 1 13
2
293 1 461
2
340 3 615
2
646 1 664
2
593 1 509
2
695 3 665
2
86 1 40
2
60 3 288
2
70 3 674
2
733 3 656
2
352 2 407
2
355 3 202
2
53 3 289
2
580 1 388
2
771 1 156
2
665 3 307
2
87 3 297
2
94 1 711
2
467 1 361
2
627 1 368
2
740 1 212
2
44 1 625
2
309 1 45
2
91 4 223
2
369 1 337
2
543 3 30
2
574 2 533
2
470 1 227
2
305 3 578
2
86 1 195
2
741 2 362
2
461 1 388
2
584 1 334
2
157 3 193
2
528 1 709
2
97 3 506
2
335 1 20
2
699 3 507
2
585 3 285
2
366 3 55
2
656 3 378
2
463 1 192
2
57 1 67
2
441 3 482
2
126 1 761
2
573 3 383
2
282 1 76
2
741 2 758
2
516 3 224
2
751 3 736
2
259 3 129
2
171 1 83
2
92 3 418
2
68 1 537
2
490 5 399
2
296 1 485
2
360 2 607
2
41 4 433
2
749 1 573
2
737 1 155
2
382 1 451
2
646 1 738
2
704 1 483
2
224 3 255
2
171 1 685
2
157 1 335
2
665 3 240
2
375 1 376
2
175 1 116
2
255 3 410
2
612 3 207
2
29 1 327
2
361 3 395
2
497 3 187
2
638 1 696
2
471 3 87
2
765 1 237
2
246 1 587
2
318 1 532
2
341 1 609
2
266 1 466
2
152 3 218
2
149 1 427
2
146 3 387
2
695 1 422
2
553 1 378
2
131 1 165
2
621 3 193
2
669 3 416
2
174 3 640
2
282 1 553
2
766 3 456
2
449 3 341
2
696 3 90
2
642 1 585
2
420 3 260
2
259 3 151
2
699 3 594
2
182 1 4
2
144 1 447
2
427 1 737
2
577 1 770
2
602 1 30
2
196 1 239
2
428 1 756
2
265 2 523
2
200 3 690
2
389 1 667
2
772 11 127
2
324 3 348
2
117 1 472
2
558 1 628
2
6 3 416
2
193 3 680
2
565 1 130
2
462 1 29
2
290 1 139
2
143 3 488
2
546 2 613
2
731 1 769
2
378 1 48
2
324 3 276
2
79 3 754
2
150 1 49
2
434 1 39
2
289 4 67
2
496 3 135
2
305 1 264
2
289 3 590
2
29 3 301
2
310 3 265
2
273 1 422
2
204 1 532
2
71 1 477
2
288 6 290
2
113 3 50
2
740 1 599
2
363 3 98
2
716 3 386
2
65 3 520
2
666 1 128
2
364 1 68
2
379 1 676
2
58 1 264
2
361 1 162
2
85 3 413
2
746 1 695
2
414 2 741
2
68 1 700
2
703 1 769
2
341 1 778
2
272 1 666
2
75 3 563
2
90 3 673
2
563 1 485
2
102 2 319
2
555 1 538
2
631 3 795
2
22 6 191
2
630 1 445
2
586 1 160
2
69 3 548
2
670 1 280
2
599 1 519
2
739 3 65
2
690 3 190
2
341 1 391
2
533 1 623
2
55 3 732
2
377 1 504
2
741 2 497
2
747 3 720
2
198 1 7
2
343 3 317
2
505 1 128
2
102 9 267
2
690 1 94
2
386 2 540
2
106 3 273
2
323 1 53
2
782 1 586
2
718 3 566
2
215 3 420
2
636 5 177
2
107 1 14
2
33 1 264
2
273 1 132
2
640 1 567
2
766 1 151
2
704 2 317
2
21 3 82
2
754 3 215
2
160 1 769
2
213 3 601
2
706 1 745
2
654 1 272
2
256 3 573
2
398 1 688
2
266 2 741
2
767 1 7
2
167 3 605
2
325 3 591
2
304 1 525
2
312 1 412
2
246 1 312
2
190 3 100
2
85 2 455
2
492 2 270
2
320 5 455
2
293 1 126
2
785 3 481
2
272 3 152
2
477 1 298
2
231 3 543
2
641 2 521
2
599 1 433
2
221 1 431
2
113 1 651
2
263 3 314
2
170 1 509
2
722 1 374
2
359 1 726
2
480 1 252
2
344 1 602
2
351 6 712
2
49 3 456
2
356 1 500
2
607 9 301
2
402 1 613
2
304 1 535
2
198 2 720
2
393 1 696
2
585 1 636
2
753 1 371
2
197 1 553
2
114 1 29
2
514 3 785
2
334 1 704
2
259 3 411
2
695 1 98
2
150 9 177
2
497 1 521
2
154 3 222
2
499 1 479
2
659 3 639
2
313 4 194
2
120 3 520
2
79 1 369
2
532 1 663
