864691128455135231 100
81 20
68 6
58 32
64 43
95 40
34 42
66 10
38 54
12 33
38 37
84 42
72 9
16 13
14 23
84 38
69 47
61 59
24 11
93 24
15 26
71 43
85 5
42 32
86 10
88 3
24 3
62 37
72 16
40 25
58 12
40 20
15 46
54 12
72 28
31 54
6 47
98 31
77 22
63 15
78 41
92 16
62 27
27 30
78 52
83 38
44 52
79 47
24 53
58 25
12 58
57 57
38 4
17 1
74 32
60 14
65 26
99 23
27 6
74 14
3 7
63 31
2 31
83 25
91 0
31 44
25 32
23 45
73 13
7 57
34 43
14 16
16 48
60 47
62 14
52 55
80 53
63 29
97 58
32 28
81 59
2 6
12 5
90 54
63 17
59 4
13 26
64 36
3 3
23 29
90 4
70 55
54 5
18 32
84 30
41 10
70 29
93 44
98 25
48 50
32 32
