864691128455135231 1000
39 44
67 39
51 34
34 22
39 0
11 23
23 28
75 23
85 48
77 34
95 26
70 45
42 50
72 2
1 33
84 38
5 10
37 34
3 48
68 49
59 19
66 5
24 54
13 7
87 24
61 1
23 58
36 55
5 4
9 50
3 57
90 13
49 26
25 10
60 7
42 11
67 51
42 0
53 56
85 11
75 31
85 21
38 44
78 35
17 31
13 8
87 51
54 8
26 38
16 48
34 46
3 20
66 43
36 38
76 1
29 48
93 18
78 30
22 14
10 16
66 17
92 22
59 43
24 53
19 20
26 26
45 0
78 55
44 54
53 34
85 43
47 36
57 51
87 8
31 27
82 50
29 31
14 37
52 60
55 9
96 36
97 23
27 2
35 4
24 34
16 17
31 60
62 53
25 46
20 45
98 9
94 8
97 0
74 55
24 37
30 54
46 31
96 57
51 7
53 50
51 3
6 27
28 1
87 21
50 29
73 3
4 32
14 31
46 34
61 43
74 41
79 32
64 48
76 58
14 35
76 21
62 29
88 2
52 38
88 44
28 34
84 29
8 24
15 56
94 3
52 50
2 42
69 24
60 36
99 0
62 38
30 39
74 37
35 39
81 35
73 11
86 1
56 28
18 0
65 44
2 15
52 33
20 40
91 23
26 39
2 21
89 60
62 3
89 22
19 45
16 12
28 21
29 1
71 21
5 36
63 22
62 46
12 18
56 43
35 59
28 48
1 35
51 26
66 25
22 54
60 7
81 50
28 45
6 28
51 14
65 52
43 52
87 59
38 30
31 4
39 14
72 23
33 0
44 7
78 34
74 3
56 36
87 59
35 56
45 39
5 18
77 1
32 9
30 58
92 34
56 22
82 18
62 31
38 34
34 44
96 7
28 29
34 60
56 58
16 11
80 8
3 3
55 21
62 31
33 12
72 11
8 0
90 41
5 13
39 32
86 27
93 0
62 30
8 1
61 3
75 5
68 34
60 31
84 5
41 45
4 1
6 12
6 24
21 29
92 24
9 20
30 52
49 47
88 16
3 20
83 45
69 31
29 4
40 47
34 47
68 52
19 54
60 19
41 54
33 16
29 49
14 35
50 17
93 39
26 28
70 16
98 6
33 8
34 57
90 23
6 47
36 7
27 8
90 28
69 44
6 28
56 45
37 2
86 49
16 39
86 7
50 47
80 41
69 25
40 30
9 4
35 24
87 6
58 10
21 10
51 17
30 14
45 53
79 46
63 8
98 13
35 19
96 21
49 58
30 12
26 54
36 60
20 7
51 13
35 34
80 5
57 47
62 46
100 46
42 60
31 7
15 19
81 55
19 34
69 53
16 13
19 21
52 0
20 38
42 57
64 28
37 0
56 39
5 59
10 26
36 58
28 6
94 29
7 57
52 19
94 3
62 58
60 2
97 21
15 28
48 53
59 25
5 28
63 47
93 27
21 51
62 41
58 28
27 19
59 45
58 42
5 53
79 0
25 34
63 15
84 41
15 4
91 30
89 17
95 37
17 47
84 9
72 51
85 55
48 28
71 39
79 40
48 18
45 0
37 26
56 43
44 8
62 11
69 32
88 60
20 12
45 34
7 35
79 41
51 3
90 57
54 58
24 47
42 7
42 32
26 27
61 35
23 0
96 51
99 0
20 19
18 37
76 26
2 54
76 11
42 32
29 20
95 44
44 53
52 47
87 58
83 17
77 43
23 56
5 23
47 12
53 46
49 25
6 30
89 60
3 19
71 13
79 9
76 48
22 55
43 19
22 55
20 11
68 48
24 4
37 59
88 10
83 6
94 22
65 39
13 53
54 19
26 49
56 19
95 25
61 40
90 15
51 31
20 59
44 21
34 37
55 48
53 55
5 33
22 8
94 38
25 56
90 2
100 45
65 43
16 49
92 27
4 42
56 51
23 31
34 32
85 28
80 32
49 11
67 57
46 28
77 58
59 44
38 27
90 14
84 26
23 15
3 47
84 13
49 46
54 37
14 50
100 36
88 16
50 43
42 21
28 40
91 7
91 6
26 10
25 49
80 18
33 53
92 19
30 12
51 50
14 56
17 45
38 33
50 9
21 37
26 12
25 39
96 39
86 30
56 4
44 59
65 53
97 1
76 38
62 14
46 44
85 3
71 2
23 24
95 29
100 36
45 10
83 40
73 44
69 8
37 44
84 28
53 44
24 57
13 0
8 15
4 31
56 39
14 12
17 54
60 46
37 52
88 34
47 9
48 32
53 28
31 45
35 52
60 49
55 31
27 48
61 13
76 8
78 6
31 27
51 33
67 51
52 2
60 46
71 3
81 15
6 11
4 40
75 4
72 2
33 37
89 1
5 28
27 59
60 52
14 6
22 44
26 7
48 16
88 39
15 60
72 9
6 46
13 55
92 24
82 47
35 35
68 27
69 37
8 33
73 22
80 11
90 43
5 20
18 48
84 17
22 58
67 35
26 34
88 48
29 12
99 10
3 19
48 20
21 4
79 39
41 20
98 34
78 28
72 15
14 30
56 36
14 15
5 17
24 26
29 60
82 32
22 40
90 4
54 31
49 8
82 11
18 29
64 45
58 41
54 24
9 4
32 38
3 55
80 58
82 18
14 38
1 54
64 35
22 31
97 40
88 18
96 40
41 38
9 5
38 28
85 7
86 5
8 1
4 58
36 17
87 59
43 7
56 35
20 44
64 41
17 15
65 58
14 36
62 50
8 4
71 28
18 35
63 54
78 20
44 16
31 21
51 29
52 13
41 9
72 5
44 3
82 20
97 33
2 28
94 17
45 44
67 1
68 5
60 28
75 51
93 17
42 6
73 57
74 34
82 50
96 58
3 41
57 45
58 27
74 41
7 19
19 20
5 52
29 28
31 44
14 27
5 32
43 45
76 16
37 33
59 31
15 50
2 20
61 18
45 2
9 31
26 29
28 55
53 9
42 49
1 22
60 33
43 41
58 19
3 56
99 14
93 50
7 17
67 18
67 41
47 12
17 35
81 21
59 14
6 59
13 15
2 19
35 31
75 12
48 30
68 22
11 12
87 45
32 50
11 60
36 22
72 5
50 45
29 58
45 25
61 34
33 38
94 0
74 59
72 45
53 46
79 38
51 22
3 20
59 16
42 1
3 8
90 5
28 51
97 11
77 48
56 13
89 29
52 40
10 56
45 11
13 40
11 27
26 12
17 40
1 5
89 46
39 57
21 56
11 39
6 1
63 2
47 48
21 1
94 52
95 39
99 38
73 24
10 29
38 18
25 55
3 54
75 2
52 35
79 21
11 53
4 36
92 41
17 58
13 42
71 39
12 12
19 41
26 2
23 43
96 10
24 11
65 58
25 50
85 8
47 30
93 8
7 18
85 32
16 45
78 7
75 14
16 34
26 60
98 29
78 33
49 55
99 59
49 40
36 38
95 34
34 23
3 34
38 33
3 28
4 24
88 31
7 17
32 22
4 38
2 60
42 52
84 56
93 58
85 25
26 37
82 4
86 12
86 44
19 45
63 24
86 52
9 33
59 21
72 26
89 42
3 0
11 7
62 34
20 33
57 40
64 60
39 19
5 2
40 33
36 13
4 48
50 43
84 36
44 5
46 22
88 21
35 14
93 33
89 24
93 40
69 1
43 10
12 8
69 46
24 50
28 40
55 44
45 24
77 33
49 10
9 45
6 46
28 19
17 58
59 43
40 50
79 17
31 15
95 55
31 4
15 19
2 30
52 55
63 50
65 45
69 13
99 10
86 13
38 29
27 2
97 31
85 42
86 7
76 0
3 8
27 21
98 43
97 5
84 41
74 47
34 42
67 34
51 10
52 31
56 8
86 38
63 50
9 2
78 4
81 3
4 21
65 27
67 51
24 8
79 7
35 4
72 27
1 11
91 19
42 41
87 53
35 2
37 42
90 8
23 13
5 18
48 24
31 10
68 49
72 2
76 10
82 10
69 25
87 1
49 11
97 57
28 0
41 0
20 33
40 49
96 51
10 12
22 16
28 17
74 14
34 42
83 36
38 33
82 39
7 48
79 47
80 6
18 9
52 2
19 9
86 30
97 42
23 24
64 5
2 50
96 27
96 39
96 34
95 6
53 43
64 0
11 8
85 50
50 51
51 25
56 46
83 31
78 7
51 18
92 13
81 39
97 15
85 9
68 5
76 56
34 45
4 28
32 60
60 13
50 43
59 40
89 1
35 36
6 44
12 57
23 15
31 13
81 38
73 32
65 0
23 60
67 7
19 58
10 8
75 7
39 25
8 29
3 7
71 14
97 20
54 57
41 8
56 55
59 46
58 4
32 60
93 30
92 17
79 10
11 51
46 14
73 48
17 14
14 38
32 44
23 60
93 30
16 44
68 57
42 18
39 6
100 44
83 30
32 15
60 13
82 59
49 3
92 59
86 49
21 30
10 31
34 51
55 60
11 7
17 14
51 33
17 14
72 13
91 36
81 47
76 27
67 24
3 55
97 32
20 29
27 10
13 60
80 17
100 1
37 8
57 26
98 40
