864691128455135231 10000
93 24
15 26
89 57
9 58
98 36
29 35
34 39
69 13
64 51
17 40
80 34
95 46
9 48
84 47
53 12
48 3
98 22
4 38
10 6
62 53
76 57
52 46
74 53
93 36
89 7
92 13
36 57
25 38
42 29
24 8
35 11
41 9
68 59
92 31
31 49
42 20
9 47
51 51
10 7
55 38
49 20
75 35
7 4
73 0
62 60
58 59
62 17
76 53
9 22
12 47
27 38
7 28
67 22
26 8
91 43
96 50
49 45
18 28
21 18
28 31
1 29
78 52
39 33
81 3
5 46
84 54
14 29
49 33
96 21
54 28
26 42
1 51
52 53
25 58
54 33
52 36
2 35
39 54
8 24
84 43
22 37
51 23
75 51
27 34
30 34
74 41
49 54
73 57
3 14
61 49
68 54
63 26
91 44
51 4
9 22
83 27
1 59
8 37
9 22
38 55
2 46
40 18
25 44
63 10
94 0
77 37
30 4
75 50
68 41
71 51
29 55
7 14
49 15
26 49
43 54
56 49
34 59
29 9
79 9
72 9
36 11
43 58
74 10
31 0
86 0
51 1
6 59
14 36
20 49
10 35
21 24
5 34
45 38
14 50
34 23
86 16
53 9
5 13
82 3
4 30
22 8
20 39
80 29
35 28
62 57
7 43
88 29
18 13
81 51
68 19
66 24
24 42
26 36
22 18
44 46
85 2
88 18
89 48
38 13
25 15
15 25
38 59
48 42
69 3
42 4
49 56
90 11
47 3
86 59
87 46
87 6
32 14
72 50
20 23
25 55
73 3
15 46
16 1
89 43
69 40
38 8
59 59
13 20
5 43
86 50
31 22
87 31
20 19
55 20
19 6
80 5
95 51
76 22
66 42
51 52
73 37
27 38
45 13
60 27
63 29
26 12
28 2
60 32
1 59
23 36
81 38
18 20
54 49
12 44
38 40
77 33
61 13
22 38
23 9
6 37
91 35
26 19
34 54
81 51
74 60
100 24
27 37
22 59
17 35
77 57
51 59
59 13
3 34
71 5
3 8
50 28
26 42
76 45
41 28
49 58
95 12
17 1
14 58
88 57
5 12
94 51
40 6
87 50
14 24
57 1
35 29
85 4
98 35
24 28
36 51
46 3
90 25
32 26
62 27
40 10
60 5
39 56
82 44
32 31
95 28
26 1
80 41
70 34
13 44
74 27
46 27
55 19
31 13
91 3
21 2
61 26
19 56
35 23
26 58
84 39
48 32
92 54
5 14
87 24
36 58
7 53
11 41
74 52
27 3
72 58
36 4
72 18
91 2
32 18
12 56
71 44
10 42
31 6
46 45
2 8
66 45
47 50
81 21
43 41
77 8
21 4
67 2
66 60
43 28
56 44
3 18
89 16
27 9
35 47
87 54
85 31
20 27
13 40
86 41
9 34
7 19
6 4
36 51
86 57
74 58
16 1
64 46
74 0
45 14
4 54
60 5
82 24
96 2
30 59
87 15
61 1
95 54
25 50
42 10
57 0
70 2
57 45
87 53
84 44
86 31
43 44
78 0
81 30
34 5
47 43
15 33
74 34
12 36
99 16
27 4
59 53
5 45
55 47
62 23
9 3
9 57
55 27
100 49
93 14
83 59
71 36
41 12
79 57
48 21
25 20
70 10
70 18
87 46
42 27
20 60
70 18
97 10
88 41
31 14
75 25
47 35
77 34
75 50
8 4
72 43
93 28
76 28
16 30
99 45
40 30
4 28
8 30
23 38
7 15
74 24
94 33
47 42
2 52
1 22
10 8
45 38
36 52
25 25
66 29
12 17
36 44
25 9
23 46
62 10
78 52
38 6
26 36
14 24
27 15
65 10
2 32
94 60
66 42
68 44
76 5
89 57
53 23
42 25
36 6
87 58
62 36
33 34
52 47
18 7
69 41
92 51
100 5
55 18
86 6
13 4
80 28
82 43
81 38
94 29
67 28
68 8
73 6
56 49
97 16
28 33
85 23
28 55
80 51
24 6
41 25
17 21
77 18
96 48
49 60
91 34
22 55
33 33
37 60
48 27
56 54
9 13
67 60
28 2
61 28
89 30
65 24
97 46
5 29
20 14
39 18
2 59
25 40
60 8
82 6
22 56
41 54
76 2
29 5
33 38
48 21
31 57
13 12
25 35
54 37
79 8
35 53
87 47
48 42
80 50
59 2
95 7
14 33
38 26
10 47
60 26
80 25
99 24
65 17
41 26
2 35
17 39
44 23
94 46
97 4
13 23
97 37
44 26
8 51
13 15
42 4
16 26
4 45
72 50
79 42
21 29
56 54
25 45
3 35
77 31
76 18
7 13
14 29
3 8
81 56
41 39
88 29
53 40
29 19
98 14
80 48
52 16
63 18
7 39
73 0
34 45
82 45
38 43
31 48
27 32
50 7
96 0
56 13
23 31
99 47
54 40
47 51
70 0
90 49
88 13
65 29
84 46
61 33
84 43
30 36
97 15
56 37
88 51
80 23
27 55
63 42
99 7
10 18
7 1
63 24
17 34
81 59
54 5
78 44
45 27
46 18
61 21
37 57
85 42
52 42
21 19
82 30
3 35
93 21
46 37
88 6
30 59
14 45
75 37
23 40
72 6
68 34
54 52
63 51
67 59
99 48
20 14
25 32
72 32
11 28
93 21
25 16
64 53
33 53
46 2
27 53
11 0
5 20
16 44
88 50
45 20
62 3
13 36
92 3
43 11
63 39
21 30
77 55
57 47
64 5
84 20
15 2
36 21
47 28
68 45
92 24
2 58
76 39
6 37
5 37
89 15
73 59
75 30
47 29
74 59
7 12
77 32
29 19
93 47
39 23
11 15
87 16
54 20
68 35
68 52
92 41
47 29
48 3
29 8
74 20
22 14
91 13
64 18
85 55
72 27
36 53
49 41
7 40
54 42
17 10
94 2
75 8
7 11
16 46
72 36
69 38
100 3
29 8
38 15
56 51
40 18
29 52
95 23
7 45
35 18
5 13
51 40
15 58
72 7
85 10
48 43
74 13
66 1
66 4
15 60
46 31
17 32
36 36
25 35
16 41
17 36
94 15
98 47
67 59
45 58
12 51
91 42
31 15
67 33
12 0
22 20
29 54
83 12
84 23
81 26
36 10
4 29
59 42
26 44
63 24
70 45
42 31
98 49
90 23
34 5
64 20
27 32
100 6
41 4
26 56
16 48
33 22
59 40
50 0
99 23
61 60
68 13
14 47
97 13
79 20
69 33
90 57
58 18
77 26
95 21
30 27
92 46
46 37
81 51
62 3
72 7
89 42
51 56
3 5
10 28
83 14
66 32
15 47
90 49
27 35
37 55
52 21
43 48
99 11
36 39
89 56
25 18
78 8
46 54
62 6
24 21
73 8
69 10
87 36
12 15
37 54
60 53
27 7
70 44
99 13
72 12
80 42
28 52
5 5
11 42
26 9
20 60
13 50
91 12
18 7
85 34
81 34
11 41
38 49
1 53
80 50
62 43
84 45
70 42
41 50
39 43
14 17
3 60
35 19
76 36
45 56
7 55
64 20
100 9
85 53
51 27
94 43
79 34
6 14
33 35
13 59
60 51
75 36
19 14
26 38
57 27
29 11
40 59
73 21
66 18
31 23
46 21
30 36
90 20
13 51
33 1
21 0
2 47
100 0
81 43
26 53
36 32
26 17
81 11
87 57
19 24
44 57
76 18
76 15
57 54
28 49
48 0
50 30
35 48
40 52
1 24
37 53
8 26
43 26
34 50
55 44
55 29
4 16
76 1
65 16
38 51
92 57
86 41
95 55
44 4
86 16
14 7
98 28
73 47
97 16
2 37
24 26
8 45
74 30
97 58
60 43
87 28
38 15
19 60
27 21
22 21
58 13
75 33
83 57
95 38
5 59
11 33
37 30
13 12
10 50
11 17
84 52
2 53
43 43
89 0
70 50
25 13
81 57
8 31
62 16
93 34
14 20
60 27
66 25
44 60
60 33
88 39
50 56
72 30
1 7
47 2
73 38
56 35
55 26
72 4
35 54
92 26
10 38
37 1
65 1
97 60
5 8
49 30
21 59
74 4
27 12
83 17
13 44
43 5
31 3
77 59
84 43
38 9
65 8
89 37
87 24
76 5
68 15
50 7
9 0
83 2
32 22
2 55
65 21
27 25
85 22
86 16
74 23
73 27
35 28
5 5
73 32
81 14
66 37
89 3
74 53
39 36
54 40
88 56
83 38
10 12
59 19
28 40
23 11
65 0
93 6
99 33
94 36
32 23
62 23
79 54
22 35
27 25
49 49
12 50
94 36
12 31
57 18
21 4
69 5
67 9
55 34
98 6
26 22
79 33
47 24
51 38
6 12
45 44
17 35
95 20
7 34
51 0
69 24
71 22
92 52
62 2
60 52
34 29
92 6
97 46
87 29
17 53
77 45
14 0
97 41
79 4
83 22
22 8
2 47
69 55
57 52
36 15
85 33
52 12
69 41
41 16
52 31
21 59
99 16
96 39
100 10
53 7
76 29
80 19
7 37
41 52
83 36
55 6
9 52
32 50
53 58
80 38
49 12
67 0
34 49
65 26
61 44
93 47
15 30
26 5
26 9
62 16
47 45
71 2
19 60
54 42
53 60
84 27
67 32
30 58
33 3
3 48
80 40
42 0
15 56
42 26
93 0
5 40
96 39
64 7
98 15
97 34
99 57
22 22
55 45
12 14
66 11
24 37
81 35
91 6
75 28
66 29
33 30
64 4
40 0
16 26
60 31
65 47
19 57
39 3
76 26
62 46
36 60
84 25
82 58
95 60
97 30
43 43
61 41
11 55
63 16
36 36
91 28
9 22
97 53
37 50
91 18
79 0
21 14
79 12
56 19
57 25
42 6
62 20
75 53
10 4
89 1
5 57
13 48
63 38
52 50
24 53
1 27
97 58
16 21
61 45
80 7
28 31
70 50
14 36
82 11
65 30
5 39
57 40
24 29
92 32
85 18
10 27
56 3
61 35
45 24
79 30
38 27
9 53
41 17
25 32
47 19
84 14
27 54
90 38
94 37
36 40
35 23
23 46
20 55
32 48
94 27
14 38
58 9
75 44
6 51
35 0
94 18
66 35
63 16
72 2
46 34
35 34
70 2
76 25
16 42
31 37
27 39
40 2
16 40
79 20
35 15
35 9
44 19
35 48
13 12
99 21
47 42
23 15
41 7
7 0
22 10
54 15
62 37
21 56
9 21
68 8
67 36
80 56
82 24
63 37
63 30
82 11
35 54
44 54
75 24
91 16
84 54
5 12
38 17
29 29
6 0
89 21
28 45
100 37
79 41
18 21
98 45
13 18
46 44
72 49
61 1
35 40
23 57
92 14
12 5
40 24
79 52
78 54
27 8
41 12
1 54
24 16
57 53
68 37
47 29
21 45
80 4
61 24
13 30
21 20
76 31
67 38
40 49
69 58
50 23
59 12
18 55
14 3
87 12
28 48
10 38
98 24
80 45
27 23
39 21
61 38
20 10
36 34
88 17
8 28
17 27
18 11
18 4
63 30
88 0
53 42
81 32
94 5
8 51
32 51
56 25
92 41
76 28
54 46
63 56
27 34
79 10
76 54
28 16
35 58
41 53
24 33
47 39
94 32
68 25
72 43
19 5
46 21
41 5
52 11
52 43
85 5
13 21
96 1
24 48
22 23
27 53
53 11
68 53
80 38
44 14
45 44
57 51
98 13
24 60
14 13
44 2
99 39
3 51
55 11
46 60
5 53
33 49
59 22
49 5
98 29
94 51
72 36
48 10
84 43
38 52
61 1
26 33
18 54
81 32
36 6
65 51
77 44
100 2
97 29
42 33
3 31
81 3
9 51
29 44
76 4
94 9
69 36
99 2
28 0
79 44
50 41
1 11
20 26
44 48
28 23
18 18
92 35
55 21
83 48
6 53
72 0
66 50
17 59
57 59
47 43
34 25
59 34
43 13
91 38
41 41
44 45
28 41
71 16
79 43
90 55
100 21
19 41
89 60
86 47
54 17
84 20
52 43
40 52
13 56
98 35
56 59
46 16
95 10
79 23
49 25
91 35
25 8
34 3
10 32
19 7
81 53
93 44
47 0
21 33
34 56
64 38
33 15
58 17
84 59
10 7
73 41
46 53
65 27
51 48
12 16
87 48
83 8
77 5
90 28
95 27
39 18
46 2
9 2
41 16
4 55
65 5
18 1
1 48
43 31
72 12
28 21
50 12
72 6
59 19
66 36
27 52
39 57
77 54
42 19
26 0
16 11
7 40
6 22
8 27
38 33
72 9
81 38
1 23
6 54
80 43
69 36
20 22
33 50
40 42
18 44
99 15
27 31
33 53
54 42
70 55
15 22
99 52
96 54
84 51
34 39
51 18
54 8
22 38
59 59
69 31
37 16
70 2
21 26
44 53
39 47
59 0
95 37
27 13
90 34
98 55
74 40
12 3
34 6
19 59
68 19
91 1
89 53
77 44
66 2
95 46
100 57
13 55
49 11
39 38
91 11
26 47
74 43
20 48
87 45
47 56
62 40
80 60
5 6
75 58
43 44
45 53
85 24
44 45
40 40
28 16
95 13
34 30
47 9
99 48
62 33
19 39
35 48
40 18
34 52
75 56
5 13
33 0
2 29
90 25
67 19
41 39
25 13
96 40
13 57
62 14
74 19
21 46
41 28
11 2
67 57
84 34
89 60
45 19
43 35
37 33
2 8
60 8
82 35
43 58
14 26
17 42
56 1
9 3
64 59
52 17
14 40
94 22
23 36
17 59
76 55
41 37
20 60
46 20
98 23
40 41
89 12
5 54
55 41
28 39
60 19
97 4
45 50
12 25
100 5
81 22
82 11
50 21
56 44
24 28
10 28
37 53
79 11
69 18
82 39
18 34
80 26
28 36
59 19
33 49
43 20
78 52
93 10
92 18
46 2
84 8
24 53
15 5
11 40
8 11
55 20
20 47
29 29
73 3
5 56
41 15
38 24
59 51
87 9
66 21
60 31
44 16
72 0
16 2
61 28
70 25
66 0
40 51
84 37
80 18
92 52
62 18
96 7
77 53
70 40
73 46
24 20
94 22
62 58
9 41
20 12
65 37
13 42
69 44
56 26
94 59
96 53
52 17
30 1
81 55
45 55
46 59
85 3
73 2
43 48
9 57
75 10
24 48
89 17
12 43
17 48
49 1
21 28
46 2
8 23
1 26
34 8
4 50
7 34
48 55
15 4
17 44
84 7
22 37
89 33
79 5
28 59
34 2
21 38
21 42
86 46
61 51
22 39
63 20
43 23
82 46
86 1
32 54
39 20
29 0
23 40
66 28
74 33
15 40
36 11
11 50
55 36
63 14
83 50
52 41
67 20
85 22
73 6
7 26
94 0
70 22
55 60
55 31
47 30
21 9
21 48
93 60
4 47
95 58
2 29
14 41
58 57
3 40
44 41
42 24
95 0
29 59
2 47
70 60
32 34
53 39
34 49
36 32
53 60
93 37
86 11
5 25
16 52
52 32
94 37
83 59
26 41
19 31
52 58
55 4
14 58
96 60
69 31
96 16
87 35
53 1
94 52
53 48
49 46
19 22
58 51
70 32
14 51
59 42
24 57
98 11
35 17
69 30
78 58
40 27
15 45
74 60
22 12
94 11
93 3
36 47
56 56
5 46
7 36
83 57
44 49
55 24
87 26
18 5
64 58
8 33
53 11
87 48
37 35
98 35
9 20
63 12
90 18
62 18
94 59
2 37
31 47
41 27
90 29
93 10
76 17
64 29
40 42
64 17
3 20
85 35
22 0
33 59
67 34
51 32
13 17
33 7
29 9
44 26
25 8
67 56
72 21
64 16
20 56
78 42
77 20
14 3
55 25
66 43
92 24
60 49
90 60
25 35
40 14
35 32
76 19
31 22
4 23
77 44
88 20
72 44
15 24
39 17
89 47
33 37
7 42
80 38
66 40
89 25
67 22
20 12
34 21
89 2
51 36
71 50
12 17
66 28
3 42
42 51
19 52
70 25
39 58
12 14
13 14
75 47
87 40
74 43
64 6
86 26
41 30
54 40
84 11
46 34
86 15
56 47
20 23
45 15
99 17
70 9
54 34
89 9
67 56
39 51
63 18
95 19
11 48
9 49
37 40
74 18
10 10
92 5
17 15
77 44
17 37
99 37
24 49
50 3
31 43
75 37
68 20
27 57
93 2
34 58
64 47
73 8
33 56
2 5
30 14
39 23
88 10
63 47
47 43
12 8
23 8
12 17
6 42
70 16
54 23
83 25
61 22
97 39
61 9
32 29
95 16
5 18
22 54
84 21
55 53
30 36
73 10
37 1
27 22
10 46
45 17
48 44
54 26
90 49
100 55
59 18
48 51
62 42
63 34
50 38
99 11
15 22
8 27
88 2
62 13
76 27
92 60
92 25
3 16
35 41
41 36
57 28
10 18
93 47
96 5
83 59
72 59
81 60
10 26
77 6
40 60
88 17
6 54
79 46
39 21
38 46
79 58
14 4
50 16
82 1
90 41
3 13
95 18
8 12
83 22
38 56
77 9
66 26
26 28
91 55
10 33
96 39
83 17
100 40
1 6
51 17
99 34
99 23
71 41
15 36
95 48
45 44
29 27
22 45
33 44
36 25
35 42
14 22
27 37
36 37
26 46
3 8
23 34
53 7
9 7
31 36
76 18
32 15
8 33
89 36
10 47
81 53
86 49
31 54
39 42
62 13
4 49
16 32
73 50
91 56
53 11
75 12
50 46
24 60
81 56
60 52
86 54
42 49
89 56
86 51
38 20
24 7
96 39
15 37
31 11
14 0
21 16
50 35
42 4
47 49
54 45
6 31
61 7
59 33
55 18
71 21
73 12
64 54
88 60
57 55
51 22
21 16
44 38
81 41
64 48
49 26
86 24
79 52
46 40
6 20
29 38
43 46
23 47
8 32
59 21
72 3
22 13
3 41
12 47
17 60
27 2
75 10
52 8
92 42
13 41
48 20
47 12
19 7
18 54
82 30
99 17
45 24
30 36
51 54
23 36
14 14
95 47
100 37
97 60
69 11
54 11
3 20
27 47
87 1
20 20
94 28
33 46
81 28
15 57
14 1
64 45
96 7
7 41
24 5
42 3
90 58
29 55
86 20
50 47
22 1
56 59
42 2
54 41
63 8
99 26
76 6
1 9
76 24
70 2
35 25
92 51
67 37
48 20
15 18
96 23
25 48
43 60
94 29
17 9
74 36
58 17
98 19
14 25
24 20
57 5
45 41
2 26
3 2
73 12
98 50
61 5
72 13
16 36
65 16
30 10
67 28
46 6
60 22
33 14
73 12
23 60
95 22
10 35
39 39
95 8
18 14
10 50
76 53
72 58
35 26
49 52
22 35
11 21
64 16
10 50
34 27
77 0
48 49
82 60
26 56
56 7
22 11
86 60
69 45
61 45
58 8
13 32
7 32
68 58
49 23
93 27
29 45
50 27
63 22
17 40
58 7
17 7
11 43
72 4
1 35
33 9
37 30
81 51
69 13
5 43
25 18
91 39
23 52
83 7
87 20
50 56
14 43
35 42
94 18
63 29
43 8
31 22
12 23
13 42
98 49
16 48
94 4
51 51
92 24
16 25
87 15
90 44
83 18
46 18
17 16
17 43
3 60
94 30
55 36
35 2
46 48
17 31
23 32
8 37
4 26
27 36
56 24
80 31
8 19
40 18
64 60
90 9
91 40
92 34
12 45
89 36
91 48
30 51
66 10
60 39
6 28
16 18
22 38
16 15
38 36
97 44
20 15
69 46
1 47
69 52
1 35
42 41
15 60
91 30
44 33
92 14
56 9
53 19
45 50
40 43
24 32
67 28
23 52
9 15
17 24
35 34
71 22
88 6
99 5
47 20
5 26
69 31
33 58
38 54
41 21
13 30
24 59
46 41
93 37
51 37
90 0
65 39
93 4
15 36
36 12
86 44
80 2
17 33
23 6
49 9
46 56
55 20
98 41
75 50
14 21
25 37
52 25
71 40
39 58
93 37
23 20
63 34
25 53
66 31
71 8
78 37
77 41
75 52
100 28
63 55
62 4
9 31
7 49
96 52
80 42
47 18
24 40
61 27
48 51
4 59
63 25
73 12
72 18
82 18
17 54
31 52
87 18
77 22
68 24
49 48
89 18
54 11
23 12
35 36
86 8
22 48
97 24
38 50
30 31
66 15
76 46
15 36
79 49
52 13
69 46
23 57
95 40
93 18
74 18
55 44
69 11
24 7
39 32
48 24
82 0
41 0
56 56
63 8
89 24
60 51
83 12
32 58
3 8
100 11
94 43
33 10
92 26
74 20
71 49
69 52
79 48
73 20
52 49
78 57
58 1
63 41
51 50
5 54
46 1
13 59
58 41
22 31
28 31
39 3
83 26
14 18
98 25
36 49
63 33
21 32
92 0
47 57
95 24
71 34
9 27
64 58
86 33
18 26
87 17
34 51
48 28
8 7
64 14
45 31
45 11
14 7
38 7
77 16
4 9
61 0
99 15
17 53
97 35
93 60
37 17
77 16
86 38
14 26
17 41
39 29
51 27
38 18
67 49
6 0
16 42
75 6
36 42
67 30
86 42
78 10
24 13
80 38
79 21
78 10
52 30
56 48
86 48
76 55
71 15
92 51
75 34
28 45
40 41
36 39
74 58
34 15
99 48
90 12
84 33
72 41
65 33
67 55
67 21
86 23
89 24
48 42
76 6
48 36
50 49
9 25
83 33
26 21
66 60
62 15
27 15
27 12
30 18
16 60
18 60
49 41
70 22
4 10
87 49
35 1
95 53
32 28
39 55
93 33
30 1
27 50
24 34
10 37
5 0
50 16
50 32
64 57
61 33
44 50
52 18
10 41
3 29
37 11
48 4
48 16
53 4
22 17
42 31
44 3
32 52
28 60
2 18
29 21
42 55
11 3
47 47
38 3
42 39
53 32
33 15
64 39
27 14
2 48
25 8
58 22
30 40
79 29
47 30
100 20
11 30
17 33
2 55
46 33
15 14
39 40
44 32
14 51
73 39
23 14
35 40
53 19
62 46
10 42
95 9
39 23
46 37
47 24
93 34
96 11
16 51
83 14
35 11
12 29
32 60
40 39
17 51
27 33
1 43
17 55
40 17
79 19
59 48
38 47
66 8
13 52
89 60
95 8
16 30
51 5
92 40
92 44
17 16
92 35
23 31
17 30
93 9
79 15
1 42
21 50
50 47
12 23
100 15
67 32
21 32
49 0
87 0
5 56
44 21
2 1
83 19
18 6
70 25
92 49
63 7
94 44
6 0
90 7
84 7
9 31
55 24
74 29
12 5
21 55
30 51
86 1
35 8
78 57
11 49
84 21
86 47
96 41
71 58
67 27
53 22
82 11
48 35
98 13
48 5
89 19
64 24
16 42
75 49
13 25
40 19
54 30
64 47
31 44
22 39
9 16
9 55
2 12
93 36
5 36
52 6
56 45
20 33
69 8
39 27
25 8
41 3
13 49
52 38
92 17
62 21
67 38
51 47
45 2
10 30
98 19
30 12
22 43
47 49
30 59
85 34
9 52
24 6
38 51
6 46
63 52
97 23
19 3
39 47
90 41
11 35
66 20
73 56
75 34
3 57
81 2
86 1
49 30
16 18
2 0
67 3
17 48
93 37
54 5
58 25
90 46
93 1
89 52
43 9
35 18
60 32
24 41
22 7
49 22
55 17
11 51
69 56
71 31
80 34
97 59
94 43
24 45
20 33
41 55
37 57
98 11
91 27
36 38
58 11
23 30
35 45
44 34
95 4
73 37
87 31
23 27
11 1
23 12
84 40
79 13
89 20
4 45
43 28
98 2
18 45
48 30
85 22
18 9
24 35
98 34
99 28
98 14
88 27
53 42
18 44
66 36
9 43
55 26
49 2
97 51
27 7
77 8
27 28
48 22
34 54
16 22
19 40
50 60
71 9
43 55
57 24
39 48
81 21
31 24
46 23
43 56
21 39
3 9
74 6
98 46
89 44
25 51
99 26
53 3
3 25
44 13
22 24
75 46
50 23
72 35
14 18
39 8
41 60
28 54
89 14
5 45
48 17
57 55
47 52
42 43
5 2
30 9
64 13
34 1
41 56
44 36
32 9
44 20
74 14
39 46
35 11
83 43
39 31
42 21
3 52
45 56
16 55
7 46
99 26
94 50
8 4
56 59
89 45
13 14
82 15
70 35
24 50
82 3
31 35
52 7
64 30
77 44
33 60
61 51
24 12
89 48
13 8
98 25
18 15
1 47
97 58
14 46
1 42
62 12
38 10
97 34
65 17
55 35
91 49
91 43
55 37
1 39
63 59
89 4
69 31
57 52
6 15
52 34
9 31
41 39
20 55
90 23
84 43
65 14
62 14
21 57
48 26
26 18
92 12
78 8
63 55
70 11
77 44
64 4
51 45
89 7
41 5
16 12
48 32
65 39
21 39
53 13
43 4
5 11
56 11
100 12
91 57
85 1
8 5
32 9
65 31
1 13
86 48
95 51
16 1
7 40
56 4
12 51
99 33
52 1
64 43
53 31
69 15
39 49
19 29
76 34
26 33
70 12
47 7
87 15
51 15
23 55
18 7
29 16
26 50
12 43
75 48
17 6
22 9
19 57
5 2
29 1
21 34
24 3
78 52
85 45
69 53
33 8
30 51
37 19
36 3
99 36
38 27
77 28
14 60
25 10
9 26
68 14
24 5
95 12
76 34
21 60
11 16
22 22
26 9
94 26
85 49
29 47
14 31
69 16
2 37
93 41
38 59
39 16
85 29
55 29
12 60
90 44
8 24
94 31
79 55
16 26
22 16
91 60
81 30
79 9
22 1
82 46
10 16
74 56
37 38
3 6
46 36
94 48
36 42
60 45
89 16
82 41
58 14
81 32
19 43
65 37
15 16
26 36
1 44
51 59
35 32
85 51
70 21
77 28
51 14
1 50
45 37
89 52
35 12
81 22
82 45
12 54
83 56
16 28
25 18
73 9
29 22
3 21
96 36
39 16
49 23
91 44
21 44
39 11
16 57
26 44
13 34
51 40
84 12
84 12
88 51
100 45
55 8
87 10
39 20
70 43
37 29
72 53
80 31
35 46
71 27
37 51
47 28
59 20
26 58
84 18
2 50
54 10
59 23
20 18
70 5
80 39
5 46
63 3
66 28
11 7
16 49
37 24
23 58
81 20
98 44
28 13
97 6
69 18
20 26
99 24
42 56
44 3
4 5
17 30
41 34
80 42
43 35
11 49
16 54
57 20
17 54
23 4
22 36
44 15
38 34
54 7
85 14
30 48
61 23
59 8
53 37
50 59
49 48
35 60
22 59
43 49
60 10
5 58
86 8
62 45
74 29
5 44
57 10
60 13
38 27
33 37
30 33
66 37
9 5
56 39
59 39
3 13
58 33
7 50
22 49
98 41
58 56
2 7
74 49
53 51
13 31
23 23
81 19
43 50
95 3
34 31
29 15
31 6
17 44
6 4
52 49
70 42
40 8
41 16
85 22
65 49
59 57
6 9
27 1
88 13
43 16
61 5
64 27
49 16
67 43
35 47
9 40
49 12
24 7
4 11
61 8
65 23
99 39
64 21
81 30
71 41
78 42
55 0
73 37
74 32
52 49
8 24
73 60
33 18
27 6
60 14
1 35
86 24
29 59
72 0
81 55
76 23
88 52
15 21
6 46
77 54
69 43
36 8
45 0
50 25
42 28
58 49
24 34
93 51
6 41
24 15
97 6
92 28
74 45
23 48
17 38
18 37
21 53
8 49
8 25
99 56
44 55
71 35
82 29
44 34
99 39
63 51
41 17
23 30
16 42
81 57
29 55
77 56
68 47
75 31
1 51
13 41
30 23
58 4
93 35
7 17
51 23
71 21
58 58
83 38
17 20
16 41
42 27
66 50
86 46
49 40
79 49
18 12
66 25
15 13
30 45
49 5
96 2
7 41
89 51
55 24
47 44
1 38
66 55
70 7
90 17
73 23
42 34
39 0
57 24
82 44
50 12
60 15
15 46
54 24
63 41
29 48
45 7
50 1
59 7
78 47
74 46
90 7
70 36
66 9
100 51
91 12
43 0
83 2
93 40
6 52
66 45
83 34
59 31
18 3
40 25
31 19
14 8
46 43
49 6
38 47
60 50
2 19
76 54
10 50
84 39
64 40
19 22
84 3
23 31
77 16
17 53
37 29
78 32
35 46
73 7
59 38
4 28
41 23
36 3
26 47
33 20
1 34
73 7
56 55
55 24
67 44
81 22
98 18
20 54
77 5
50 8
30 3
87 58
85 47
60 31
13 29
38 4
69 52
93 2
3 12
13 4
14 40
4 0
84 18
32 57
16 22
34 34
69 49
5 32
13 1
68 41
27 37
60 7
50 17
98 4
24 13
70 22
49 36
74 11
40 30
5 26
33 52
53 56
33 0
70 55
99 27
95 19
5 29
34 1
8 16
35 21
16 15
36 44
75 28
5 11
6 36
52 43
3 55
82 41
60 32
92 29
67 57
68 41
93 3
18 51
75 35
79 49
3 30
81 32
51 20
17 15
18 0
79 38
74 42
31 21
12 16
40 11
90 43
58 43
74 58
54 38
65 56
82 50
55 52
8 39
82 60
6 54
16 4
96 6
100 35
27 38
36 40
20 20
59 43
76 19
25 30
22 11
77 51
8 19
7 1
80 36
94 9
76 46
66 41
59 55
13 51
9 36
47 4
20 9
16 16
89 25
89 49
51 38
8 48
20 42
4 36
81 26
79 30
52 39
74 12
96 17
48 41
13 60
66 42
93 44
4 53
95 7
58 52
96 30
27 48
76 1
67 10
95 51
1 46
60 51
69 4
5 47
89 3
17 27
4 11
65 11
62 8
25 20
83 29
93 20
62 42
96 10
25 19
54 34
67 10
57 9
79 38
94 0
27 19
54 27
56 35
83 33
97 19
69 16
53 17
17 50
73 60
40 42
79 20
67 24
45 49
5 22
73 52
75 5
90 39
72 7
25 57
13 51
25 17
51 18
2 51
78 29
37 45
91 12
38 42
93 50
54 15
21 10
75 21
95 17
10 44
34 19
46 23
17 4
46 56
53 4
56 58
59 22
57 30
88 35
80 18
97 32
42 59
80 40
74 19
62 16
96 3
38 52
66 45
56 32
97 48
74 26
31 0
44 36
77 52
79 16
97 46
43 13
8 41
13 24
95 58
76 3
15 24
22 36
75 5
19 46
46 18
77 44
85 25
37 12
68 10
76 30
7 23
46 10
44 59
11 58
46 27
31 3
57 19
6 54
98 42
55 20
75 38
43 57
92 51
33 10
1 60
74 45
31 23
73 49
97 40
22 41
97 7
6 14
4 55
81 51
70 40
72 43
35 19
25 46
82 23
9 1
11 45
88 10
88 4
100 17
12 19
26 22
12 31
54 46
18 29
1 43
40 45
5 22
14 32
83 42
10 24
6 11
83 19
20 10
60 1
66 27
97 31
88 43
72 48
73 9
100 54
95 6
65 10
11 24
6 15
28 0
26 8
19 56
12 47
49 33
37 55
75 10
57 45
90 4
15 38
71 55
66 27
74 23
69 42
20 23
49 36
46 9
40 36
35 51
65 55
15 11
65 60
36 8
30 39
21 59
25 18
37 38
81 57
97 28
92 43
55 22
95 44
42 15
88 11
77 32
20 21
99 56
92 15
17 14
59 52
85 2
95 43
27 14
88 12
97 24
61 15
2 13
97 49
94 31
50 43
81 15
67 14
58 39
26 29
73 5
68 10
43 25
66 40
44 27
95 16
11 6
83 16
95 40
40 48
15 20
45 9
75 54
76 48
25 43
97 35
86 6
42 8
67 22
18 31
7 52
6 59
2 38
45 44
51 37
71 33
70 59
54 11
35 43
40 52
32 12
37 28
15 44
13 34
33 51
8 49
100 59
26 1
18 22
89 19
99 32
97 15
98 59
16 40
1 33
81 20
62 51
31 9
74 24
15 43
12 49
91 39
34 27
52 49
46 34
22 11
22 10
61 57
65 17
82 2
52 54
35 25
93 40
79 19
95 7
45 15
51 15
93 56
15 49
48 57
48 6
94 48
46 18
94 32
76 14
1 8
1 5
38 32
70 7
44 32
98 44
9 32
88 45
20 13
71 0
61 3
1 9
37 24
24 48
93 35
29 23
77 8
65 15
39 15
40 23
4 11
46 34
25 5
45 5
50 15
31 58
68 59
72 56
42 59
1 29
78 28
25 4
57 49
92 23
24 21
76 23
21 5
81 46
27 55
56 29
36 14
57 6
40 8
82 54
29 14
21 2
91 42
15 45
39 13
17 58
29 21
50 26
6 34
91 31
41 1
55 21
23 6
34 29
96 58
62 58
64 30
62 54
28 6
97 60
36 53
55 35
15 23
30 47
80 36
57 39
92 52
63 55
100 39
63 42
69 34
44 23
46 0
93 59
94 44
69 54
57 25
76 17
65 34
22 58
40 11
47 43
85 59
91 7
71 20
84 33
35 1
61 34
46 3
29 21
59 25
38 45
77 12
86 34
33 4
15 40
43 42
21 30
4 43
4 6
97 40
44 10
42 52
78 9
95 9
37 1
37 12
87 15
23 27
96 25
70 20
70 56
74 49
11 28
44 43
85 44
72 38
11 39
73 44
9 21
54 44
70 21
50 5
83 55
28 13
79 10
3 18
58 44
97 50
100 6
40 21
67 46
9 32
30 3
100 39
77 26
42 23
7 29
99 35
47 26
11 26
22 36
73 44
55 44
27 43
28 48
97 10
23 14
50 5
100 25
32 28
60 5
29 43
48 4
80 21
6 4
19 10
36 51
46 44
11 26
86 57
27 12
55 13
57 39
17 4
59 18
30 10
86 7
98 41
78 20
79 1
20 28
43 26
50 51
94 49
34 10
70 49
17 27
79 14
30 35
35 50
74 11
83 39
1 39
94 9
32 49
69 12
94 44
12 14
52 52
42 49
95 56
34 17
88 37
88 60
97 27
42 16
80 56
66 7
51 28
21 38
69 55
90 41
85 10
64 37
66 0
18 16
63 26
17 54
53 1
92 4
46 49
21 33
20 41
67 55
92 42
15 36
73 19
20 55
61 6
97 7
4 40
27 25
87 53
79 28
80 45
72 44
66 36
80 33
38 2
7 37
63 47
19 60
20 19
70 36
63 30
45 58
1 24
77 37
6 52
30 5
30 29
85 41
75 30
8 16
5 48
26 3
89 57
68 51
81 59
36 12
27 6
81 25
46 29
58 42
62 30
31 5
61 29
45 58
7 46
89 54
29 9
64 50
8 47
43 58
49 6
24 1
82 23
49 33
19 23
92 37
5 6
72 34
95 40
80 25
19 40
86 4
77 6
46 2
56 36
79 26
56 6
49 37
62 24
10 43
67 36
51 30
52 59
33 54
6 47
77 27
9 13
48 29
99 5
56 37
13 27
12 41
64 20
35 33
81 51
87 7
15 48
85 33
83 51
80 45
70 28
67 16
71 17
91 58
94 49
12 18
57 34
19 49
37 50
51 10
1 45
29 14
37 59
39 37
95 25
79 27
94 51
60 44
17 58
7 34
38 11
95 10
57 24
65 48
83 20
40 50
71 5
16 21
66 56
2 24
72 43
89 19
44 25
37 46
27 42
92 17
60 33
94 32
93 1
97 14
38 37
90 25
3 16
11 10
75 20
60 2
89 0
76 24
52 38
64 56
88 3
78 31
34 51
45 20
98 59
96 4
6 15
17 34
81 57
14 22
99 29
49 41
82 10
59 10
70 22
23 14
77 36
47 60
37 16
83 52
90 37
84 2
62 31
28 6
7 40
85 14
95 16
59 16
39 48
38 56
25 26
10 16
62 3
50 29
99 4
81 38
96 22
85 19
70 15
7 57
42 14
73 45
5 60
32 26
26 8
80 2
96 9
93 58
49 24
94 16
17 3
41 21
31 48
57 3
53 34
11 19
92 42
38 34
3 8
46 55
74 59
74 50
56 40
70 35
15 42
43 32
74 33
14 38
49 55
10 52
73 17
15 44
69 9
32 34
97 54
72 51
68 13
70 13
16 6
63 22
58 16
27 11
24 54
11 23
97 52
81 54
4 2
40 26
8 60
73 39
67 16
64 37
69 60
36 29
8 44
97 35
18 4
34 0
86 23
44 25
41 59
84 16
63 60
26 31
12 51
89 49
34 3
44 57
89 47
69 42
72 57
11 24
3 56
44 9
94 41
15 60
40 4
68 48
55 4
20 44
40 2
59 32
41 46
55 18
29 21
100 42
97 24
9 31
93 44
30 46
83 38
88 40
27 37
54 27
54 0
28 7
70 14
17 42
70 13
36 11
71 56
33 24
50 37
68 59
82 43
78 49
73 20
27 58
9 45
37 9
4 52
16 30
90 17
35 21
81 44
94 17
67 14
82 8
26 24
30 59
51 10
11 48
25 17
10 14
80 53
25 6
76 23
68 5
26 55
38 29
33 14
85 9
54 25
20 59
70 27
55 1
61 52
27 36
24 22
71 59
94 10
4 39
82 14
41 47
18 22
57 58
89 30
51 23
85 13
35 43
88 26
100 12
75 40
57 20
3 54
85 41
59 58
10 34
84 11
16 10
62 3
83 44
85 44
65 2
17 31
13 28
60 2
19 53
26 59
29 21
44 49
7 29
22 31
52 5
99 31
43 35
34 55
78 15
28 28
31 21
22 45
30 32
12 54
37 23
43 15
22 34
49 42
54 10
6 28
44 1
38 47
27 40
94 39
43 1
22 2
46 37
40 19
38 13
41 58
6 6
37 45
64 49
34 17
21 31
59 51
16 9
17 7
21 24
23 44
64 8
96 18
91 31
50 2
19 52
70 57
80 22
93 13
83 47
48 1
4 36
72 30
66 25
48 5
36 39
80 33
27 55
43 1
16 42
19 13
86 51
61 5
98 22
58 27
76 59
6 12
28 34
72 30
42 54
44 55
22 48
47 22
6 47
37 11
58 13
48 18
56 37
77 23
90 44
46 14
26 3
19 47
30 20
40 1
75 55
72 48
43 41
98 34
18 30
30 22
51 43
87 23
63 14
61 56
31 14
42 38
67 27
94 38
1 40
1 26
39 56
22 18
86 10
52 0
9 59
78 34
22 14
87 54
30 5
4 18
84 54
14 9
45 15
11 37
81 18
53 23
90 48
17 5
44 14
34 32
61 56
44 11
9 52
41 51
24 3
43 43
57 43
74 14
47 36
16 26
94 36
26 33
54 25
45 25
71 36
67 56
75 10
49 15
75 33
58 20
11 40
77 25
53 48
97 57
11 27
96 36
77 25
23 11
86 10
83 10
42 31
77 30
81 20
40 26
92 23
65 57
7 48
64 7
53 17
51 37
7 43
29 27
29 60
49 51
54 57
74 44
17 38
27 12
76 46
83 8
53 31
95 41
10 5
26 10
59 37
23 39
84 51
92 54
64 30
33 33
100 16
46 9
99 48
24 13
84 2
34 51
13 37
36 54
65 3
92 6
27 51
49 11
31 59
96 23
50 15
65 38
6 50
54 7
32 51
16 20
69 58
33 43
72 15
12 7
56 45
86 18
71 4
81 34
34 17
43 43
10 30
75 47
76 45
53 49
14 5
40 14
29 9
56 48
50 10
46 55
40 26
22 30
89 15
14 39
21 2
59 29
37 21
7 8
97 41
63 44
26 30
6 45
89 31
82 20
30 46
66 51
4 36
5 29
69 50
52 45
6 0
30 46
48 30
52 47
44 0
79 54
43 50
14 43
80 9
64 31
26 37
84 51
78 15
56 5
40 35
14 8
94 27
7 27
49 29
87 20
57 41
97 3
11 46
87 9
24 32
37 47
35 20
87 17
27 14
77 50
14 2
40 48
4 20
16 18
18 36
53 2
22 25
3 5
13 19
7 31
91 39
94 18
27 55
79 47
26 0
41 35
32 53
79 50
24 22
93 30
49 27
64 1
37 8
79 4
96 42
87 60
80 48
66 57
95 45
91 42
12 42
71 22
27 51
98 52
45 24
70 53
7 3
5 7
67 19
49 3
97 5
4 37
87 38
80 0
58 46
61 57
94 54
62 47
1 39
92 21
47 12
87 0
36 51
41 4
62 11
69 10
41 22
92 3
10 16
33 0
20 13
94 58
44 1
55 15
73 34
11 26
19 44
13 19
73 2
27 2
26 17
82 23
74 42
13 24
32 20
36 34
27 10
81 42
46 24
16 44
6 55
62 30
33 20
54 17
96 43
48 26
37 27
26 40
99 25
55 36
79 4
77 53
39 13
25 57
23 18
34 51
60 27
55 34
35 10
61 13
5 49
16 34
8 53
52 8
45 34
5 56
11 26
43 49
84 21
50 50
53 9
36 40
90 25
94 11
95 11
59 38
55 16
79 3
3 32
33 30
30 35
44 53
70 45
15 4
45 9
62 54
41 31
85 47
5 10
1 20
68 19
54 6
17 21
50 37
94 41
4 49
88 0
90 42
35 55
26 19
66 59
4 45
38 33
81 53
64 36
24 52
95 20
11 24
99 55
82 8
33 52
88 53
44 8
4 49
24 1
85 27
65 47
56 19
9 6
30 28
68 19
75 11
22 50
45 56
37 41
36 36
19 34
94 35
68 38
100 45
27 56
21 57
70 20
50 59
19 28
52 57
58 24
99 3
84 59
64 20
28 2
18 8
37 31
21 6
43 21
7 31
72 25
47 51
10 4
47 57
32 5
42 40
85 36
60 58
96 4
84 6
89 45
15 56
22 7
86 57
41 32
66 28
54 55
49 20
45 18
10 34
19 36
66 3
41 17
46 23
6 29
72 8
27 55
95 39
38 53
83 15
82 3
96 13
56 3
90 58
46 45
92 6
7 40
95 3
81 16
29 12
36 32
4 49
72 20
26 56
11 30
66 28
50 24
16 2
26 54
50 12
34 47
50 55
8 0
35 47
90 58
10 31
21 17
45 60
2 54
82 20
62 56
93 6
74 57
52 32
56 48
92 47
61 4
40 15
62 45
58 28
59 39
12 10
73 59
19 16
71 14
59 3
83 31
5 7
32 17
1 21
92 36
48 39
92 22
3 51
80 34
52 56
85 42
21 38
56 34
57 19
19 16
8 7
47 57
5 60
61 58
75 34
82 48
57 36
87 48
8 27
80 58
41 59
2 26
61 35
6 29
74 39
84 11
70 53
23 20
19 41
72 26
43 26
76 51
3 13
49 20
43 53
46 17
49 44
100 56
5 41
52 23
32 14
80 50
21 2
57 6
38 27
39 23
25 7
80 27
51 23
55 17
76 3
44 1
72 59
67 56
60 34
22 34
29 49
86 3
55 55
72 8
34 57
50 11
100 25
55 3
80 49
30 50
84 10
14 2
86 7
19 14
27 48
82 55
18 16
68 54
71 13
83 35
70 6
19 33
11 24
78 0
29 54
38 9
42 8
52 5
82 16
49 46
27 56
13 52
94 43
55 23
23 12
1 35
86 35
25 7
67 42
100 31
46 3
42 57
53 35
95 29
66 28
14 18
53 57
67 16
22 34
41 33
27 29
87 36
8 49
32 19
53 48
99 35
42 42
47 57
93 39
47 52
73 44
79 28
54 56
43 16
97 15
58 55
30 11
7 31
19 32
45 10
7 38
96 32
3 13
100 10
53 2
65 31
80 20
12 42
61 27
1 39
21 60
7 9
40 39
20 56
75 16
40 60
25 17
87 8
98 1
97 15
26 33
57 32
63 53
34 23
58 45
21 22
28 44
34 33
49 51
55 5
80 38
29 59
30 52
34 50
98 52
35 58
99 27
85 12
100 23
82 14
51 39
95 21
31 57
68 30
85 3
91 20
67 21
17 29
17 27
89 5
86 39
49 14
92 2
15 8
46 35
64 9
54 18
30 35
93 52
95 38
77 17
62 49
36 5
77 13
77 26
96 19
28 55
84 55
22 8
74 1
90 47
95 4
6 49
40 50
78 57
26 12
45 41
97 13
83 21
80 31
12 13
14 57
14 50
33 52
98 18
34 28
90 0
61 13
8 10
51 32
70 1
88 11
64 12
50 4
26 31
31 2
71 21
20 45
53 56
16 6
92 9
61 5
80 42
70 2
11 6
36 23
58 43
50 48
83 59
79 22
67 16
65 35
94 56
33 54
5 45
13 54
36 5
52 59
19 8
20 51
19 54
63 44
62 38
84 6
37 56
66 31
22 27
31 28
63 13
56 13
65 11
21 50
58 15
45 46
45 51
35 26
48 26
66 55
4 51
80 27
25 60
83 56
19 13
11 17
100 55
88 3
3 8
94 33
69 29
57 7
68 34
95 23
89 3
72 57
39 16
61 46
66 41
100 23
87 4
12 50
32 39
71 20
84 15
96 12
46 36
27 12
20 48
14 32
92 50
23 58
85 26
30 54
93 37
8 39
18 55
98 6
52 49
44 8
87 7
15 51
95 17
82 52
64 26
47 6
76 3
4 33
99 28
2 3
1 48
98 39
48 31
96 13
53 4
18 3
30 42
20 15
97 29
32 15
22 29
34 46
21 20
43 5
75 56
41 30
89 38
89 0
35 46
50 60
96 6
61 33
53 48
81 9
29 41
27 30
99 27
6 22
72 15
6 26
68 8
5 29
52 36
47 36
87 2
61 51
61 16
73 24
16 12
61 35
54 58
52 10
30 14
5 9
77 30
46 51
85 22
62 42
90 60
1 39
11 36
64 7
100 20
87 54
1 26
85 27
83 2
69 45
77 3
27 21
73 26
54 0
67 4
8 19
62 33
99 57
92 41
42 32
17 41
64 9
23 38
3 60
9 49
66 8
63 46
11 55
58 23
98 22
70 55
93 7
55 46
80 55
31 29
85 48
6 16
63 55
65 26
19 0
24 56
84 37
54 45
76 60
75 55
33 50
99 33
5 32
92 24
97 41
59 25
52 44
84 17
62 32
86 33
2 13
74 25
35 55
63 57
26 26
5 6
88 59
47 11
98 1
46 18
79 25
21 30
70 44
12 50
52 21
86 20
70 54
99 36
41 46
96 51
93 37
10 33
69 18
79 10
36 0
36 30
18 40
79 48
32 19
8 50
57 37
20 7
76 49
19 6
13 13
53 28
26 42
81 58
70 23
9 4
89 43
71 38
78 33
67 25
33 29
84 40
4 26
38 15
9 56
30 56
99 34
60 38
86 11
52 54
78 28
89 29
35 19
20 13
44 42
70 59
28 46
74 53
91 40
72 20
21 8
61 12
70 10
66 1
56 29
31 15
73 17
13 23
51 24
26 47
39 25
25 15
75 44
21 45
84 49
45 35
18 50
59 20
2 4
88 26
90 12
97 54
1 56
16 2
12 31
53 0
13 27
70 24
99 37
77 6
52 10
19 15
100 19
68 9
14 1
95 17
10 55
46 1
6 58
85 1
13 40
1 23
5 35
8 55
100 6
81 60
41 44
2 35
22 48
37 58
95 33
37 45
46 57
58 20
87 39
20 22
53 30
53 57
71 16
43 53
25 45
16 16
72 48
56 4
83 33
67 55
15 9
72 13
79 22
3 44
75 11
75 25
13 28
79 57
92 20
48 19
22 29
80 18
51 21
84 24
20 12
58 47
1 9
26 57
48 31
3 46
56 0
74 22
48 51
13 7
1 19
92 13
12 32
23 10
52 59
44 58
58 2
87 48
46 43
51 27
61 10
54 8
56 9
33 10
69 47
86 41
82 49
60 29
96 16
85 27
47 42
88 11
49 60
22 15
14 11
100 14
41 28
40 49
18 19
29 8
9 37
4 24
18 23
84 28
61 24
19 16
42 9
68 11
58 40
75 32
57 43
11 56
89 45
37 37
47 4
35 23
49 47
44 18
47 6
53 11
85 59
79 55
54 56
16 11
54 4
55 11
7 19
90 24
64 55
35 28
12 5
1 12
19 49
22 9
83 38
8 17
42 50
37 6
94 28
35 1
52 5
80 48
95 39
93 4
54 35
60 37
27 25
3 47
6 54
65 17
47 24
65 38
30 53
67 19
27 39
68 55
77 38
87 59
54 54
7 48
17 54
1 54
26 33
73 50
88 18
16 43
32 40
14 54
61 12
17 18
67 48
98 15
30 35
66 15
91 24
42 48
27 48
21 16
38 47
33 36
57 47
66 9
19 31
97 13
20 4
59 24
85 9
3 13
16 8
46 21
3 36
81 58
86 42
25 25
53 40
56 33
1 43
49 2
22 38
32 30
60 40
14 16
54 19
14 44
20 46
46 10
79 41
15 48
79 32
71 34
9 41
75 26
87 58
61 27
100 22
12 15
20 27
25 46
100 24
42 55
70 58
70 2
5 5
8 54
37 6
24 48
64 57
43 48
42 39
1 33
46 40
50 38
22 55
5 23
49 2
51 48
11 15
84 47
18 39
67 48
68 40
72 34
6 15
98 1
20 23
44 32
62 54
8 1
21 38
67 15
90 27
29 30
88 52
68 51
74 2
90 1
75 26
66 42
30 39
97 9
10 4
96 59
11 38
58 11
36 19
63 57
22 3
35 29
64 58
91 18
78 24
62 20
12 46
10 30
27 43
5 2
90 39
72 19
35 28
58 40
76 15
77 32
19 10
77 43
78 41
32 27
75 51
79 5
78 19
100 29
80 11
72 3
56 3
34 26
17 37
44 35
6 45
91 30
42 26
81 59
14 27
16 43
71 26
7 21
69 11
95 22
24 18
45 60
95 38
47 12
88 0
47 42
100 43
100 10
42 24
84 24
48 5
47 57
74 33
85 51
2 51
29 25
54 8
77 2
81 39
52 4
58 26
98 34
53 45
99 40
4 24
97 32
81 55
9 13
95 28
23 56
40 12
95 41
28 18
24 57
77 51
31 24
30 21
17 6
32 20
79 11
95 54
86 37
94 10
53 20
71 33
94 2
51 29
87 18
13 34
73 27
62 10
74 39
84 17
97 33
89 5
22 37
40 51
34 2
59 24
22 27
90 3
25 4
96 4
21 8
33 51
80 25
55 23
93 32
77 20
25 42
27 26
30 44
18 9
66 57
57 9
81 40
81 40
68 49
84 14
59 17
31 38
20 24
22 24
10 48
47 30
88 9
39 14
50 26
44 57
71 49
7 41
75 60
2 17
87 36
86 21
63 50
56 2
87 56
81 12
35 26
65 59
87 46
88 25
66 9
69 24
48 23
23 4
71 3
52 0
51 11
36 1
26 35
2 35
34 49
61 58
1 3
94 19
45 60
9 20
86 21
37 10
60 10
77 25
2 20
13 50
65 57
29 40
72 35
57 27
14 13
11 50
79 21
50 56
69 48
61 31
63 5
55 8
9 54
85 33
78 48
13 1
13 34
59 51
26 41
94 28
94 44
63 47
43 32
9 56
78 2
66 5
35 44
98 55
44 29
89 28
59 23
18 9
79 44
89 40
98 58
72 54
99 43
17 50
64 39
90 42
81 57
70 7
71 16
31 41
12 44
26 11
34 24
23 26
34 0
68 6
52 17
93 46
88 36
44 45
21 3
79 60
87 36
15 52
56 53
8 48
87 46
60 53
3 12
29 46
20 53
76 54
88 20
22 33
23 9
95 1
53 2
42 21
44 18
41 27
64 59
14 37
93 2
86 38
59 6
13 26
82 53
40 34
49 22
72 14
53 32
12 54
76 16
27 29
54 40
68 13
8 45
26 46
78 42
82 37
24 36
5 8
53 47
44 11
63 51
65 5
76 51
69 5
75 10
77 39
56 32
56 5
77 51
17 53
74 6
74 22
81 16
30 46
98 15
47 14
3 46
11 12
66 49
11 8
23 20
15 15
27 42
33 29
18 34
7 22
72 57
58 19
54 6
51 48
67 29
53 12
20 42
5 15
50 48
93 15
92 19
36 39
15 43
60 30
48 30
12 37
34 15
79 32
15 0
37 26
98 13
87 0
95 43
92 0
8 59
69 38
10 42
81 28
17 57
95 42
51 39
98 36
51 3
86 36
78 18
5 37
11 39
94 7
52 56
94 32
83 40
62 32
62 27
3 34
38 31
9 30
13 39
71 22
12 34
47 37
35 29
28 9
28 51
40 2
68 47
56 25
51 31
79 24
40 43
56 58
33 39
45 1
78 54
7 15
19 30
18 34
80 29
50 1
33 24
21 5
81 28
92 1
85 17
38 13
41 20
38 13
27 33
75 15
12 20
21 17
69 7
38 27
3 17
56 38
40 40
31 6
94 9
50 52
50 12
48 2
7 14
94 42
46 40
67 50
54 18
67 10
32 46
55 41
76 38
28 56
31 39
3 6
28 15
23 26
82 31
15 19
16 42
53 3
48 24
85 33
46 20
66 14
4 18
21 12
14 43
19 3
79 22
32 50
84 12
63 28
88 10
32 36
83 23
11 46
51 37
19 4
79 4
43 38
34 39
58 1
8 13
12 0
82 3
34 26
46 18
87 57
19 11
40 29
97 17
6 37
74 24
37 35
44 12
48 56
32 53
53 24
94 17
36 5
40 56
71 2
79 12
90 9
66 55
98 56
70 47
54 27
78 36
49 29
21 29
36 36
40 0
93 27
61 56
40 49
4 30
52 11
71 6
60 3
74 19
94 11
56 8
73 26
73 46
36 52
27 54
21 47
46 42
8 48
79 20
25 34
32 59
29 30
98 44
57 8
45 48
37 24
53 44
18 48
45 60
53 46
20 12
91 36
10 42
81 16
38 23
60 46
87 7
98 35
51 16
60 35
50 46
31 3
13 11
21 40
69 12
5 43
8 42
94 48
97 28
78 28
94 44
28 21
96 44
49 53
89 35
1 37
50 33
29 3
97 21
15 53
50 3
43 22
70 11
55 13
91 10
87 26
34 6
3 54
33 36
17 30
4 33
71 6
42 13
18 60
18 43
44 16
90 49
48 28
24 54
20 21
4 56
73 46
99 20
99 26
75 2
82 16
64 13
36 15
80 12
72 4
52 28
82 17
59 22
56 57
28 24
4 15
69 13
2 12
86 31
28 35
62 35
4 43
26 45
39 24
72 16
98 21
83 41
46 48
31 50
76 57
71 29
33 3
44 10
35 49
86 24
22 58
32 8
23 41
97 35
28 59
6 26
91 47
55 16
75 9
54 44
37 24
16 5
59 33
56 14
57 39
80 23
51 16
49 1
37 15
13 5
89 1
30 7
99 55
78 4
95 13
29 58
88 16
35 42
6 11
89 32
36 43
96 38
3 4
29 11
8 49
66 36
52 6
11 50
87 44
25 9
62 3
93 55
4 26
39 3
60 2
33 54
62 40
85 27
9 31
89 44
21 27
36 13
19 49
29 26
21 21
96 17
63 41
35 49
18 40
53 26
76 40
54 59
24 12
35 36
40 29
81 3
5 40
63 54
10 26
89 32
21 29
73 36
75 46
25 7
56 10
78 2
16 36
67 41
48 47
87 12
74 18
57 55
43 58
42 24
16 50
80 48
52 33
9 3
96 5
54 24
60 23
59 44
5 12
20 27
97 51
11 57
10 7
66 8
82 19
51 1
40 58
93 33
17 46
19 34
71 45
49 16
37 30
64 7
65 27
91 45
62 32
54 14
16 26
22 54
94 40
65 7
46 58
52 23
72 54
18 27
84 15
92 39
6 57
98 59
60 0
32 31
49 53
33 55
100 52
49 50
77 1
53 15
89 17
80 34
21 38
45 20
60 16
21 9
99 19
20 10
51 20
28 58
34 53
42 41
97 25
92 48
70 25
14 19
61 53
88 35
78 13
89 58
33 25
15 20
31 7
14 7
54 1
24 24
11 4
26 26
73 36
88 35
88 53
100 55
36 55
33 26
76 45
6 11
16 8
34 53
62 59
4 26
55 20
98 58
14 41
6 17
35 10
15 47
75 21
34 55
20 4
19 13
38 57
61 18
48 19
98 12
10 51
69 7
66 12
17 7
71 42
83 50
78 18
22 5
61 3
50 41
76 49
45 23
2 19
65 52
39 56
82 47
96 37
71 50
49 43
96 59
65 19
63 25
90 39
75 30
40 47
44 48
42 34
14 44
39 21
97 21
94 11
59 22
95 45
73 29
35 36
100 57
65 25
5 56
59 41
21 53
55 35
66 7
80 39
31 17
92 30
91 0
89 51
78 37
33 57
17 45
62 35
72 38
47 9
78 20
24 10
97 45
5 28
40 4
96 34
80 40
68 40
67 13
39 21
33 4
74 54
47 28
40 8
44 54
19 14
83 39
77 15
3 45
78 26
90 49
74 47
53 38
1 6
80 59
79 41
4 55
82 21
98 23
96 45
48 60
86 32
14 59
73 7
53 24
11 31
29 11
72 18
74 54
42 10
28 44
67 23
87 33
26 10
7 37
87 41
4 58
23 47
76 4
64 27
16 33
91 5
10 59
6 23
1 18
45 20
20 16
27 14
89 40
38 29
47 23
44 41
59 58
78 49
21 5
76 59
21 3
17 42
80 3
4 1
43 11
64 41
6 53
59 5
86 34
77 22
76 57
45 40
25 44
99 24
41 12
86 0
67 28
18 0
66 30
67 23
65 25
58 7
42 58
59 17
17 47
72 46
49 6
46 30
87 29
97 38
37 52
39 42
51 51
84 59
38 0
2 9
66 13
85 39
69 41
69 39
17 55
47 37
88 32
97 0
58 19
76 34
99 10
14 14
81 38
83 10
29 34
96 4
34 44
72 19
29 8
92 33
25 31
82 16
10 8
3 46
80 33
84 24
50 42
25 55
40 58
33 45
86 50
58 19
88 12
39 40
45 7
77 52
76 33
66 34
58 21
100 3
28 46
61 44
95 37
82 2
79 5
26 13
2 58
94 11
50 45
63 24
5 28
85 43
48 23
85 11
11 11
3 30
29 8
84 60
9 34
36 38
95 59
15 24
26 4
55 7
56 3
8 32
52 13
62 33
40 31
70 51
16 52
94 58
11 25
67 28
93 47
7 43
90 20
11 52
71 38
91 31
69 48
35 37
24 9
47 47
97 33
40 46
22 44
18 25
81 47
44 55
4 55
39 51
37 24
51 46
64 53
68 24
98 57
62 9
30 1
4 27
31 37
62 39
38 26
40 16
80 15
66 36
11 6
53 60
55 5
74 24
47 6
34 4
83 44
35 19
54 26
11 7
78 60
6 1
74 32
74 33
7 54
64 34
43 44
84 51
96 15
38 56
26 46
42 49
4 45
21 31
37 36
82 5
19 53
77 46
64 21
46 57
8 6
71 44
86 59
75 17
45 57
66 56
15 28
80 44
81 12
30 47
76 45
50 6
80 41
52 15
60 24
94 18
53 32
65 12
40 4
99 57
1 28
18 36
38 26
48 27
65 42
68 8
100 39
70 51
20 56
55 2
8 1
28 51
81 24
40 1
22 41
10 56
4 20
75 36
78 27
92 3
94 30
26 39
49 27
17 46
26 42
29 52
50 7
66 15
23 55
31 59
84 25
59 27
33 22
27 46
54 42
47 8
43 53
59 4
45 33
57 33
35 6
67 0
69 43
54 0
24 58
30 12
68 31
86 50
21 7
69 7
55 19
79 5
30 18
3 28
99 10
56 21
67 16
4 53
74 13
38 48
43 47
50 31
13 43
21 24
91 17
75 45
62 11
72 58
54 37
50 34
87 3
24 10
44 24
63 11
49 53
24 19
97 59
40 21
24 59
2 44
79 32
98 32
15 15
16 17
34 11
76 26
49 59
30 14
65 29
49 42
44 48
38 48
68 53
13 35
81 50
73 18
37 7
30 6
16 33
77 45
49 39
47 60
26 14
58 14
32 27
25 48
2 54
37 23
40 6
18 24
77 12
34 19
10 16
18 42
42 32
27 40
37 59
67 49
28 51
3 13
43 22
72 55
23 31
81 43
41 43
1 34
16 30
36 52
58 38
98 27
77 6
18 41
22 6
89 38
62 5
14 21
36 1
5 29
22 34
40 22
64 58
59 39
65 46
27 45
38 58
87 0
22 42
49 28
6 4
14 24
30 22
23 14
97 43
56 33
100 39
14 29
51 35
39 42
80 45
48 9
19 52
35 39
17 27
52 22
64 20
93 39
74 52
69 2
17 26
2 41
45 45
47 51
27 25
84 44
29 20
7 46
100 57
86 22
38 50
52 1
75 51
74 39
14 38
35 26
16 46
15 51
4 20
85 3
34 21
83 23
18 15
84 19
44 55
74 34
30 24
68 0
80 37
1 7
69 54
67 27
43 36
34 22
60 25
69 38
91 0
30 22
78 59
89 18
79 40
6 47
87 36
18 52
7 4
7 3
68 37
28 51
94 54
93 39
59 18
44 12
14 23
24 52
80 0
67 20
70 46
81 24
87 26
58 26
96 60
97 52
57 6
94 27
100 0
30 35
67 25
88 11
63 40
56 5
17 6
82 11
77 19
84 43
96 25
33 47
55 12
2 39
75 39
42 4
76 37
4 38
68 38
37 12
37 60
27 23
7 36
24 50
44 12
91 29
96 30
35 17
73 58
23 50
2 0
28 30
58 31
96 2
38 51
74 25
96 23
13 0
56 11
28 0
93 45
47 24
79 44
74 2
100 5
19 0
60 40
65 10
16 49
16 56
74 41
17 15
34 22
2 35
83 51
5 34
11 16
31 43
87 26
8 11
41 13
31 18
45 33
72 17
54 22
67 13
100 0
52 56
9 18
4 51
62 4
17 14
93 41
71 43
45 12
67 42
69 13
60 54
63 37
26 37
72 49
43 15
22 13
30 39
58 2
49 32
70 15
65 35
84 13
44 49
73 14
73 33
41 39
84 58
49 4
59 3
28 18
54 53
51 13
53 19
29 6
70 33
26 25
54 40
82 10
10 53
34 31
80 17
100 20
50 21
76 46
26 31
41 40
93 4
51 8
19 19
68 3
18 18
81 46
2 3
41 33
47 34
80 1
91 56
77 11
53 53
8 15
19 46
56 41
25 41
72 36
69 14
67 57
69 21
58 36
57 7
18 37
70 24
66 31
56 53
75 36
3 23
88 30
91 59
38 16
49 53
25 60
68 0
17 12
41 2
85 39
52 6
10 25
22 5
31 42
94 43
56 1
29 48
24 60
52 44
60 28
7 36
85 51
43 18
96 20
24 3
46 37
53 53
44 52
32 44
77 11
38 12
99 46
66 21
42 46
2 27
16 10
59 30
4 4
4 16
22 10
69 6
27 40
97 50
1 4
80 28
5 40
41 7
52 32
3 37
2 22
25 32
94 44
55 43
1 19
88 49
12 35
10 6
35 53
25 46
88 32
53 3
76 15
91 32
2 20
56 7
84 43
25 47
90 31
96 13
46 3
98 11
9 26
6 24
42 18
42 34
51 25
32 56
97 17
98 51
20 0
100 48
61 32
27 56
6 60
11 50
92 47
40 42
10 17
55 35
60 21
85 21
38 46
1 38
65 50
67 27
14 38
85 35
79 37
72 1
54 37
60 35
66 16
47 37
61 38
18 7
98 57
9 22
63 37
8 14
26 56
67 53
49 55
86 22
51 42
70 2
61 13
56 16
90 55
50 36
10 30
23 22
39 50
49 2
45 52
71 5
8 46
88 24
99 11
48 52
78 7
68 41
35 50
37 50
46 1
67 18
40 32
87 45
89 37
26 15
94 57
25 21
6 47
79 49
35 53
51 30
10 50
4 18
59 53
10 47
76 2
58 1
47 10
52 44
9 42
70 50
45 28
56 30
50 19
82 0
29 15
33 21
46 35
74 7
32 47
51 18
88 56
88 50
24 40
91 18
17 28
21 43
51 39
46 33
67 50
22 28
7 0
66 22
3 4
89 31
75 28
40 29
11 15
96 7
69 35
55 27
69 50
79 0
98 45
82 43
65 52
26 23
73 56
51 1
65 46
94 3
32 6
28 24
39 51
98 41
69 53
56 38
71 7
87 36
56 51
94 17
19 47
86 19
55 7
7 46
32 11
66 51
20 7
94 45
38 14
62 59
73 23
20 16
18 59
1 15
79 7
75 8
30 40
68 14
1 21
2 55
96 29
88 12
58 48
47 49
9 48
68 43
57 8
6 4
6 43
47 30
19 23
73 51
58 56
55 47
18 59
22 22
9 39
3 4
91 17
69 20
2 11
70 54
21 57
42 22
92 37
61 57
36 31
74 14
43 31
78 18
8 24
43 19
37 45
95 52
60 9
84 5
79 55
7 44
64 47
73 15
18 57
67 17
20 48
62 45
57 28
81 4
71 10
95 39
56 15
2 1
32 30
38 24
25 60
87 7
9 9
77 12
51 34
36 36
28 59
52 51
25 26
4 1
40 18
22 23
67 26
6 39
34 48
40 47
76 60
36 33
3 60
65 50
34 49
75 27
6 42
9 30
67 37
81 29
68 8
8 55
35 16
81 21
21 47
30 29
94 15
5 47
80 33
10 35
33 26
19 3
67 41
48 1
38 30
100 44
88 42
100 52
2 0
31 37
4 58
94 50
94 48
22 0
42 15
56 47
38 0
56 33
60 40
8 18
38 39
12 40
37 41
72 36
34 0
74 11
17 14
14 28
70 43
31 59
57 22
36 36
6 32
16 20
43 12
11 27
21 45
77 53
74 36
63 40
39 8
92 58
44 47
91 7
78 57
15 35
39 25
8 55
57 40
47 14
54 53
8 41
20 48
78 51
4 1
6 23
40 6
94 14
89 52
67 57
75 33
25 47
80 6
6 5
66 0
79 18
31 5
23 39
23 43
20 39
76 23
40 19
51 12
5 51
64 30
9 21
21 10
31 58
47 40
3 9
6 46
11 18
19 46
97 5
27 10
95 36
28 23
48 54
98 14
6 50
96 28
70 49
84 54
97 40
28 51
100 42
99 28
30 27
15 5
80 33
82 3
15 54
38 58
53 2
36 3
38 12
92 47
88 5
2 28
20 40
75 9
14 35
88 58
85 34
35 39
97 55
12 31
62 32
61 1
42 2
33 10
37 17
75 18
5 22
94 51
38 60
5 53
58 10
5 7
48 49
94 57
27 5
27 34
50 9
62 7
17 14
72 6
6 57
78 11
53 51
42 53
40 19
12 42
75 12
21 28
4 29
93 6
21 39
29 21
39 1
47 55
48 55
66 46
44 0
32 6
94 4
8 7
15 30
56 32
13 55
31 22
78 33
93 59
74 54
17 30
60 6
35 40
18 41
44 0
57 19
25 27
45 55
10 46
95 10
29 36
80 16
86 14
39 25
31 27
86 22
34 3
66 38
72 23
73 56
29 53
96 58
87 21
18 54
25 3
22 1
35 3
66 47
54 4
80 57
95 18
23 0
77 9
55 15
38 5
90 41
5 36
35 54
3 22
69 0
21 17
51 29
10 14
5 33
58 48
97 35
90 37
82 40
37 42
87 30
84 26
72 50
26 45
16 50
20 55
35 21
53 34
68 13
70 49
11 19
78 13
6 46
16 0
19 37
89 23
43 20
33 15
72 46
86 26
25 37
93 51
12 6
19 49
33 32
38 16
1 10
94 31
14 17
23 56
34 33
93 9
87 1
47 35
33 9
47 37
36 56
41 38
19 33
2 37
82 55
29 17
100 29
77 57
39 26
59 34
66 2
63 40
50 36
44 40
65 14
94 21
23 4
54 5
89 58
35 26
25 13
70 2
2 51
70 38
29 24
42 41
3 46
59 38
81 7
98 6
14 43
58 32
55 9
26 32
93 8
61 45
24 55
58 35
49 7
36 19
27 14
91 29
41 18
86 58
29 19
10 9
38 17
55 47
83 55
40 40
26 54
64 12
95 1
90 55
2 28
60 60
89 40
2 32
8 16
19 53
42 1
30 17
80 17
54 35
11 37
55 0
63 15
57 3
22 46
60 31
50 23
70 57
93 10
1 54
45 52
88 56
20 39
87 31
97 10
88 40
93 55
39 42
95 60
69 59
62 21
4 14
94 22
52 19
82 30
95 4
66 57
25 54
62 4
76 46
32 9
22 23
38 56
37 48
79 19
5 49
5 18
93 48
91 2
100 9
31 35
72 47
13 57
56 23
50 28
3 15
16 59
60 12
18 51
25 52
99 12
13 4
14 34
97 4
30 12
48 4
21 40
76 11
1 17
4 60
79 48
9 46
70 58
59 31
40 8
4 60
3 7
20 7
86 57
77 26
94 17
58 58
24 46
24 40
98 57
15 38
91 8
36 40
79 4
85 55
82 27
57 53
65 26
97 48
73 35
27 38
41 51
73 8
66 22
14 40
63 31
86 14
62 14
32 26
96 27
65 53
3 25
47 15
7 46
20 44
25 60
14 41
86 58
47 57
62 10
5 47
25 10
78 9
61 59
84 33
96 48
12 28
89 8
91 36
18 19
6 6
68 33
74 15
26 14
71 18
57 21
58 8
51 8
85 31
62 23
76 2
50 39
64 42
27 51
28 34
58 37
78 38
27 60
37 46
11 23
82 0
82 12
83 13
100 54
22 27
33 21
42 4
61 41
97 60
95 59
35 37
48 40
1 15
21 50
7 1
40 7
56 32
57 58
36 2
65 54
41 44
97 50
48 10
2 30
91 15
5 46
83 15
15 43
90 3
32 21
51 28
100 52
83 32
17 50
30 58
89 38
48 10
1 26
65 48
74 57
28 48
20 23
94 16
57 4
79 37
77 28
81 15
24 9
11 38
37 24
92 4
20 39
51 40
19 45
96 8
67 20
80 26
67 7
79 40
35 45
36 1
16 2
43 58
12 27
98 28
22 45
94 27
70 49
30 12
2 38
80 60
94 53
73 18
72 43
87 23
47 39
21 40
6 26
15 21
41 15
7 2
60 29
53 18
19 56
24 50
86 54
87 53
4 38
56 21
69 45
23 50
78 3
55 56
59 53
79 43
52 26
95 12
34 11
64 38
89 54
19 22
75 21
26 36
8 14
75 34
20 31
88 5
29 47
48 53
99 9
28 34
63 9
11 46
50 40
5 30
36 3
72 2
37 25
88 38
63 21
3 37
52 27
84 15
46 46
99 2
90 19
74 58
38 20
19 11
28 18
4 26
3 38
1 35
26 39
8 6
82 1
3 7
29 14
2 15
53 29
30 6
64 52
36 52
33 9
50 46
81 6
51 2
12 32
32 51
86 48
73 58
82 9
98 57
36 23
58 31
45 44
39 45
19 23
88 9
87 44
35 44
75 46
9 35
12 58
41 20
75 48
1 58
39 20
31 34
37 20
90 45
96 21
6 44
80 19
43 59
78 43
64 59
59 26
34 11
32 33
74 9
10 24
92 50
1 47
62 2
7 29
74 30
91 6
95 30
69 29
80 53
96 49
28 28
15 57
41 6
23 37
72 57
19 6
1 59
46 52
69 54
26 36
88 24
76 10
56 43
89 41
19 49
10 5
16 12
89 53
85 25
16 7
75 46
53 30
83 3
50 9
28 55
92 46
30 6
82 60
55 27
9 56
66 11
33 0
57 2
14 41
45 32
91 16
32 19
44 34
90 42
58 42
18 38
50 45
75 51
9 35
13 57
5 16
93 36
30 40
81 19
23 15
49 33
25 55
41 57
60 24
26 55
34 29
28 25
62 40
59 29
42 59
21 9
58 39
37 13
6 8
48 24
63 28
38 57
36 16
59 6
19 2
70 17
19 34
32 28
26 41
60 1
94 42
2 49
74 24
50 40
67 22
34 53
37 58
56 38
53 33
70 28
85 51
44 43
60 29
42 13
15 15
86 22
26 23
32 0
55 53
62 49
90 5
12 4
25 58
9 32
7 55
31 30
30 3
48 39
61 19
59 13
35 16
61 20
38 42
14 33
89 13
51 40
48 38
10 38
90 8
27 42
60 11
18 44
19 30
28 51
59 49
7 45
2 20
26 41
65 39
4 56
19 25
73 35
8 35
32 31
6 23
76 59
37 43
80 42
34 54
19 47
28 21
77 18
6 54
36 27
90 1
100 5
92 20
48 27
29 9
79 1
35 17
90 42
18 1
23 37
86 10
81 52
78 19
9 49
68 44
39 31
18 46
76 30
1 25
98 36
98 0
27 18
53 20
86 15
42 54
12 45
92 32
92 38
90 50
92 10
9 21
3 5
46 11
60 54
90 20
70 19
40 59
69 38
79 42
71 57
75 28
91 8
79 47
23 2
63 46
10 0
46 51
77 24
63 3
34 40
50 45
83 0
76 29
83 3
84 20
58 41
66 41
34 59
39 2
48 30
90 54
43 26
97 51
2 40
43 24
92 39
61 2
50 50
72 30
13 8
82 53
82 20
37 8
37 31
59 21
52 1
57 22
12 5
47 56
12 21
45 51
12 8
16 24
77 20
25 26
94 40
32 33
59 29
78 35
50 3
9 48
83 51
80 30
89 15
44 19
32 33
82 52
6 35
11 13
87 21
47 16
22 40
1 30
42 4
11 50
18 38
14 23
99 10
37 22
50 8
68 41
27 2
50 54
26 32
65 14
23 53
87 20
45 47
77 1
5 32
29 38
93 37
17 8
28 50
2 28
30 5
41 26
44 54
59 7
77 17
31 36
62 30
69 26
49 24
43 10
79 60
58 57
56 55
48 27
74 22
62 40
72 1
39 24
71 27
38 52
13 46
74 5
86 6
28 48
25 11
45 47
100 34
56 16
90 10
71 57
49 35
58 28
51 43
11 8
31 17
15 19
34 57
49 3
60 4
29 48
20 31
37 25
67 52
40 40
46 18
79 24
38 13
77 20
31 36
66 32
93 14
55 39
43 48
26 37
52 38
89 32
76 18
19 50
3 40
26 26
64 50
68 19
73 15
67 33
75 48
90 51
19 41
29 41
19 26
24 42
74 43
13 54
20 35
89 29
86 31
32 12
65 43
41 33
26 57
68 10
26 20
56 47
52 55
78 10
65 50
70 40
59 22
32 24
37 20
4 58
96 45
26 28
80 29
10 43
31 21
83 2
94 31
63 42
81 27
20 8
6 56
64 4
69 44
5 20
67 10
52 57
86 50
63 37
85 14
38 22
25 32
18 20
5 40
53 59
4 8
57 12
9 0
72 25
87 13
9 4
26 1
65 9
81 21
5 44
31 8
96 23
65 53
14 58
22 11
25 27
8 44
29 15
26 43
82 35
30 26
5 26
8 22
60 12
8 49
41 35
68 38
6 54
12 34
2 58
56 48
1 45
59 40
78 59
22 12
40 33
99 17
34 5
32 15
99 31
65 24
98 41
60 48
21 40
42 5
46 50
3 54
43 6
19 5
12 10
18 21
43 57
16 6
54 16
76 59
20 7
42 41
29 42
79 3
71 56
2 24
18 36
55 2
47 48
77 39
11 55
42 34
98 30
26 14
1 23
98 59
10 50
67 15
49 18
26 1
44 59
49 25
21 56
27 7
88 27
82 9
50 60
91 60
45 37
36 13
88 33
72 45
66 31
72 29
40 16
28 33
38 5
70 8
40 32
31 32
2 44
78 48
99 11
41 13
41 50
56 14
88 35
28 7
22 12
92 53
73 7
2 57
77 32
32 58
29 57
46 21
63 2
46 31
8 35
42 29
51 60
65 43
48 19
53 34
96 18
39 11
59 57
69 50
36 4
15 4
19 24
33 50
25 20
32 36
52 36
32 31
60 13
26 57
73 38
36 11
45 56
58 46
90 3
59 58
77 52
89 44
94 26
25 49
32 37
7 45
55 47
12 35
24 9
96 19
27 14
16 26
62 29
21 27
11 11
42 54
23 42
50 23
91 9
18 10
27 4
51 3
17 1
62 37
12 0
15 48
37 28
16 0
60 13
66 16
87 28
12 29
2 10
62 6
39 12
61 19
17 24
26 41
10 24
61 33
36 32
54 60
64 38
18 48
88 38
75 10
39 31
51 47
58 47
16 29
60 31
15 14
80 0
94 56
27 19
99 17
18 43
23 24
35 59
19 21
36 1
41 4
82 43
60 39
81 47
28 23
100 40
46 21
59 57
14 59
60 3
56 12
30 3
80 20
55 54
61 43
90 50
8 37
70 29
85 42
29 42
52 32
65 0
8 53
49 41
2 14
25 43
63 24
90 21
79 39
11 3
53 11
74 52
18 10
49 15
84 55
82 15
42 39
91 4
39 34
8 44
3 59
50 42
52 5
63 40
41 37
7 20
20 38
14 30
53 26
64 11
42 53
82 58
63 30
40 37
7 41
44 57
85 11
13 22
14 26
89 40
70 47
27 45
94 52
67 58
17 36
24 5
18 2
37 2
30 6
84 5
48 10
12 2
59 23
50 4
98 44
4 14
81 40
82 33
5 50
28 51
18 28
20 13
36 49
88 17
8 55
28 38
88 30
47 33
68 48
5 1
35 5
10 1
17 41
73 7
44 7
3 28
80 23
82 25
87 44
69 13
72 57
8 7
3 36
72 35
89 44
6 41
84 38
8 54
71 51
14 24
77 22
27 54
62 52
43 25
50 47
72 36
97 46
91 48
11 34
63 48
7 40
53 30
36 42
2 49
39 56
55 19
15 30
60 55
26 4
68 18
7 36
39 28
24 2
12 10
7 14
88 33
27 34
97 18
19 5
80 55
88 20
84 6
92 58
9 35
14 59
63 3
21 26
90 18
83 23
20 22
61 16
41 1
14 59
33 22
18 4
49 49
60 33
35 10
67 11
89 55
29 34
88 47
24 2
12 17
44 19
5 4
16 23
62 55
42 19
24 27
65 16
40 34
52 14
43 59
82 35
35 60
26 8
39 2
23 54
77 1
45 22
11 11
8 53
42 0
92 37
45 51
78 15
51 24
75 3
66 47
97 58
3 41
2 31
33 32
46 3
13 43
72 47
43 20
28 44
1 42
64 32
54 51
21 57
85 41
83 53
91 39
17 51
89 4
32 52
84 24
59 4
81 18
88 37
36 56
16 60
73 56
73 47
42 42
23 10
7 29
39 39
72 45
29 24
4 55
48 38
50 4
32 44
38 11
49 22
93 31
55 42
49 24
50 5
91 12
64 59
15 44
97 33
45 31
98 45
53 52
4 20
91 57
31 29
76 48
96 25
73 52
8 37
59 12
31 27
57 41
92 20
46 34
96 22
25 42
74 48
96 31
83 13
98 47
75 9
39 47
51 58
17 3
76 48
15 22
35 3
63 30
94 42
36 13
21 6
73 20
18 11
34 40
26 35
28 50
29 21
43 5
15 56
40 11
34 16
83 60
15 7
91 9
2 27
77 47
76 28
65 60
4 8
7 60
95 18
95 51
50 45
33 34
43 53
24 40
84 24
26 13
17 53
8 25
82 47
61 0
9 11
38 0
24 20
87 48
26 58
82 11
84 20
3 34
87 59
78 42
95 32
63 24
72 27
76 16
8 1
15 57
80 47
46 55
43 49
31 25
12 41
53 1
62 44
13 51
70 51
93 58
19 60
69 14
1 36
92 19
22 40
34 56
85 3
94 0
37 47
46 12
20 17
74 8
67 26
3 1
6 48
27 4
60 26
19 1
64 59
66 52
54 57
66 11
82 14
71 56
81 57
2 3
34 52
37 15
30 12
2 49
10 20
36 26
92 6
72 59
12 36
3 41
39 25
92 8
47 48
65 13
88 34
72 11
95 60
27 21
80 50
55 44
38 23
84 46
32 17
33 27
27 43
92 25
85 9
65 38
14 43
7 38
58 30
93 11
3 19
6 2
6 14
39 33
57 49
42 48
51 7
26 2
6 40
54 40
100 51
92 46
41 5
61 55
51 2
4 6
11 45
49 56
50 49
44 54
46 46
4 51
14 24
81 28
55 54
12 14
91 58
98 3
9 59
42 50
40 33
24 25
21 27
4 44
44 46
27 48
6 31
2 16
99 13
45 49
2 50
64 13
69 41
52 47
40 24
82 32
73 45
11 20
87 7
6 15
38 42
98 23
41 7
100 56
65 2
59 12
100 42
94 19
64 48
34 53
93 10
56 25
48 16
16 60
74 12
1 60
1 60
82 18
23 23
29 26
8 52
91 17
34 14
65 3
82 42
92 51
58 42
55 46
64 10
33 47
61 1
91 57
93 60
49 60
32 0
64 8
51 15
37 52
66 39
6 26
4 49
18 8
82 0
3 39
16 45
74 55
12 30
64 10
50 53
69 23
86 12
46 31
97 47
80 34
76 37
23 32
87 23
22 16
68 38
55 6
20 3
77 35
26 7
37 1
47 42
51 34
83 1
93 44
93 34
68 32
87 27
99 19
19 24
3 20
65 53
68 16
57 10
75 5
5 30
60 11
54 42
61 25
62 47
64 59
58 42
8 59
18 47
3 19
72 38
3 31
75 15
31 59
93 59
27 40
5 16
35 36
8 2
59 25
30 2
37 46
81 19
47 3
67 0
31 23
84 5
11 37
89 36
57 32
13 10
17 41
58 16
81 36
64 40
63 24
62 20
98 15
5 16
46 58
93 0
60 48
52 32
42 51
46 32
35 57
11 14
96 12
57 39
82 54
13 15
69 16
91 29
7 48
39 23
34 43
96 25
56 12
62 7
87 5
75 2
34 6
69 37
16 16
50 59
21 45
69 42
71 60
79 60
66 23
94 44
66 34
44 3
68 0
85 38
76 11
84 26
65 6
48 7
21 19
64 27
79 21
22 27
68 6
5 12
54 58
39 21
22 21
49 47
97 20
97 43
52 6
29 15
41 29
42 44
24 31
98 56
28 55
78 28
89 24
25 0
83 6
31 30
38 18
66 20
42 30
73 6
63 38
23 41
76 34
27 59
15 19
59 24
16 50
82 22
32 32
18 20
99 37
55 58
51 47
48 1
33 23
32 13
44 44
4 9
31 39
35 2
43 17
61 33
64 38
41 49
23 24
19 43
14 36
74 23
91 51
43 50
15 12
48 25
31 58
34 51
61 17
59 56
6 37
13 25
31 21
78 38
90 1
2 44
49 18
75 29
73 5
9 30
67 45
96 55
6 16
32 12
50 57
63 12
13 26
95 46
55 56
11 51
48 19
35 13
9 29
31 23
52 19
31 42
56 15
32 48
13 38
66 2
24 34
49 3
87 56
60 2
59 31
99 49
8 10
19 27
84 29
10 42
28 32
75 12
81 3
48 8
78 42
32 10
83 12
38 28
18 51
68 27
30 19
69 15
8 3
49 2
80 25
69 33
49 38
83 42
74 15
81 49
38 49
64 54
80 19
14 55
64 57
57 46
71 5
95 17
43 19
39 18
41 19
23 32
11 4
80 13
94 53
46 29
30 11
57 29
93 24
99 52
100 47
87 10
25 9
41 19
22 35
81 42
36 45
17 45
83 1
74 10
72 11
78 31
86 43
84 22
81 55
58 59
24 0
63 57
57 35
94 39
39 30
2 51
75 34
21 34
11 54
45 12
74 15
51 34
96 20
99 34
76 27
32 52
81 47
20 22
5 56
74 39
94 37
65 39
94 48
61 17
10 31
47 44
18 4
2 58
23 55
65 25
64 26
93 20
94 34
26 45
100 49
19 21
62 7
94 37
40 36
46 55
62 24
87 33
76 25
46 14
100 37
4 47
31 37
48 22
79 27
26 51
6 42
33 48
21 60
49 10
33 35
34 9
38 29
38 52
43 33
10 12
74 30
39 52
31 20
33 0
74 18
37 15
6 13
53 56
62 60
70 16
70 35
23 17
36 42
40 60
11 34
87 19
27 2
48 33
84 33
3 21
19 34
24 33
92 52
29 1
2 25
18 16
8 49
63 21
85 15
51 38
42 39
42 31
9 38
18 37
36 4
84 36
93 20
5 22
73 26
38 45
29 25
7 34
56 6
10 11
88 13
98 20
99 8
48 46
44 7
72 40
45 14
3 26
83 18
72 24
75 23
7 25
23 26
15 31
6 50
44 28
17 58
87 16
69 42
90 5
45 3
49 18
7 60
74 50
76 10
68 60
23 60
99 5
91 59
21 2
36 58
85 10
94 20
47 6
67 11
45 2
88 21
3 26
60 18
7 3
94 13
100 34
81 30
42 5
5 27
3 39
64 26
52 46
57 1
33 51
56 54
78 12
88 48
87 8
8 37
17 4
98 26
11 56
30 58
72 54
54 32
36 43
68 39
39 14
25 21
7 48
30 42
60 47
61 53
40 14
60 16
52 8
39 14
40 46
98 56
87 55
30 9
50 5
92 36
73 41
42 36
48 4
73 12
16 55
2 6
29 49
79 19
52 38
11 21
33 18
97 18
46 32
50 7
24 17
94 33
22 30
2 22
44 32
79 25
32 20
66 5
10 30
83 5
89 10
20 39
76 5
100 25
72 24
33 40
49 5
66 59
76 41
69 12
93 58
25 19
64 44
93 51
35 51
37 38
86 22
25 38
41 16
95 56
58 5
43 39
2 51
31 40
80 27
59 39
34 14
57 36
79 3
52 22
71 44
61 49
85 36
82 58
51 11
46 0
38 17
15 36
13 41
41 18
15 58
77 23
36 38
45 15
36 58
57 34
90 34
1 44
18 5
77 53
97 46
79 12
18 42
3 32
88 26
57 10
96 60
93 24
100 13
41 7
62 58
6 5
14 23
84 11
25 40
94 13
19 39
44 19
8 30
91 57
94 48
32 29
73 10
76 59
60 53
99 19
73 60
19 47
72 29
63 8
85 4
43 49
14 41
61 56
8 7
53 30
43 36
8 54
34 20
7 0
4 59
7 43
15 39
67 2
40 45
24 57
39 0
99 35
32 36
91 36
8 0
23 17
35 18
94 10
15 43
61 40
98 32
74 45
38 35
98 38
66 55
30 2
97 46
35 41
70 55
66 3
49 4
71 50
9 3
5 39
91 29
87 47
99 22
43 8
3 46
95 48
54 25
52 52
3 11
25 59
25 16
50 28
52 29
70 4
97 3
36 11
71 54
27 28
20 15
25 40
7 5
42 58
48 35
56 28
23 54
31 23
88 16
5 39
91 58
65 55
31 1
45 57
95 10
6 49
88 4
17 3
49 21
49 16
14 27
13 51
38 48
99 57
11 58
6 7
59 48
82 15
36 4
9 54
89 60
18 28
17 29
70 6
35 20
51 20
6 14
25 6
78 9
36 9
65 38
83 34
12 47
65 1
37 41
83 28
32 2
37 54
11 56
7 31
14 17
84 59
20 7
44 9
50 39
39 3
34 22
3 5
68 12
3 31
63 35
80 28
25 1
81 47
45 0
93 14
86 51
46 42
11 22
48 50
42 59
26 21
57 47
75 34
62 32
83 41
32 52
96 60
35 46
60 41
56 3
26 3
12 35
39 35
2 59
8 23
59 15
22 42
25 39
5 31
78 19
13 38
94 45
80 15
11 50
100 19
4 25
16 26
72 45
22 36
24 48
31 3
39 41
46 1
79 29
42 7
81 38
26 43
70 38
97 33
8 54
34 44
93 39
5 54
66 7
97 10
67 1
15 60
15 44
70 12
33 14
25 42
81 41
44 30
25 51
98 8
50 29
60 11
35 8
95 33
63 35
95 3
58 1
81 40
25 1
59 48
70 39
88 48
58 55
64 47
5 44
87 36
90 43
93 19
25 52
100 7
98 40
63 30
87 41
29 37
64 13
82 39
99 51
89 48
48 8
84 57
70 41
88 40
79 56
61 57
98 19
59 48
96 21
93 41
94 31
60 45
45 50
79 8
76 7
26 54
39 16
67 4
8 37
65 33
17 9
24 59
64 6
75 48
53 60
68 33
80 30
92 6
20 58
29 44
80 59
44 40
78 23
9 11
100 52
50 40
94 30
37 12
74 2
81 55
47 59
30 59
9 47
4 15
92 51
30 24
67 2
94 45
75 16
61 60
4 45
78 19
69 18
67 18
66 22
33 40
16 60
82 1
38 12
50 46
12 6
29 12
83 16
16 44
59 50
57 36
3 6
6 40
63 36
15 55
46 32
30 26
77 31
96 21
100 60
28 5
65 34
91 5
36 37
18 39
31 30
96 33
39 12
1 15
72 27
77 28
46 38
86 29
84 9
41 3
15 19
2 8
31 21
31 56
73 16
51 39
57 49
53 21
33 46
27 53
86 9
37 17
99 8
6 37
2 11
92 48
89 22
55 8
47 35
86 17
38 47
16 47
27 33
17 53
11 24
56 38
98 6
9 39
85 40
99 60
88 9
97 45
31 25
80 49
32 32
97 7
50 11
100 33
3 50
53 42
28 39
88 42
61 9
64 39
92 31
10 28
85 18
69 22
50 57
42 0
30 46
92 40
17 39
95 28
29 5
19 9
62 9
67 29
95 10
91 39
73 14
56 48
63 24
70 52
1 54
24 49
92 7
39 18
80 37
23 25
92 50
97 32
70 50
13 15
27 32
2 47
92 49
77 23
39 58
46 11
60 30
71 1
83 35
92 38
65 15
15 43
47 44
22 50
44 52
94 51
26 57
5 32
54 26
99 21
40 45
16 38
67 31
17 59
18 16
58 29
23 10
33 51
95 52
25 27
55 36
94 47
47 49
48 16
65 46
37 27
21 20
32 9
15 17
83 21
44 1
98 9
36 58
69 45
77 26
46 51
17 6
82 60
20 59
63 33
82 30
53 17
70 12
94 59
96 13
65 42
61 6
31 26
89 4
81 9
22 45
96 36
11 53
33 14
88 25
14 51
5 56
99 32
23 17
20 37
42 45
2 28
2 8
36 47
27 4
99 47
16 0
72 52
47 5
95 47
79 29
23 34
5 1
74 14
87 54
43 24
11 32
44 28
69 23
95 54
95 13
5 52
51 17
40 40
38 43
72 7
35 19
65 30
7 25
27 53
8 8
10 30
13 33
41 23
32 32
28 7
15 43
46 51
8 47
64 59
31 44
68 45
32 10
3 31
65 48
61 1
16 9
80 56
43 0
53 47
56 9
49 37
40 27
54 21
96 35
11 59
98 10
68 33
90 44
58 11
60 2
45 17
91 32
41 51
9 0
13 22
31 23
85 52
22 41
44 54
57 21
76 59
25 28
66 33
17 56
70 1
82 32
14 16
29 22
43 7
34 5
64 50
75 4
37 49
6 31
17 26
92 36
96 13
17 5
20 24
42 57
97 10
33 55
60 60
38 54
