1024 1000
58 38
27 20
84 12
64 30
55 11
35 2
25 42
1 60
80 7
26 4
87 29
34 10
76 53
96 24
81 23
46 1
72 58
33 36
61 14
70 48
2 39
54 10
70 18
58 3
91 57
12 55
58 41
98 27
13 38
62 41
71 6
52 20
83 59
46 33
90 31
65 13
20 34
84 3
7 10
60 46
53 48
35 60
87 50
11 37
86 51
10 7
80 13
16 29
2 25
85 44
28 54
42 54
1 21
16 17
92 14
68 7
78 10
59 13
2 9
97 11
10 30
89 60
11 60
92 1
20 51
75 24
63 52
66 32
90 15
26 51
69 47
62 32
12 60
85 51
81 48
12 38
78 28
66 35
43 22
33 26
50 55
55 15
62 29
36 40
81 25
36 21
17 44
1 56
72 50
87 22
92 8
67 9
84 29
23 16
19 42
60 55
61 51
18 39
65 48
43 40
22 54
2 40
33 38
76 58
56 36
81 59
10 34
58 15
92 24
97 41
95 24
91 2
57 10
100 12
23 2
18 59
37 12
77 31
39 35
19 9
49 31
9 33
24 1
66 2
56 10
50 16
25 59
10 47
32 51
43 57
92 7
36 59
80 40
11 13
95 60
97 35
10 30
29 34
10 22
66 53
10 44
12 6
9 12
68 49
11 3
32 34
31 15
48 24
82 25
95 52
26 58
20 31
17 29
21 39
60 6
14 41
87 24
96 27
80 34
47 29
52 35
82 56
92 7
92 60
39 40
55 58
65 5
46 38
63 7
82 17
42 52
23 6
97 25
77 19
89 25
98 6
48 8
25 5
63 1
58 35
80 28
28 46
76 11
68 28
93 60
83 41
97 32
74 7
15 6
23 14
23 27
10 33
86 8
56 52
17 45
27 43
99 21
52 10
10 33
21 5
16 54
26 5
7 25
89 26
22 49
6 12
36 40
66 52
2 48
65 4
15 24
53 6
21 22
49 26
5 28
68 45
7 30
70 19
29 56
80 11
18 39
79 58
26 52
6 47
23 56
47 47
22 39
75 50
91 23
91 10
89 21
71 47
100 20
93 43
73 60
49 58
77 16
62 50
21 29
10 37
83 43
69 60
30 57
14 21
59 47
18 19
60 31
76 11
20 16
21 15
36 48
44 17
98 18
66 8
24 27
49 23
8 47
82 54
100 28
51 18
58 35
30 42
72 23
15 9
76 26
83 7
25 31
88 29
31 27
21 15
46 37
67 15
49 5
34 34
77 32
23 12
8 2
92 47
60 50
50 43
28 25
71 45
28 18
80 7
66 50
86 15
40 24
91 2
60 60
70 37
52 27
28 42
72 9
63 22
20 53
6 57
27 41
33 7
62 48
99 24
73 35
27 4
60 57
31 39
97 32
2 39
49 0
67 40
50 19
44 46
93 2
51 19
63 47
49 44
58 39
19 26
40 34
97 48
76 14
35 24
82 56
89 17
57 4
21 45
26 21
95 27
95 41
11 29
4 4
43 41
83 42
70 51
59 1
6 27
88 14
84 48
57 47
14 48
8 57
79 52
8 36
15 17
62 58
90 32
45 56
48 57
100 29
4 54
11 7
86 28
60 48
56 9
41 13
75 58
12 31
62 27
89 41
80 60
82 20
23 25
9 31
27 33
78 57
100 0
86 52
17 40
67 9
55 52
47 41
14 48
59 60
45 16
32 9
71 13
30 21
4 57
84 16
33 20
69 58
35 10
75 2
54 18
30 51
15 11
28 1
59 22
9 20
73 8
75 6
6 28
31 54
69 20
86 12
44 19
51 49
80 48
3 5
53 42
79 22
87 26
84 11
15 9
62 55
15 43
4 31
25 44
11 17
80 60
57 57
69 14
59 32
30 41
21 14
27 60
77 5
76 16
40 10
91 46
37 52
47 43
12 3
48 28
91 58
45 5
49 42
32 5
29 38
57 22
31 9
59 41
9 45
51 25
16 18
13 21
53 53
23 56
41 5
85 50
78 12
7 14
44 41
54 4
64 32
12 18
86 46
59 8
65 41
16 16
65 15
41 9
43 6
24 39
64 37
38 44
22 24
100 5
42 23
10 60
34 5
65 1
86 57
12 8
20 49
79 0
68 3
28 6
45 5
99 25
6 18
44 21
50 9
90 16
75 47
22 31
16 44
14 21
11 36
92 38
90 43
18 5
25 41
14 2
13 5
72 43
50 10
14 0
34 18
89 30
53 23
11 33
28 36
6 58
29 20
3 9
98 3
79 32
66 6
88 6
64 10
67 18
86 50
13 7
81 44
6 23
32 27
41 53
34 20
47 1
66 38
81 38
20 38
9 56
73 55
46 42
92 1
69 2
99 21
30 0
57 12
41 19
76 21
15 16
73 37
41 9
67 38
31 41
94 11
62 29
66 16
58 53
37 4
43 22
76 28
39 21
27 14
83 47
12 20
96 17
23 41
33 17
38 26
60 23
1 15
53 41
27 14
57 3
78 49
49 7
63 33
42 7
9 59
64 55
64 3
65 0
18 38
98 6
55 57
91 10
26 58
74 20
8 8
78 52
40 49
57 44
16 59
33 21
95 53
16 19
60 7
18 52
16 59
4 56
26 3
73 16
3 0
47 57
42 14
94 10
31 47
90 50
2 25
46 27
74 51
6 43
10 14
90 0
12 34
2 42
79 15
93 16
62 40
67 11
86 42
6 7
92 55
69 14
13 26
98 14
4 3
62 4
14 49
13 23
91 27
51 31
43 26
40 51
31 55
8 1
6 34
19 21
92 36
88 45
11 11
70 42
52 3
4 32
18 2
99 42
37 57
93 20
27 22
77 56
79 36
72 42
99 14
78 24
43 49
17 40
90 36
63 27
3 10
52 33
72 13
63 51
25 19
53 17
70 8
2 39
15 53
84 35
93 5
41 17
51 6
38 41
15 4
82 37
65 2
68 4
31 18
73 7
43 47
83 5
3 1
38 10
3 42
31 33
81 17
100 42
100 12
48 48
96 29
99 60
39 37
58 17
70 24
42 21
57 35
59 40
27 2
29 56
60 17
30 2
81 50
71 51
7 5
98 57
17 60
39 0
67 39
99 42
43 6
51 58
14 3
82 40
69 47
38 28
15 35
27 30
7 53
84 15
15 8
43 16
6 11
41 33
16 12
39 6
100 4
2 34
40 44
68 11
39 32
7 21
79 19
41 11
25 1
6 28
64 48
52 26
28 15
30 55
98 29
55 52
66 38
65 10
4 32
82 17
89 25
52 17
23 27
96 21
26 52
99 25
45 31
45 22
64 30
100 9
89 41
65 26
85 21
38 41
71 52
82 33
28 36
86 29
24 14
15 50
28 56
31 40
65 8
40 22
11 50
4 16
40 60
90 10
93 16
11 0
97 17
23 6
61 18
57 45
99 23
20 45
2 2
76 12
13 0
45 38
31 31
43 23
91 58
23 60
45 59
68 27
82 54
74 12
90 25
28 35
59 27
81 13
17 15
63 16
87 40
22 30
21 18
34 48
76 38
21 55
79 6
96 21
24 53
65 15
60 24
95 25
6 30
25 48
32 57
68 49
9 45
50 0
74 36
97 51
16 5
68 49
54 60
96 13
41 43
23 19
50 39
20 21
92 41
14 6
33 23
81 47
73 22
32 36
78 33
68 41
88 34
72 20
41 7
62 51
98 38
61 4
39 39
38 11
91 25
78 34
66 26
37 38
77 33
49 47
34 0
49 52
33 56
36 10
85 8
79 42
10 28
49 13
36 5
43 15
46 17
97 51
84 45
36 52
83 15
13 50
15 57
92 30
45 60
33 8
53 48
92 32
79 40
65 50
66 34
90 29
60 21
18 59
94 7
46 14
95 48
73 31
61 15
36 1
49 8
18 18
28 3
70 12
95 25
88 41
5 17
59 6
49 33
74 20
65 31
47 18
17 4
11 38
81 9
83 42
45 19
10 36
68 60
74 37
43 46
29 48
84 11
52 35
66 48
57 43
8 2
33 3
17 47
20 7
24 30
47 31
84 22
55 30
3 33
41 41
20 21
75 13
93 38
45 3
64 45
63 41
63 27
56 38
91 29
68 2
64 57
56 33
23 21
22 13
84 31
26 17
28 18
54 38
77 6
21 8
66 35
60 35
46 55
10 56
45 57
33 33
21 13
95 18
68 47
85 47
97 51
80 17
90 11
91 9
36 29
26 33
95 0
2 47
24 42
67 49
39 53
88 49
81 0
1 17
57 35
30 6
9 14
43 37
94 26
78 53
93 21
23 49
41 42
20 41
26 45
86 51
5 51
63 50
40 36
94 34
81 54
35 58
80 13
73 27
56 26
86 49
51 12
4 0
7 25
98 25
89 46
11 15
67 26
51 32
95 8
94 18
29 18
9 41
93 35
89 51
28 20
35 34
90 34
61 29
2 19
91 28
76 21
59 16
70 46
11 30
87 14
97 15
28 59
28 48
45 52
66 30
40 44
91 56
86 22
12 2
20 41
31 53
8 2
10 37
32 46
98 38
27 30
78 1
34 1
65 55
