705 132
50 19
12 16
43 6
35 9
4 60
22 31
77 50
17 20
13 60
23 40
18 32
77 58
69 49
58 57
15 48
40 51
38 37
54 35
79 26
88 44
28 60
7 45
80 57
70 12
83 28
38 34
29 2
81 37
10 39
3 56
71 43
19 13
83 60
85 17
50 7
96 27
34 56
12 15
87 37
85 2
92 29
63 50
51 30
10 5
90 54
26 30
17 32
99 34
92 20
14 12
49 33
75 14
85 30
62 7
93 19
85 26
49 2
2 17
65 31
8 60
67 24
42 52
68 28
98 12
13 33
2 49
8 6
54 54
64 44
69 14
12 26
84 59
100 30
11 35
65 6
4 8
31 5
50 58
72 41
26 8
52 10
47 45
90 38
49 24
89 31
3 9
39 57
98 37
68 27
64 40
78 22
78 14
36 41
20 5
80 49
83 23
34 10
56 52
13 42
15 14
59 31
77 25
25 12
26 20
68 52
49 31
91 38
23 26
99 15
82 55
93 18
51 20
89 21
68 20
55 43
48 35
51 51
64 15
2 27
19 18
31 42
38 7
69 53
71 15
18 16
24 1
22 31
99 5
29 8
39 2
87 40
95 13
