339881780166466072 6135
15 16
50 60
32 52
90 60
59 51
89 41
51 8
12 10
14 51
7 43
3 36
61 29
76 23
50 59
16 31
41 39
62 50
6 13
76 5
54 32
5 48
4 48
39 34
77 32
21 11
69 28
98 56
40 26
67 56
45 39
13 45
74 45
28 40
67 60
22 5
8 44
73 4
66 30
71 5
57 54
46 50
60 15
69 18
100 40
82 32
68 13
53 59
24 19
75 10
93 44
2 26
71 27
96 39
29 41
96 21
65 30
81 14
34 27
80 22
17 46
85 55
82 33
23 13
10 48
60 59
51 54
73 36
36 13
28 41
63 14
94 45
6 38
19 53
21 7
19 8
23 44
18 8
84 53
18 51
13 35
59 35
88 60
61 57
15 51
34 45
98 25
41 60
93 35
91 56
6 43
85 48
13 33
5 31
84 34
79 47
100 52
7 57
59 36
45 32
75 23
41 12
14 40
83 41
89 35
11 31
16 55
11 10
73 29
97 30
46 20
67 35
54 13
100 7
45 36
60 10
78 4
89 37
94 41
82 26
61 15
79 36
11 35
76 43
97 34
8 47
10 31
97 3
25 1
17 42
10 48
75 50
27 9
7 25
89 48
98 20
59 26
33 28
68 40
30 55
12 20
66 47
54 13
8 31
44 56
43 18
14 51
27 5
75 45
42 53
87 48
28 41
51 39
96 6
53 51
83 25
12 31
85 59
96 38
57 58
83 31
95 36
85 13
94 16
27 5
92 26
84 41
72 30
2 27
36 57
32 14
55 40
22 50
7 54
76 49
9 38
61 23
15 40
27 32
87 34
47 25
1 33
43 47
41 29
50 56
77 37
89 8
90 18
3 5
51 34
62 45
82 39
68 34
100 46
42 46
11 55
67 44
44 34
27 57
2 7
22 39
41 32
29 13
98 56
62 51
14 24
32 11
75 23
9 43
15 18
24 38
34 32
18 58
82 31
93 22
85 22
20 14
99 57
20 29
42 14
21 29
2 8
47 15
41 6
15 39
90 26
89 37
24 19
22 5
80 35
28 28
62 11
82 53
87 41
94 9
13 16
85 1
20 55
7 60
62 33
60 5
7 5
60 2
21 40
98 23
40 13
62 35
37 16
53 7
84 49
62 34
21 54
78 2
16 45
20 40
74 52
91 51
17 49
34 4
79 56
62 10
50 45
13 55
52 14
75 5
15 52
7 59
93 47
2 46
57 39
16 46
95 32
44 6
77 40
54 4
19 50
49 55
91 26
90 3
23 6
19 45
74 27
25 57
69 52
30 49
86 17
60 13
31 27
79 50
14 52
53 36
56 31
46 12
84 34
38 59
76 13
81 53
31 28
6 41
86 12
39 49
16 55
7 13
50 21
87 55
79 57
99 59
55 21
95 53
25 0
42 19
95 3
74 47
19 42
46 60
24 52
9 54
54 7
15 12
14 10
40 32
12 60
2 10
7 16
79 51
6 20
66 41
41 12
20 29
97 45
26 36
50 7
72 21
38 53
12 27
61 31
60 44
51 10
22 16
13 55
18 37
32 0
73 13
58 49
87 44
32 55
88 56
93 54
7 29
74 20
98 43
46 11
87 33
55 29
74 38
4 46
94 11
46 36
55 33
78 24
65 6
100 17
5 3
11 45
86 31
91 35
40 3
70 23
94 5
83 39
33 13
85 3
14 41
8 19
28 46
75 25
43 25
72 24
10 41
12 32
85 44
38 4
94 4
76 28
50 13
75 52
54 59
75 27
69 34
73 58
88 56
37 45
73 12
5 49
76 30
45 41
39 10
13 19
99 40
6 40
38 9
29 26
86 40
89 31
74 49
99 26
13 16
31 22
52 15
24 46
51 52
76 11
95 52
49 11
19 27
82 39
94 47
41 46
98 60
58 56
7 3
96 17
66 51
30 32
5 24
38 37
76 18
7 32
51 47
5 18
24 26
23 14
85 56
33 3
26 21
77 41
1 49
94 51
33 18
27 12
52 11
28 40
1 34
98 43
11 21
67 29
80 53
10 24
57 11
32 46
29 30
28 21
88 20
14 49
13 17
25 1
17 39
1 26
82 17
15 18
87 0
60 41
62 55
15 31
26 1
77 23
53 6
2 5
24 0
18 48
5 55
43 50
7 32
34 32
71 53
63 47
43 31
73 14
29 44
59 58
65 12
33 22
57 15
69 56
91 47
10 26
39 34
97 54
75 56
91 8
36 25
69 22
81 7
10 14
36 43
14 39
4 27
34 48
23 8
12 4
9 37
66 58
67 50
42 50
25 39
62 13
5 54
38 33
31 29
45 55
34 57
11 25
1 14
10 44
30 16
65 58
32 46
95 1
59 17
12 18
87 39
20 44
29 2
78 35
71 21
52 43
4 35
87 1
65 55
43 59
17 39
99 14
39 15
86 28
66 37
17 6
57 15
73 60
100 26
80 60
96 37
51 48
62 32
61 32
6 24
31 1
5 21
34 26
71 29
80 49
31 5
63 30
100 5
2 10
95 33
26 35
3 25
54 40
29 1
74 51
5 31
7 59
83 5
28 2
5 16
60 28
23 7
26 2
3 7
100 60
40 46
11 13
43 22
80 13
68 10
33 22
83 19
38 55
45 36
53 57
28 30
49 4
56 4
78 37
68 18
95 28
52 29
51 36
60 31
76 55
45 18
21 58
62 22
43 44
24 8
89 28
73 37
82 57
50 0
49 22
30 15
35 9
42 12
43 23
91 14
48 59
62 19
67 19
77 18
79 41
83 22
7 12
98 42
63 38
83 27
60 46
82 55
7 55
34 39
18 53
84 48
17 32
39 43
93 36
34 16
61 57
49 2
35 23
25 35
97 35
20 22
7 10
80 29
31 9
12 27
49 46
54 34
10 55
23 4
18 56
51 48
61 55
33 17
11 3
7 17
91 46
86 31
93 35
43 32
97 24
18 24
45 50
26 52
81 17
43 4
28 1
4 34
56 5
70 14
39 50
2 12
38 0
36 10
27 51
40 12
54 25
34 59
38 55
21 36
43 3
2 10
79 11
55 42
50 24
18 12
65 40
33 54
95 31
83 52
74 56
12 8
9 12
3 37
10 3
12 16
82 40
27 50
45 9
36 60
20 40
61 39
57 8
51 17
20 44
5 52
91 1
41 1
8 12
14 38
84 27
92 28
65 20
2 46
14 24
26 21
98 49
81 36
85 11
62 32
78 11
57 38
7 19
81 58
64 14
43 36
88 46
31 55
33 28
70 29
41 34
7 49
18 49
7 42
24 2
1 4
42 58
71 16
77 45
36 27
96 28
37 47
51 56
48 42
50 46
12 26
75 11
98 37
34 7
72 0
6 36
19 49
13 41
35 5
81 38
64 1
68 41
7 55
6 30
18 59
14 32
50 2
93 0
5 49
13 40
59 31
90 36
66 57
33 34
96 24
97 51
84 47
99 48
94 48
24 0
68 59
60 3
80 31
85 13
72 38
85 18
63 39
69 38
89 14
81 31
56 35
15 21
13 56
46 45
78 24
63 7
45 60
17 42
1 58
70 1
77 13
10 42
3 13
95 39
97 38
65 50
50 30
81 40
4 4
45 37
99 41
31 25
100 12
85 0
50 40
65 43
68 7
89 34
70 54
59 12
3 59
30 37
36 12
34 60
72 0
74 12
39 35
89 33
8 53
21 15
41 37
66 19
64 28
5 22
61 41
62 42
49 1
20 47
6 50
88 45
21 34
90 0
34 5
47 45
25 22
75 41
57 0
74 16
12 60
50 36
51 10
19 4
4 11
28 57
88 58
46 17
99 25
96 54
87 0
11 14
65 49
6 60
75 48
94 43
63 25
5 42
32 25
11 28
30 10
23 8
77 0
11 55
23 28
99 25
93 57
37 17
63 10
26 7
14 4
80 2
72 32
35 48
66 35
81 12
12 1
88 16
3 26
26 21
3 54
34 7
76 42
100 49
6 39
2 56
83 20
55 36
34 10
6 58
12 55
41 47
54 45
59 11
35 34
86 31
88 41
3 5
12 42
9 53
59 9
88 43
47 49
90 52
57 53
35 20
18 32
7 2
81 46
86 13
31 12
95 24
100 33
38 32
82 42
45 57
74 53
98 26
34 7
20 31
20 35
74 21
81 47
33 17
82 6
19 59
23 14
64 14
33 13
92 21
36 27
23 19
42 15
60 56
92 28
96 50
55 31
34 30
21 6
37 45
72 56
82 41
20 1
89 51
76 23
46 6
12 50
40 4
4 15
11 5
80 29
48 36
37 26
23 53
33 30
52 37
54 28
22 21
8 8
99 4
38 11
20 41
28 13
78 17
42 3
43 14
71 20
27 54
14 39
81 23
71 31
65 51
84 1
32 30
92 34
98 22
71 20
51 31
40 8
64 8
92 26
58 54
53 17
85 0
54 23
93 50
64 58
50 24
98 0
63 55
20 3
19 42
40 9
38 50
79 49
1 47
17 26
88 28
10 5
17 24
35 22
22 21
63 48
98 17
25 22
9 15
58 55
99 48
50 50
88 16
16 0
61 30
56 18
11 50
4 39
67 1
52 28
31 8
81 6
80 31
10 8
10 44
56 14
92 27
66 19
32 37
73 53
18 14
97 49
93 28
54 29
50 46
2 33
69 40
57 33
93 36
78 25
92 2
99 36
51 12
27 46
72 21
80 6
53 32
100 51
18 6
44 59
73 13
52 48
92 15
42 57
29 2
94 49
96 55
25 59
89 38
33 33
50 55
84 3
59 48
92 16
42 39
5 34
46 46
100 35
62 38
60 12
28 56
40 2
28 8
12 5
81 43
22 23
5 49
52 36
52 21
85 8
38 30
100 11
79 20
50 19
99 57
50 13
94 30
49 1
28 41
8 14
13 50
85 53
3 55
21 24
53 21
11 45
57 35
63 13
46 32
34 4
39 11
19 58
41 13
13 56
37 60
28 19
69 6
21 27
42 2
7 43
75 10
100 55
40 19
11 20
18 40
28 45
85 59
32 13
59 50
7 53
7 55
100 44
18 45
45 30
84 29
7 44
79 13
85 30
77 40
93 52
65 40
51 3
76 46
38 29
4 22
24 10
66 18
87 38
47 33
92 16
15 42
91 49
87 47
16 29
47 17
49 6
79 13
75 7
2 54
53 4
68 14
95 11
6 29
36 57
32 33
40 1
6 28
58 30
8 49
75 27
1 39
7 54
51 26
65 36
51 31
44 17
22 6
60 50
47 27
1 30
32 30
62 46
8 6
71 14
30 27
80 16
31 48
84 43
58 24
27 58
44 9
1 6
37 44
61 42
95 46
85 9
15 26
57 24
19 44
55 56
88 3
30 44
45 40
90 23
36 44
73 49
40 28
60 15
29 7
94 21
15 35
61 55
26 54
58 40
91 28
25 38
54 56
84 22
87 29
86 33
49 58
90 38
87 48
82 31
43 59
57 2
22 47
91 51
71 10
5 0
79 58
36 59
16 21
29 26
14 21
92 39
62 20
61 59
8 21
46 39
1 32
88 55
69 60
41 47
26 42
13 24
22 45
84 9
81 1
3 48
78 38
10 8
85 56
96 57
36 43
40 38
48 47
25 0
37 41
28 45
65 49
43 57
2 12
27 6
51 54
24 50
79 33
91 47
9 37
72 24
34 54
46 33
67 43
93 24
81 44
11 30
13 21
7 26
12 35
67 36
48 0
64 18
51 11
65 32
54 31
5 27
55 48
96 28
66 51
30 18
70 40
74 1
22 20
91 51
13 43
49 21
92 13
32 30
66 52
58 30
2 7
80 5
86 32
42 43
59 29
89 11
56 43
27 56
82 25
16 2
64 33
44 50
87 31
20 52
6 13
11 51
48 19
38 10
18 18
1 39
13 9
72 27
4 25
35 57
90 3
38 30
57 50
16 24
20 32
32 12
69 17
76 45
59 8
72 35
40 46
92 27
70 4
50 5
47 46
39 13
2 7
33 33
7 41
16 46
1 16
26 32
55 14
86 34
15 31
27 27
88 18
14 9
44 27
91 41
89 53
89 23
74 16
47 45
38 10
10 45
96 11
92 16
4 8
47 37
59 5
69 25
2 11
86 38
41 52
23 14
69 51
56 54
82 32
14 30
69 34
23 12
45 36
83 52
30 4
39 49
14 25
70 28
55 58
77 41
73 42
14 21
10 13
17 13
30 6
87 8
53 25
51 45
25 48
94 49
1 7
95 47
60 2
91 20
94 37
96 40
21 45
31 20
40 26
23 35
70 30
44 46
95 20
50 30
4 37
82 18
24 12
66 48
3 55
2 58
65 34
98 56
68 30
100 19
78 40
52 53
15 31
84 56
58 16
93 6
1 28
75 2
21 37
36 8
33 4
47 2
86 40
75 31
3 11
26 48
47 36
61 59
20 4
87 44
74 12
92 8
20 25
6 40
2 18
1 18
46 53
5 0
13 50
27 40
38 47
34 16
34 49
10 17
98 14
88 57
23 7
11 42
55 43
5 56
29 5
59 58
95 54
76 48
86 32
13 54
45 17
21 47
24 25
46 35
5 17
16 3
16 9
29 31
69 58
45 38
77 32
81 59
66 11
94 8
53 8
23 34
78 40
32 27
79 38
89 0
88 15
29 52
32 46
9 32
43 3
98 59
35 53
45 20
10 47
85 11
86 10
82 43
15 7
60 46
33 4
73 52
61 22
96 24
3 16
27 15
17 13
75 2
18 45
40 9
35 24
74 45
82 16
88 34
84 40
19 7
70 8
3 42
47 9
42 2
35 29
34 5
66 24
19 52
64 18
19 38
26 22
44 21
93 12
54 2
71 54
24 13
5 4
54 13
40 21
53 30
95 57
84 10
71 10
74 10
84 56
28 26
5 28
22 47
71 15
42 51
58 26
10 51
47 38
67 49
77 28
55 53
92 14
78 54
63 49
97 32
16 24
92 38
8 40
11 6
21 58
53 54
13 5
51 50
42 47
14 2
26 25
9 55
12 57
24 41
44 17
98 45
46 49
63 4
75 21
11 58
75 14
17 50
46 5
57 35
64 10
59 31
72 45
24 40
17 13
82 28
18 15
63 56
20 17
46 44
56 42
19 37
58 32
100 1
38 42
13 24
63 44
58 53
40 36
48 8
85 44
2 36
86 54
23 45
53 13
68 32
74 38
12 39
82 4
22 9
79 60
60 5
77 25
61 19
43 37
38 44
81 39
43 29
26 58
29 42
1 35
43 44
57 37
35 5
37 18
93 41
57 12
91 13
98 8
73 51
84 14
10 19
63 10
90 50
58 42
38 15
93 4
74 56
31 48
71 55
39 4
11 39
65 28
21 53
56 4
28 35
7 6
44 43
21 58
3 45
2 35
38 22
37 34
53 0
82 24
19 18
37 5
29 6
69 1
58 53
61 22
70 1
32 17
20 13
51 36
54 56
1 40
38 37
83 30
66 25
92 4
87 43
37 23
34 33
47 4
26 9
19 17
18 54
46 58
59 30
29 4
99 0
15 5
84 35
86 19
92 28
95 56
77 10
63 36
84 28
38 14
56 28
74 15
14 57
44 51
3 0
99 53
73 31
90 47
76 23
41 29
40 40
96 38
85 47
64 17
93 17
89 42
9 58
73 0
20 42
88 29
87 44
53 2
52 50
60 31
67 1
42 42
2 49
86 33
54 60
54 32
1 27
25 25
32 53
3 7
6 59
59 58
67 34
89 43
56 52
24 15
29 48
93 42
84 0
76 13
99 36
3 48
55 3
68 43
72 45
34 24
32 39
78 11
6 29
75 5
83 19
97 36
20 53
27 3
53 25
27 31
39 3
1 26
14 47
53 45
42 32
93 8
57 35
93 6
3 23
43 3
93 15
33 15
3 8
35 16
71 4
3 24
95 44
30 25
58 22
70 19
3 32
14 47
72 48
57 30
99 51
99 3
65 50
59 52
87 32
58 0
77 19
28 17
27 2
36 11
88 19
86 10
41 9
92 21
66 38
53 30
36 45
35 31
87 44
24 20
51 8
17 6
91 60
36 19
42 10
97 34
13 43
76 1
81 2
73 9
54 51
69 10
62 25
41 11
51 27
1 8
24 54
52 52
55 40
35 21
44 3
39 32
70 5
75 46
10 5
6 59
14 50
17 25
87 29
95 10
8 41
78 39
4 25
27 53
64 1
7 21
37 13
39 39
53 10
25 53
78 16
37 4
59 42
9 56
49 50
23 28
81 16
31 34
72 56
70 55
83 26
95 36
16 34
5 5
41 52
19 2
65 17
63 9
67 22
73 0
5 40
27 12
17 56
9 55
17 33
45 38
65 10
89 42
29 43
88 42
33 30
10 49
100 47
28 9
86 3
58 44
29 8
33 0
85 2
59 29
52 28
30 22
21 22
84 56
93 43
60 43
88 20
57 36
77 22
14 1
100 35
47 55
97 30
10 9
7 3
10 29
27 53
58 56
33 55
14 34
70 24
48 56
4 58
70 20
91 23
67 2
53 59
11 19
81 57
83 28
22 9
84 6
74 29
39 49
38 5
19 27
22 57
80 48
52 3
53 5
97 15
18 4
23 2
51 4
84 15
25 52
85 17
5 38
100 35
70 18
18 45
9 17
95 59
74 39
86 17
66 40
91 24
26 15
48 38
87 42
66 19
51 50
41 38
28 32
94 16
50 8
48 14
35 30
4 5
72 41
71 59
96 42
49 21
92 9
78 19
36 43
28 57
59 56
97 41
17 60
24 31
20 25
17 21
90 23
34 59
72 25
87 10
26 54
76 49
47 24
37 44
44 37
93 7
40 25
50 53
69 46
18 55
83 55
39 28
92 58
76 54
27 8
11 46
16 1
39 21
15 27
69 25
38 5
14 12
82 38
92 24
1 45
60 33
24 11
69 50
53 17
99 20
41 38
59 45
38 36
40 56
76 43
57 25
93 29
18 14
55 57
21 11
78 42
37 41
16 54
1 38
83 5
34 3
65 30
75 1
33 19
80 11
52 45
35 6
89 39
7 36
25 43
21 35
39 12
84 1
59 53
46 18
32 43
76 42
9 51
6 40
98 31
77 29
84 5
1 43
95 35
69 50
34 8
39 18
28 6
78 58
35 60
86 16
5 35
58 42
22 58
84 43
96 41
86 48
46 48
90 15
4 3
2 32
10 20
4 32
93 50
95 55
91 12
39 54
98 2
85 28
42 45
25 46
68 11
90 33
36 23
39 48
11 43
70 13
54 33
92 14
65 5
18 17
92 29
45 40
100 0
31 32
15 10
96 10
75 7
33 58
75 44
39 23
55 18
62 22
85 3
31 46
88 59
87 17
74 53
96 5
97 53
96 4
24 9
6 17
41 19
71 54
11 4
97 49
95 15
29 38
88 40
27 36
93 13
14 28
15 20
21 20
10 1
51 24
36 32
39 51
9 31
58 10
59 30
96 48
31 15
74 6
10 29
80 28
71 35
90 10
23 35
7 54
82 25
5 18
77 19
57 60
16 3
64 9
94 52
56 47
9 1
82 37
8 12
99 32
41 11
15 32
57 27
81 51
91 27
77 57
80 45
1 30
85 4
49 0
86 13
96 18
24 13
95 6
17 40
3 47
38 29
18 50
91 57
1 49
63 6
96 20
71 21
64 25
97 31
73 6
3 33
74 49
28 39
18 4
21 5
43 0
85 0
75 8
75 3
59 32
3 36
60 19
36 43
56 42
76 1
6 17
51 6
53 36
60 21
38 18
62 0
63 40
18 45
92 47
74 6
53 2
90 13
38 24
89 26
18 0
31 23
49 9
90 17
54 57
28 17
44 43
16 30
79 4
47 59
54 23
19 56
36 50
72 36
43 26
51 1
1 33
17 0
99 7
53 20
77 59
44 9
35 44
16 39
98 0
41 18
41 38
54 7
89 43
61 11
75 5
61 58
94 33
23 2
27 6
50 10
43 0
84 56
64 40
82 3
4 0
50 28
75 38
72 30
75 18
13 17
14 12
73 4
66 51
82 0
76 45
44 43
7 5
88 26
10 54
68 32
85 53
86 46
36 23
38 54
23 29
72 60
91 59
9 33
69 23
29 52
82 56
23 22
27 55
77 14
42 10
47 12
76 14
14 49
92 20
74 8
32 5
39 51
98 22
22 41
82 39
18 37
72 45
44 8
2 41
69 8
74 3
94 56
51 21
92 39
57 22
57 30
2 3
51 45
62 21
19 11
46 50
89 31
21 59
28 24
13 26
54 33
57 24
66 14
53 27
32 4
61 54
82 57
97 33
97 31
55 18
73 55
59 57
82 31
15 22
47 25
74 40
98 46
12 43
73 10
35 41
49 21
92 53
59 47
30 40
65 46
6 57
47 21
92 15
12 47
44 11
5 32
54 48
80 13
90 40
66 45
49 3
78 34
73 8
19 56
72 23
11 17
56 34
60 30
58 42
58 0
7 41
76 37
17 25
15 59
90 14
22 48
66 36
8 27
50 28
6 16
18 14
74 2
55 44
18 51
57 33
8 40
20 20
24 36
23 42
91 27
34 7
53 24
44 20
32 49
88 3
66 55
6 3
35 42
4 1
17 56
15 59
57 13
97 57
23 60
78 27
77 40
35 43
93 39
85 5
58 33
58 58
3 48
88 18
69 27
98 27
3 49
98 1
65 34
77 14
54 11
62 23
23 55
12 12
53 57
20 58
19 37
82 24
52 13
32 11
70 4
62 44
23 26
84 55
59 48
5 24
51 51
68 3
58 22
55 17
86 35
1 46
68 54
70 32
80 58
79 48
9 30
69 20
5 5
11 27
37 43
28 43
35 25
58 20
41 60
58 41
25 10
19 24
74 43
26 3
66 43
9 29
71 57
84 34
55 41
76 36
29 52
92 24
86 31
1 55
74 47
91 37
45 7
40 9
37 2
96 9
14 50
51 6
85 0
21 46
67 41
85 24
40 19
28 33
77 57
73 12
97 24
57 12
63 52
58 36
12 0
64 51
31 9
25 43
94 40
93 4
28 17
1 4
67 29
4 28
10 42
50 10
48 16
25 11
39 44
59 16
35 13
53 39
11 3
26 46
83 54
75 17
86 4
62 22
91 28
65 15
51 21
2 50
55 7
86 56
1 11
87 30
88 54
9 8
1 29
100 44
28 21
35 5
49 49
50 15
18 29
23 56
16 4
74 15
40 33
34 28
62 31
37 41
32 53
75 33
97 8
34 1
30 5
31 14
23 1
60 56
20 34
19 59
17 8
33 45
96 54
100 33
81 47
27 53
61 55
52 15
92 54
58 3
23 11
80 30
90 2
3 15
59 20
77 54
6 56
43 55
94 40
27 36
68 20
88 43
59 0
34 19
60 37
36 59
38 8
87 54
10 57
66 34
42 4
50 7
6 35
47 33
80 60
43 2
70 43
24 39
17 24
82 39
40 31
54 34
68 20
77 53
89 16
30 18
31 20
98 6
5 5
20 10
23 60
68 29
54 34
29 45
7 43
72 27
39 30
24 56
68 41
82 3
81 49
32 14
60 43
16 8
39 19
15 9
73 2
13 6
39 27
93 59
78 14
82 3
21 22
80 60
23 38
12 34
1 0
85 51
63 56
44 54
24 10
23 48
71 40
12 24
13 3
60 16
30 34
43 54
20 16
14 6
7 9
44 39
37 36
46 50
59 45
36 52
64 0
46 30
43 56
75 48
99 50
86 3
36 6
80 8
14 39
54 19
1 38
44 55
94 18
19 23
99 48
7 37
27 4
11 26
22 48
78 14
1 57
21 17
34 8
6 51
31 11
82 19
54 29
26 33
80 47
71 32
75 38
58 49
98 35
89 48
72 59
73 27
53 7
7 33
33 46
35 11
80 23
71 26
63 45
36 50
82 52
25 29
33 44
32 39
30 13
30 26
28 36
74 10
91 42
92 56
63 6
79 54
78 47
56 15
62 56
47 19
13 6
69 36
3 1
72 29
3 6
69 10
79 55
77 19
90 39
36 42
100 15
34 34
41 60
85 34
93 42
9 21
75 0
13 57
60 48
15 46
95 14
13 54
67 2
13 20
35 26
65 12
30 27
30 55
69 22
38 31
31 36
65 10
92 33
39 54
87 56
93 31
60 28
94 7
80 6
75 40
26 4
65 32
67 17
69 33
48 18
12 44
16 49
82 34
76 25
98 26
11 34
88 8
14 14
18 19
23 58
15 55
56 22
88 54
73 22
61 23
83 22
8 44
100 36
77 36
15 23
36 7
43 45
84 24
49 15
38 12
7 6
12 52
82 29
69 24
87 1
75 46
20 12
5 35
56 27
53 24
28 34
74 11
46 25
77 6
95 5
100 38
61 23
100 22
63 37
76 3
21 57
94 24
96 44
99 31
65 53
13 53
45 56
84 14
23 59
49 14
89 48
42 5
42 3
59 2
30 16
69 50
46 10
54 20
29 47
13 59
38 13
77 38
87 51
91 25
46 47
27 30
69 25
81 4
42 32
94 37
69 58
16 46
53 17
71 2
53 53
60 18
78 59
26 52
28 48
83 53
46 49
70 56
5 32
91 4
17 42
6 23
78 18
10 55
98 23
22 21
11 3
71 53
31 19
39 11
32 17
94 36
90 22
37 24
45 23
73 28
16 50
100 17
85 55
87 31
2 33
30 20
18 20
55 10
42 15
72 19
20 4
38 8
75 13
21 45
12 53
69 56
35 47
12 50
71 11
35 56
34 4
4 54
55 29
17 33
58 42
22 11
87 42
53 29
23 54
77 28
80 54
16 24
63 28
19 53
82 32
55 2
25 48
52 52
55 16
19 15
24 53
84 13
99 30
26 48
71 0
31 48
96 25
79 53
91 19
1 51
31 54
26 29
54 32
81 55
32 30
69 15
96 57
5 30
71 9
75 59
50 55
14 17
22 52
59 49
58 28
92 10
49 23
42 50
17 42
61 17
28 27
19 2
27 49
59 9
51 53
13 57
29 27
74 31
85 31
25 58
44 10
11 43
74 55
91 48
79 20
8 34
49 20
41 59
67 1
40 0
77 54
28 55
20 6
51 30
57 27
97 38
2 25
48 42
99 10
92 58
78 60
21 5
92 6
93 33
9 23
73 55
72 33
22 24
19 16
65 13
37 5
45 52
50 25
10 0
27 34
97 59
62 35
71 11
44 10
14 56
45 8
56 2
31 39
78 22
2 60
99 28
90 48
44 40
89 56
10 6
78 10
81 1
9 59
53 53
35 36
90 59
13 4
100 36
84 6
80 16
23 58
28 58
98 59
44 18
49 45
71 11
18 11
61 24
96 33
90 34
56 17
14 26
85 23
75 48
50 23
44 60
95 34
21 43
40 33
100 37
39 2
75 2
68 11
66 32
78 8
62 25
49 50
26 22
47 4
58 53
41 28
24 48
95 14
13 55
42 16
57 30
60 1
68 29
4 25
58 32
18 4
15 22
62 1
95 9
23 60
10 20
85 5
12 29
81 22
49 30
43 35
2 38
87 37
54 41
68 38
53 14
51 50
53 54
16 24
55 18
63 23
7 20
28 8
34 28
85 3
3 36
27 23
6 1
85 22
19 42
40 53
85 38
57 60
96 46
12 58
84 15
70 5
61 54
6 14
24 21
28 9
1 38
65 16
81 48
24 9
53 42
42 5
85 25
63 59
63 15
45 26
52 35
13 9
40 39
16 6
48 54
65 48
75 37
49 13
90 37
57 58
68 11
99 32
3 29
18 2
76 53
51 44
85 40
86 26
83 21
84 12
36 2
68 10
1 16
63 41
71 44
18 8
54 59
49 0
80 9
13 22
4 21
7 20
66 11
29 54
100 44
68 14
64 11
68 49
24 58
78 0
7 21
68 19
89 3
39 26
61 27
24 50
24 2
44 29
74 16
35 60
14 29
70 45
72 15
46 50
51 38
27 44
54 18
53 22
88 1
3 4
9 27
50 35
1 21
31 11
70 21
95 53
96 39
83 51
48 18
14 49
47 52
96 22
77 5
6 48
28 5
57 52
16 54
83 44
92 6
46 58
75 29
57 35
16 4
100 50
42 26
3 32
79 44
85 21
56 46
71 60
94 13
32 8
37 20
87 25
50 58
7 42
53 8
79 50
88 23
54 15
73 39
100 25
9 21
35 4
12 22
24 56
41 26
86 52
72 41
16 3
4 6
40 32
43 33
40 24
36 57
59 24
18 54
10 28
9 27
98 56
47 50
3 28
31 35
16 43
33 2
27 44
68 52
88 57
50 59
57 60
80 12
55 45
43 32
35 51
24 45
21 20
42 44
66 59
30 20
52 18
6 15
20 13
46 60
46 37
63 10
8 1
7 36
27 44
77 51
44 54
14 9
20 5
67 14
55 18
88 45
20 25
84 55
7 49
19 52
52 11
12 16
4 39
23 11
19 11
80 51
11 50
43 56
22 57
40 43
59 49
74 19
39 53
61 18
63 10
75 39
90 40
81 58
38 16
92 31
83 42
36 57
80 24
97 30
71 28
52 41
72 57
10 27
100 25
94 58
9 28
34 12
15 7
27 38
61 23
5 36
71 22
22 37
100 45
72 31
54 7
82 25
74 44
30 52
51 43
21 16
90 7
39 6
13 25
48 38
30 54
91 57
65 12
72 54
60 22
80 26
97 36
34 35
56 50
93 21
96 30
38 1
27 32
38 15
61 11
83 13
37 14
75 38
8 2
32 10
60 14
83 2
20 13
19 30
2 34
46 11
76 21
25 34
72 54
88 20
90 16
24 48
8 52
14 35
53 23
15 10
95 49
66 53
49 35
73 52
6 60
63 27
74 21
79 19
37 24
54 31
9 43
72 34
56 49
86 22
23 60
4 23
28 8
70 44
75 48
78 16
76 7
61 58
78 0
45 31
83 11
56 48
100 1
46 52
71 4
50 37
14 39
95 17
26 32
71 18
53 36
82 54
71 30
14 2
99 24
41 0
91 37
48 17
57 52
37 5
91 7
51 37
23 56
100 1
16 6
83 30
77 22
59 4
22 60
39 22
1 44
7 9
23 48
40 48
87 24
30 15
40 17
44 19
76 54
22 35
31 31
62 31
16 22
16 46
22 34
97 34
44 13
85 29
33 3
66 14
95 10
87 1
24 56
1 27
32 20
67 13
33 10
14 5
8 48
22 45
14 57
35 39
53 57
84 6
56 53
36 37
86 23
6 50
31 16
9 36
71 27
83 55
72 54
49 48
26 17
5 53
86 0
35 1
20 51
99 33
98 19
8 14
57 32
89 40
24 28
26 6
85 52
38 50
10 31
45 43
20 51
8 24
96 30
87 30
32 49
88 33
51 4
32 36
76 36
30 30
9 35
59 57
96 38
58 51
23 18
45 55
42 24
34 6
92 57
57 56
4 11
91 34
31 8
88 28
1 44
77 19
95 58
83 20
44 20
37 25
28 16
37 22
50 9
73 21
15 4
20 16
88 35
21 50
66 31
72 35
27 41
49 33
16 7
63 36
81 9
54 38
67 56
55 11
32 25
57 0
89 49
74 1
88 60
93 30
72 1
12 41
86 59
40 17
92 35
37 18
83 0
83 31
3 31
38 10
87 11
9 32
77 17
29 8
53 35
73 37
42 28
23 8
78 9
89 24
9 44
71 8
91 10
35 39
14 13
96 48
94 12
56 57
70 53
5 37
54 42
61 54
33 3
62 13
61 3
100 12
26 4
71 40
51 15
67 48
14 29
45 5
17 42
62 18
29 6
63 35
15 2
38 56
76 18
34 4
17 38
20 30
99 39
4 8
98 9
73 34
53 43
10 52
95 39
71 24
64 57
42 30
34 26
23 21
80 11
94 16
71 32
71 18
8 44
22 5
96 32
70 30
60 47
46 9
71 37
96 9
79 35
80 26
11 25
76 44
22 25
50 25
86 53
21 5
34 6
95 42
77 12
30 58
19 3
43 43
17 15
34 12
17 0
7 56
14 47
49 36
49 31
25 40
76 20
66 44
59 44
57 8
6 0
18 23
45 58
96 59
57 56
59 26
32 15
36 26
16 33
82 12
36 27
6 38
96 2
9 41
55 22
71 32
71 43
34 29
30 38
43 5
3 10
67 36
39 37
68 59
68 43
32 11
38 38
12 55
73 25
36 49
44 0
93 16
69 26
1 51
30 38
30 25
70 22
29 32
66 32
27 42
77 28
64 34
2 42
73 46
2 14
38 12
46 23
56 45
7 15
30 21
58 35
56 12
25 10
64 55
56 41
52 14
80 4
50 30
11 33
21 28
13 0
2 47
6 31
84 56
62 56
55 25
41 1
53 0
62 19
88 20
21 31
80 38
26 36
13 42
6 19
38 40
87 28
11 35
83 13
85 39
80 53
99 5
89 55
25 6
56 25
69 36
80 24
6 49
96 17
87 18
26 55
9 19
16 38
18 24
35 20
55 26
11 24
56 59
49 40
35 20
22 46
49 19
47 9
33 27
74 2
35 47
64 16
33 33
63 51
88 41
37 40
94 0
41 17
85 19
57 60
40 10
22 19
32 19
51 17
41 8
60 26
82 41
41 7
87 16
79 59
2 28
21 49
34 24
37 24
19 0
45 19
14 11
54 35
70 34
1 52
75 8
46 23
19 34
16 56
9 34
24 37
36 53
80 36
83 8
55 3
94 47
47 28
75 32
77 32
41 7
5 6
58 23
36 48
56 51
61 31
5 31
79 14
49 44
51 9
38 31
5 3
71 46
11 6
31 11
15 52
43 49
37 5
58 59
4 1
19 25
50 5
28 19
58 28
36 21
84 1
7 49
97 35
82 32
98 33
6 15
72 23
81 41
65 60
65 13
6 9
47 40
33 60
100 48
26 56
65 23
65 60
29 0
38 1
67 0
9 34
16 32
73 48
47 6
37 24
69 39
55 53
17 21
42 23
70 26
77 26
31 3
59 6
100 49
67 2
86 59
99 35
100 49
72 4
82 32
79 1
36 33
53 47
2 7
38 39
30 49
42 18
39 23
26 41
99 41
81 38
43 13
43 38
35 44
80 35
32 32
14 28
63 4
48 57
36 59
66 21
33 57
31 58
36 49
19 46
73 15
96 13
1 6
8 58
2 43
83 51
64 53
98 15
37 58
72 48
97 3
45 55
44 2
21 8
68 41
43 8
38 52
82 45
93 33
95 48
99 28
29 21
66 22
46 23
35 2
87 59
50 12
94 42
100 24
47 18
58 55
100 54
57 8
32 10
56 35
40 36
44 23
80 10
34 18
75 10
79 9
80 11
83 31
28 22
97 18
15 15
69 21
88 27
55 55
9 36
95 42
27 30
46 24
36 56
33 28
66 10
83 29
60 21
5 16
12 51
66 57
77 40
57 46
89 13
65 34
83 35
23 30
33 22
39 35
85 28
61 45
59 34
40 22
5 58
84 49
47 60
12 52
75 52
90 18
60 44
38 23
30 11
18 55
33 56
93 32
9 53
74 1
89 47
87 31
52 21
74 5
63 19
57 46
21 42
89 36
55 47
83 56
92 54
53 30
85 10
17 11
73 37
47 48
87 57
57 33
30 11
91 40
31 10
77 30
26 41
62 48
89 20
55 3
19 12
46 36
87 56
54 5
57 3
31 32
6 32
34 43
11 57
39 39
2 1
26 38
6 4
94 35
87 44
58 16
85 40
15 2
56 58
51 51
7 19
54 55
44 35
82 29
13 11
40 25
45 18
16 27
41 57
91 43
92 32
95 4
10 36
1 10
69 29
81 25
28 14
8 6
31 34
49 38
85 57
51 16
8 35
96 30
59 58
31 1
13 51
83 9
51 37
62 5
67 43
44 27
16 3
78 37
71 40
31 0
55 3
38 32
81 33
42 1
36 54
90 28
45 48
98 3
55 45
62 46
77 16
62 13
11 7
22 19
54 43
88 60
8 1
12 9
23 0
76 21
4 35
34 31
65 24
33 11
69 16
56 19
92 26
36 55
45 15
22 24
23 8
37 48
47 0
37 47
97 20
42 38
83 44
100 45
99 60
82 18
70 38
23 41
25 32
98 31
57 8
14 55
76 51
34 17
57 42
54 21
32 7
48 28
71 6
20 27
1 5
99 10
8 29
38 10
72 0
1 50
66 49
17 34
49 2
88 57
72 32
8 47
82 14
86 16
98 32
42 59
31 10
63 19
40 21
86 49
21 15
41 5
40 1
94 24
11 20
23 12
97 10
24 6
66 58
28 17
42 38
84 13
29 53
16 53
30 44
14 11
37 17
41 43
41 16
14 47
35 31
75 36
70 51
42 6
51 2
46 23
62 8
8 5
68 42
72 59
43 10
49 48
46 24
70 35
11 60
61 40
84 46
25 37
81 7
54 29
17 2
100 25
58 52
17 13
65 0
58 41
26 28
16 49
54 60
66 39
81 39
73 53
82 60
83 3
20 45
45 43
54 20
86 26
34 25
94 0
88 45
57 9
7 50
65 29
31 32
68 13
25 58
7 39
70 4
87 18
10 23
48 55
32 25
89 4
56 16
44 19
28 4
43 48
56 26
91 37
51 10
34 14
51 44
1 15
94 17
3 23
14 60
12 2
45 2
34 16
62 37
78 45
70 37
12 55
43 5
97 26
17 40
91 37
25 35
79 36
97 38
93 4
74 35
76 26
60 39
80 34
45 18
98 57
2 28
59 6
53 19
66 23
28 37
6 33
87 26
51 12
98 11
7 26
29 10
100 23
16 46
78 50
62 18
79 47
39 14
96 25
18 32
43 24
74 20
92 48
49 43
58 14
90 3
23 1
71 29
48 11
91 42
77 28
4 51
40 55
98 1
72 50
49 42
54 7
10 55
57 15
69 4
43 43
62 36
26 11
53 29
95 21
58 55
19 7
7 49
62 13
30 54
84 56
65 36
82 57
62 55
34 4
77 22
46 51
39 52
68 34
71 9
90 37
39 16
96 18
70 49
28 34
31 31
35 41
75 37
46 2
18 54
97 41
47 11
89 45
5 42
4 20
82 54
16 58
57 30
11 37
70 13
83 48
33 5
67 41
49 17
41 27
66 33
66 5
61 52
17 4
95 12
44 5
66 26
51 15
90 45
82 37
21 21
60 24
4 10
61 22
57 36
84 35
66 11
75 29
98 57
23 59
69 45
6 20
92 13
87 40
21 0
91 14
95 11
60 52
49 0
72 37
36 58
15 11
96 47
68 31
85 19
69 15
32 52
47 31
16 2
100 60
8 50
71 7
69 47
68 54
73 34
65 40
4 1
32 8
93 50
96 40
17 53
21 52
64 58
37 38
14 14
44 6
10 19
79 16
34 32
17 46
80 38
96 46
65 8
18 46
69 19
47 17
72 53
54 32
47 29
99 10
30 43
48 23
22 60
27 3
25 24
89 45
83 57
90 53
9 57
22 27
91 43
52 40
39 53
90 55
25 38
22 12
30 16
36 47
86 31
85 37
94 54
44 24
23 40
13 10
31 8
90 26
82 32
100 23
70 42
69 6
35 51
54 22
41 14
39 45
96 13
59 31
82 12
20 51
43 26
44 45
86 59
28 24
42 14
46 6
15 41
16 53
15 36
52 30
74 11
100 46
4 11
8 20
24 42
94 18
38 3
74 22
18 1
31 33
53 34
5 16
97 32
85 6
38 56
73 35
32 10
8 19
65 29
18 48
61 2
37 6
72 25
27 3
5 25
81 50
19 13
54 27
69 15
6 35
59 34
82 38
31 22
76 52
27 28
70 10
86 46
48 12
75 21
48 17
79 19
58 31
69 24
44 49
97 23
92 41
82 24
93 46
90 22
48 41
59 43
40 37
70 6
42 12
49 9
10 33
58 14
63 16
9 15
92 55
83 42
67 42
7 39
55 36
72 50
97 56
83 54
51 23
21 12
75 8
63 18
43 60
59 19
45 14
51 49
67 16
88 31
3 45
94 49
76 20
25 16
26 39
88 1
40 53
31 21
89 26
84 36
81 29
62 20
50 46
83 29
90 47
77 47
92 45
29 51
2 4
30 49
89 34
98 4
17 41
17 19
27 55
1 29
63 15
10 12
20 15
72 36
72 16
85 58
46 32
90 30
26 51
28 9
94 43
55 30
66 21
74 4
76 5
80 23
64 11
83 53
29 26
13 35
74 35
1 28
55 14
22 1
62 36
60 25
66 18
74 23
45 44
73 38
81 24
32 25
71 60
46 0
93 21
23 35
61 6
61 30
19 7
11 9
10 22
50 39
13 37
96 30
74 23
90 2
18 2
99 28
80 9
40 48
30 22
51 13
35 12
70 41
60 53
92 9
71 2
8 35
88 28
25 14
54 49
25 23
22 59
39 32
64 6
6 49
38 53
99 49
85 3
51 0
52 25
23 38
72 32
59 6
55 60
69 56
22 24
27 48
94 24
21 43
61 39
83 48
60 50
62 52
38 40
66 54
51 47
53 21
39 40
40 58
46 54
73 55
8 40
4 42
27 43
74 33
20 5
33 30
54 48
78 14
97 51
77 15
36 56
17 28
92 44
52 34
10 60
96 56
66 16
100 47
79 57
65 26
79 9
2 14
32 1
16 9
5 47
28 32
28 26
10 57
67 50
29 59
91 54
22 28
37 8
22 32
7 46
40 54
41 54
66 22
65 53
36 30
31 14
19 28
73 0
13 17
72 18
62 4
78 3
99 30
20 47
34 48
24 20
52 32
54 9
71 60
28 28
52 0
25 37
65 9
53 16
25 24
45 4
21 4
17 16
51 34
50 5
48 35
91 23
69 40
66 2
46 4
79 41
86 29
3 20
44 16
81 59
55 49
15 17
3 32
27 16
53 13
21 6
71 10
44 16
77 27
97 6
15 48
27 11
21 60
12 51
14 11
90 36
92 37
56 9
71 0
11 23
80 14
25 29
35 54
23 9
31 33
96 60
70 6
35 30
12 46
21 37
73 20
99 43
46 11
45 10
74 52
16 36
38 22
21 51
88 27
9 35
23 12
33 34
5 6
97 13
94 44
33 59
6 54
56 0
77 29
56 53
11 21
53 10
19 2
96 18
59 43
4 6
56 60
34 11
69 56
15 50
86 58
53 48
32 40
61 57
46 44
96 16
4 26
12 60
1 25
53 56
50 20
16 54
53 44
25 18
53 33
25 53
32 11
66 1
79 50
67 43
50 3
63 35
13 4
25 1
36 6
6 47
50 28
47 22
8 24
12 41
66 36
63 41
51 47
22 57
71 39
39 39
84 53
35 52
46 1
17 36
32 48
77 40
44 47
11 42
3 30
29 30
57 13
88 21
30 7
36 54
97 16
60 52
96 9
9 25
33 57
87 23
27 36
74 23
95 12
27 1
30 49
47 23
19 4
66 56
30 16
29 5
62 57
33 18
31 41
53 55
33 14
25 23
60 34
95 42
38 28
64 1
96 19
70 59
62 34
81 34
48 1
18 40
72 4
40 14
84 12
96 18
85 33
13 53
45 43
94 53
62 29
46 58
51 9
52 44
24 3
25 5
3 53
100 22
29 26
17 17
77 3
3 42
31 28
56 3
25 4
81 20
31 9
93 21
6 57
46 60
94 30
85 16
51 32
87 16
45 15
57 57
44 28
99 17
74 55
27 55
57 5
25 18
99 27
34 7
72 43
99 45
75 36
26 42
99 40
91 3
98 49
86 56
12 8
39 7
96 4
27 34
85 4
72 49
68 44
15 40
58 42
2 17
75 39
15 21
73 30
8 43
25 58
86 53
53 25
52 35
68 39
71 47
48 2
50 33
27 24
30 32
82 37
93 41
3 55
25 27
73 41
52 50
93 15
28 10
70 18
18 32
64 5
22 30
32 49
44 35
43 50
54 38
42 48
4 5
55 23
6 17
40 54
81 30
59 25
56 27
61 16
83 8
87 48
70 18
32 4
87 38
25 45
50 58
47 38
90 30
72 39
37 28
81 27
10 42
90 40
43 50
64 22
21 12
87 41
2 53
90 4
6 47
41 26
39 46
12 33
66 22
42 58
5 5
92 37
27 52
100 22
71 21
40 20
4 53
74 12
23 53
94 16
21 56
69 41
40 0
37 49
3 43
93 50
83 57
66 10
36 3
28 60
39 29
81 29
14 5
79 33
9 37
27 51
37 43
62 10
57 21
73 49
49 23
10 11
44 33
31 48
66 20
51 36
34 55
1 45
60 9
70 49
42 5
49 60
24 39
91 36
13 30
94 25
40 8
66 44
45 47
50 28
16 32
82 6
6 23
85 58
10 3
86 0
7 2
16 32
86 49
55 45
67 2
75 50
66 44
94 16
8 26
33 13
74 57
13 34
98 10
69 52
87 42
17 21
28 14
100 34
94 43
62 29
50 13
12 1
39 33
63 4
36 40
24 7
47 23
95 18
66 42
34 26
50 30
89 42
40 54
48 31
83 30
6 29
19 29
62 25
84 2
43 45
7 5
86 28
39 54
27 23
99 39
24 52
50 30
52 6
49 19
18 12
99 52
37 32
79 30
13 48
51 33
72 15
81 36
34 6
16 55
28 52
82 42
77 4
2 19
100 13
4 45
1 27
24 30
89 16
79 11
96 34
37 43
41 37
31 26
4 16
40 30
37 37
68 43
32 32
94 13
98 31
26 19
45 6
66 52
5 59
15 3
53 59
79 12
80 37
92 18
54 18
25 47
93 48
78 56
76 56
84 26
1 9
1 51
65 10
95 3
99 5
37 12
72 52
59 30
82 60
84 49
96 32
46 22
95 18
54 47
25 8
75 4
91 22
66 13
43 60
64 59
70 56
99 4
67 11
50 9
91 20
57 9
54 48
79 27
65 27
53 38
70 12
96 12
20 52
16 49
74 39
21 41
29 36
80 56
62 21
92 45
27 43
1 23
76 7
94 50
16 54
49 43
57 14
59 13
56 45
57 11
79 31
5 21
17 48
66 42
57 38
63 4
59 21
69 48
69 14
38 41
29 6
60 40
48 4
91 35
83 27
61 8
65 57
56 3
18 34
57 38
40 26
46 19
60 50
46 20
64 31
57 3
66 10
91 47
40 30
56 6
60 15
48 18
60 43
71 1
81 31
53 2
55 14
59 8
30 4
83 46
42 31
85 22
13 33
92 56
7 19
1 52
55 51
66 27
62 29
44 40
49 2
45 25
9 13
64 24
51 7
87 35
17 5
82 25
28 27
1 56
20 30
12 51
96 0
89 57
9 37
53 16
7 35
76 8
59 3
93 20
95 7
1 22
28 29
64 1
5 42
8 53
39 23
87 24
51 60
98 55
56 48
46 8
8 26
68 11
78 14
66 48
6 12
92 37
94 35
38 36
94 27
28 31
20 5
36 57
84 20
17 48
58 27
94 33
37 38
81 3
94 32
8 18
28 41
69 58
15 21
2 40
96 28
4 21
19 29
70 6
63 20
78 22
5 53
82 27
61 7
74 36
4 26
24 41
80 6
15 2
74 50
23 26
91 49
79 44
27 53
52 30
87 1
48 58
71 55
6 43
43 9
56 9
88 33
95 13
64 2
24 39
95 51
58 26
61 55
63 15
37 6
55 29
92 57
1 28
86 59
1 46
33 19
47 33
8 21
41 21
90 1
96 44
58 5
16 43
42 44
32 24
43 36
90 50
60 38
94 34
32 44
45 5
98 17
37 46
72 32
50 36
5 26
62 11
11 4
51 27
9 29
26 2
36 15
7 23
17 46
57 4
93 52
64 39
63 41
45 55
58 12
72 42
49 19
42 9
44 3
76 29
75 3
32 55
42 31
5 14
37 7
86 49
59 48
82 21
38 3
73 34
65 17
76 46
28 5
58 56
63 25
41 30
67 26
60 28
37 52
3 0
99 31
78 39
72 38
29 19
57 43
12 10
28 2
52 18
28 7
7 48
92 42
29 48
68 59
87 39
73 0
34 12
25 59
22 57
14 47
15 29
3 4
11 31
56 42
4 7
82 6
35 42
53 38
66 40
28 26
88 55
42 36
38 20
89 24
10 21
82 9
33 2
22 6
24 1
36 26
90 13
29 54
91 14
52 36
85 54
24 38
39 23
3 53
98 60
6 51
53 5
64 10
91 41
100 59
41 43
4 29
70 41
55 52
74 27
72 3
90 23
12 35
20 4
80 29
51 1
14 32
54 21
48 28
61 47
73 28
58 32
56 42
75 52
48 3
35 8
5 50
40 29
43 40
4 52
5 56
37 56
82 49
41 56
3 15
40 57
23 49
58 31
11 3
63 21
34 30
1 48
10 57
95 8
93 21
75 41
14 51
26 53
21 29
60 26
28 44
58 19
27 19
7 1
63 55
2 44
44 1
90 18
92 10
46 34
68 21
27 24
78 46
26 22
46 17
37 10
91 20
85 6
9 31
33 8
68 24
11 33
44 27
65 34
4 49
10 13
1 29
20 37
42 9
9 44
71 7
17 19
2 43
46 39
32 29
20 4
66 58
49 54
49 17
74 17
51 42
81 8
84 6
82 36
5 35
3 35
65 56
80 34
95 34
55 19
1 40
21 11
36 33
67 36
6 48
96 54
52 15
65 52
61 3
12 34
89 4
25 36
31 42
64 32
5 17
7 18
44 47
62 19
46 59
24 29
21 0
32 14
3 48
45 3
32 49
34 9
91 51
11 57
39 47
19 10
25 16
90 50
56 40
75 57
41 26
35 13
72 49
93 52
63 7
93 38
84 47
57 19
79 31
97 59
64 12
61 5
65 4
64 33
64 17
41 0
36 42
54 1
87 39
63 27
5 4
11 0
61 39
82 46
49 47
89 30
19 37
27 46
10 35
5 5
81 59
56 6
1 44
45 41
67 14
51 10
17 28
58 46
98 0
24 59
82 17
17 21
57 34
51 22
36 53
78 31
97 27
100 14
76 45
91 4
6 59
55 19
45 0
73 47
88 58
26 60
68 13
88 0
41 2
28 7
71 43
76 57
52 13
79 3
97 31
58 1
86 40
90 0
100 29
54 50
14 60
77 7
90 56
38 57
36 0
90 4
82 48
79 12
52 10
48 36
31 41
4 20
12 48
38 5
25 10
70 22
85 53
96 40
71 57
1 8
77 34
39 49
10 32
77 49
85 24
12 37
96 12
28 22
52 44
53 15
44 43
63 10
69 27
88 25
95 26
82 26
50 48
71 26
74 60
20 16
93 26
94 51
43 27
62 26
4 39
8 34
28 34
15 11
61 30
64 53
98 22
83 12
74 3
46 38
77 23
64 41
10 12
64 56
46 10
36 53
34 57
84 25
44 6
19 24
61 16
54 37
9 6
34 35
60 0
29 7
7 45
9 30
72 59
41 60
21 18
14 24
3 52
36 29
54 12
42 59
22 20
57 54
1 33
37 7
5 31
38 60
99 39
52 8
76 13
16 5
62 34
98 46
41 24
3 42
52 2
3 3
69 26
8 34
98 33
42 14
34 47
6 54
2 24
58 15
30 44
27 51
83 14
53 4
96 11
4 30
93 37
87 35
30 16
41 52
78 30
70 48
27 23
3 55
91 12
75 34
14 1
15 15
29 42
48 37
10 1
49 52
64 29
96 36
23 20
3 51
58 56
66 3
27 43
37 2
87 0
41 18
2 41
38 2
60 28
68 53
25 23
57 22
60 53
88 30
28 11
49 6
13 35
33 60
74 27
26 42
36 1
60 51
96 0
30 56
99 36
68 18
66 13
97 21
94 15
69 8
75 51
52 47
6 56
17 5
75 28
20 49
26 48
66 37
92 27
83 34
67 9
16 39
89 15
36 54
38 2
39 2
24 5
31 7
85 46
71 12
4 36
79 6
69 1
67 32
37 60
68 52
13 17
53 46
11 33
54 41
60 10
29 28
11 56
21 9
27 36
97 26
92 19
27 40
46 8
16 57
57 48
95 27
84 33
48 40
34 20
49 3
23 10
97 29
6 13
11 16
92 60
96 21
32 14
65 40
48 23
94 45
1 21
35 55
14 40
8 30
27 17
66 46
87 43
38 40
74 38
14 31
85 44
14 24
37 33
29 44
1 20
27 56
33 8
31 21
14 38
98 58
6 60
39 32
96 1
97 55
99 19
31 41
78 53
26 46
41 18
96 22
44 4
97 21
46 21
84 40
99 17
61 48
28 15
86 22
51 10
84 12
88 40
8 23
62 37
29 37
87 9
87 37
12 60
56 40
16 6
33 13
21 16
80 25
30 45
25 52
86 10
25 7
58 25
76 54
39 59
17 40
56 52
91 58
91 54
91 9
19 0
59 42
89 32
13 33
97 16
45 46
36 1
6 60
15 46
41 3
62 51
85 59
55 51
50 24
72 36
85 52
12 28
39 24
29 50
6 57
26 39
19 56
65 20
21 53
86 21
63 17
73 49
46 14
81 44
93 46
89 34
60 26
13 42
96 2
77 31
68 48
39 30
48 14
79 17
23 33
83 15
35 34
65 45
88 48
46 27
60 51
78 37
68 49
12 18
63 16
2 15
38 10
22 53
86 31
81 7
45 12
61 4
7 10
12 52
38 11
82 9
46 30
48 23
50 25
7 35
19 53
52 36
82 23
41 58
15 17
6 51
40 11
82 39
2 43
85 3
56 27
60 36
58 22
92 55
88 12
48 21
7 36
25 22
62 19
89 55
12 41
6 42
63 57
52 51
93 32
25 34
91 7
53 36
31 3
2 19
11 50
21 29
12 24
10 1
24 34
22 55
25 9
84 12
40 30
12 35
39 57
95 60
83 39
9 56
67 28
64 46
100 39
87 32
15 6
93 57
50 55
64 46
35 47
26 28
18 39
52 26
17 26
15 55
53 8
31 14
52 21
31 3
34 20
46 6
15 40
34 16
53 0
70 55
93 6
37 17
77 0
19 15
32 20
28 7
27 1
81 1
25 55
92 40
33 14
52 23
78 12
46 55
89 51
73 56
90 6
98 31
41 0
45 27
61 24
5 47
56 45
88 54
93 22
71 0
73 57
60 41
91 42
3 35
66 49
56 53
59 10
26 38
74 3
14 27
75 57
89 26
68 41
52 24
89 56
67 7
17 52
87 5
77 40
93 4
30 24
1 47
24 18
64 59
98 34
45 58
100 53
4 29
51 14
89 26
63 5
67 43
26 34
54 54
82 12
96 49
92 27
43 37
52 44
74 1
96 14
55 56
26 59
48 2
45 19
81 6
23 47
5 19
28 20
58 47
31 57
69 48
61 4
26 37
93 42
72 53
71 7
33 31
15 12
30 49
34 47
56 14
52 19
20 42
84 46
76 4
52 25
46 23
100 21
49 43
24 9
46 32
48 0
44 60
87 37
26 16
84 0
59 60
92 38
66 19
2 23
17 54
39 4
73 26
4 21
9 15
6 59
60 51
4 1
9 42
7 45
62 54
18 56
76 0
48 33
100 7
9 24
18 46
6 43
9 26
30 48
47 12
70 29
43 32
83 25
56 24
93 49
5 33
16 31
39 57
90 8
13 26
37 32
12 45
86 29
77 36
73 6
67 26
57 19
71 14
66 39
92 30
44 56
99 27
9 59
21 11
11 11
11 11
93 25
27 31
77 26
5 58
22 25
54 39
5 22
49 31
74 43
80 21
57 45
6 44
97 31
20 21
37 22
89 43
49 4
41 35
82 15
23 37
16 52
51 27
36 11
59 40
50 52
31 11
81 34
35 33
33 48
79 44
63 3
1 37
23 41
26 27
60 55
28 1
33 42
70 12
35 19
61 42
13 30
4 26
95 26
73 21
