442681604042693559 4753
23 48
99 60
10 16
23 2
95 59
76 42
56 36
82 35
79 18
14 5
66 42
58 35
43 4
30 11
87 55
15 48
79 50
39 38
83 51
9 18
78 37
14 38
78 49
15 54
18 37
82 39
22 19
45 38
38 56
54 18
69 41
48 34
78 10
46 27
76 48
53 5
16 1
33 28
82 34
2 19
48 29
66 49
86 1
12 6
32 60
73 27
92 36
95 13
96 56
79 33
49 4
73 24
2 28
17 9
70 26
55 24
46 23
58 10
63 24
82 5
80 43
81 50
6 58
18 44
35 48
3 45
93 39
78 20
83 2
70 3
20 4
52 41
3 40
37 48
65 48
68 54
91 14
81 18
65 39
90 20
91 38
26 56
33 3
51 27
1 19
32 25
94 29
80 14
94 55
55 14
96 51
24 54
39 54
56 24
30 10
88 23
76 48
4 19
2 49
69 24
42 21
10 55
71 41
80 31
91 0
27 32
5 42
19 54
83 13
97 7
90 59
64 47
15 30
89 18
48 7
38 41
7 47
24 14
88 17
38 37
52 4
38 27
82 9
87 15
31 20
35 40
48 50
52 28
64 13
60 9
68 58
38 6
51 9
85 4
6 59
39 24
84 49
35 30
34 51
55 51
100 3
8 49
19 47
38 48
25 15
45 50
44 5
19 32
53 25
33 53
12 42
13 28
95 15
100 48
69 25
6 22
94 18
75 5
60 40
53 60
13 7
95 32
59 39
82 56
79 45
17 34
25 34
22 48
33 26
43 6
59 55
100 11
50 25
91 20
3 25
42 13
41 2
16 60
54 12
51 40
18 23
12 27
88 6
19 27
79 37
71 34
7 51
17 58
14 13
42 12
9 58
76 32
12 47
33 40
84 26
47 52
5 31
29 58
15 8
81 4
4 60
1 48
65 33
9 32
94 44
3 29
56 40
50 37
44 1
100 9
48 53
43 14
12 43
30 47
67 60
16 3
20 5
21 23
30 2
69 53
75 44
65 28
73 29
83 35
75 40
34 0
77 20
3 38
39 56
30 22
60 3
50 50
20 22
94 1
55 18
36 28
38 52
76 23
94 10
64 55
53 7
48 55
40 31
21 55
52 60
79 59
30 10
27 38
68 19
31 33
15 6
95 47
8 12
53 36
65 27
22 12
27 2
4 16
1 55
12 45
44 35
32 23
97 60
70 35
68 7
24 18
43 20
13 42
65 1
30 17
34 47
8 20
14 45
26 43
88 53
70 53
21 29
19 33
18 36
8 20
30 4
49 32
95 31
43 47
2 56
45 20
78 49
35 49
36 12
88 25
25 46
21 51
55 47
86 2
81 38
93 6
44 46
59 35
84 28
55 41
81 5
26 47
63 15
28 26
65 18
22 15
74 37
81 56
89 41
94 10
25 26
8 38
81 41
44 32
91 36
87 12
89 13
84 56
41 2
19 49
27 38
44 44
87 43
29 15
30 12
28 7
85 57
96 55
56 10
84 56
95 8
91 2
88 22
31 60
1 16
37 31
82 11
2 49
28 16
43 18
55 4
84 5
15 14
76 40
42 41
33 40
91 38
65 57
16 11
3 5
86 18
42 27
61 10
75 45
41 10
41 39
10 2
97 49
42 17
13 40
53 29
76 58
65 59
56 38
64 23
44 27
98 47
72 49
37 20
74 7
10 35
79 18
42 35
57 9
73 52
67 48
21 40
61 38
3 35
72 26
75 15
33 21
86 0
65 44
40 41
14 3
5 18
94 50
61 43
99 44
69 31
64 40
95 42
97 54
92 43
65 43
68 17
14 1
64 50
24 47
36 8
74 39
94 18
29 59
86 9
45 24
21 8
63 6
33 23
5 41
42 60
45 37
53 48
7 39
67 24
62 37
78 50
6 40
98 19
82 1
4 16
97 2
57 5
43 0
7 14
97 29
35 47
83 10
54 44
19 8
87 45
36 52
70 29
42 46
46 7
56 21
7 46
29 58
24 57
13 52
82 27
48 22
2 46
79 0
4 54
45 3
68 59
53 1
75 47
42 39
82 25
88 20
28 48
17 30
8 52
83 22
59 10
27 12
92 17
97 34
77 30
23 47
54 2
5 0
9 49
15 16
18 35
45 27
97 12
13 24
65 37
69 22
52 60
52 10
81 51
90 46
94 10
82 58
40 11
10 48
76 36
46 29
19 14
64 48
31 13
9 47
94 3
87 51
19 36
2 55
73 32
41 16
89 31
11 48
75 22
59 31
64 40
9 5
10 47
99 1
41 35
25 40
69 16
26 29
45 6
60 56
46 44
10 58
53 22
47 44
39 32
21 54
76 19
41 34
92 40
23 33
57 18
23 7
77 22
22 54
78 7
33 11
48 42
80 21
21 5
42 48
21 40
57 22
25 57
83 3
44 49
3 9
55 39
43 4
100 55
92 39
68 22
44 38
60 27
29 27
92 33
68 27
22 50
48 57
53 59
58 35
7 0
11 20
24 43
30 43
64 2
33 43
6 27
67 36
35 11
58 25
42 14
74 50
42 0
33 4
91 26
42 40
90 7
58 2
23 54
44 19
7 58
59 56
100 9
87 13
88 37
81 35
58 7
88 12
10 31
28 15
38 10
75 2
52 52
49 43
86 0
84 56
87 39
10 37
66 52
82 2
68 28
97 34
16 49
68 10
9 6
58 18
90 31
32 1
44 56
29 30
63 19
38 12
43 56
90 4
26 29
34 14
67 17
13 48
26 6
98 19
69 28
98 15
100 53
52 6
47 18
44 50
25 26
2 2
77 40
56 6
38 23
79 58
17 33
34 28
66 2
34 3
87 60
43 46
62 57
22 40
14 40
86 17
34 55
14 17
88 58
29 29
32 42
97 2
41 10
73 21
27 14
69 42
34 57
79 12
96 56
92 20
95 6
19 29
14 30
37 30
100 42
21 55
16 14
33 0
38 19
27 48
33 16
53 48
47 57
58 27
37 26
8 8
45 43
43 9
36 27
73 31
1 15
13 31
67 8
35 11
97 17
1 49
93 1
7 38
87 59
39 38
94 47
60 10
74 31
1 17
64 56
81 60
46 27
15 16
37 18
23 6
99 39
12 26
91 14
10 10
40 0
49 48
57 2
26 59
95 54
73 19
46 17
10 53
43 20
7 4
56 36
76 7
33 27
2 6
69 1
72 15
99 25
49 10
55 5
7 42
68 5
11 47
55 57
56 42
4 58
99 58
64 45
85 58
55 59
9 4
15 11
65 24
33 18
47 26
92 14
85 16
37 22
2 20
25 14
7 14
2 2
53 52
31 23
3 47
9 57
84 20
78 15
20 19
24 38
19 48
67 30
74 53
87 8
35 44
90 50
15 6
47 41
21 52
96 21
56 39
40 38
16 28
87 59
21 17
28 45
94 1
27 40
47 19
93 16
77 50
69 46
87 47
78 44
87 28
14 9
36 33
76 15
29 8
77 4
53 47
32 45
35 30
17 10
99 17
75 12
1 17
84 48
61 57
90 55
59 49
7 21
65 31
52 55
53 41
52 41
71 27
64 10
68 10
45 46
53 44
54 11
17 60
24 1
56 60
32 49
63 17
72 4
48 23
8 54
29 19
50 31
24 19
23 31
56 37
3 15
34 55
55 8
63 31
82 51
39 60
15 52
81 4
69 42
72 12
53 41
25 24
62 46
50 58
84 31
12 32
60 11
94 43
13 51
94 13
6 52
75 19
49 50
44 10
69 60
94 19
5 28
88 35
7 13
11 13
40 22
58 18
2 33
63 41
28 13
29 12
42 34
23 10
24 41
14 7
63 6
27 43
46 20
42 37
77 43
27 28
86 44
16 1
99 28
68 41
80 47
11 9
53 6
2 21
55 54
42 55
76 10
18 26
74 51
39 29
6 10
37 53
80 27
22 40
50 18
17 56
19 54
39 10
9 12
87 5
36 4
58 2
85 26
30 20
45 36
16 0
25 27
42 25
95 36
88 34
95 52
54 35
13 49
47 53
20 19
81 3
60 46
13 55
88 52
47 38
73 4
90 0
19 0
56 45
94 21
89 44
82 7
29 27
86 57
27 20
64 25
97 23
18 13
65 42
16 31
17 43
62 56
15 57
95 23
88 19
76 44
63 19
99 19
88 6
92 4
23 46
59 18
3 7
36 41
81 9
58 14
2 37
1 27
46 45
68 25
54 21
62 15
58 42
71 44
75 19
80 14
50 45
10 36
82 0
97 41
88 48
50 12
29 55
44 11
60 5
66 48
83 7
19 10
37 40
93 5
56 38
47 26
15 52
2 9
33 41
26 40
2 30
71 50
39 33
80 7
74 16
14 29
94 23
86 49
22 46
86 49
46 44
21 58
22 46
53 56
49 31
48 42
92 12
15 42
27 52
47 38
12 0
32 14
20 45
47 12
80 40
42 47
79 8
35 46
45 41
59 29
58 8
22 26
76 45
54 45
29 54
52 4
3 6
88 47
35 21
70 14
39 38
42 34
70 53
14 45
11 12
9 60
36 24
30 8
43 22
57 52
91 0
45 46
9 50
70 56
72 33
79 15
98 52
86 45
96 38
87 13
23 42
58 29
6 36
68 1
32 53
90 49
78 38
4 17
89 29
23 56
96 10
49 7
80 38
64 29
49 8
90 43
74 50
96 36
31 48
4 26
37 28
90 51
76 58
5 16
12 2
7 51
20 39
25 48
17 46
89 14
89 42
49 55
78 19
10 17
98 20
78 27
50 30
22 24
49 2
20 21
100 50
41 32
66 35
47 0
24 29
62 1
77 12
19 42
45 0
60 31
77 2
28 6
50 23
17 22
57 24
93 39
48 39
58 35
87 10
14 39
51 17
68 42
57 60
74 60
23 6
92 53
46 20
72 6
65 21
93 40
3 4
35 21
38 24
6 15
5 14
14 37
4 52
48 33
76 46
36 60
94 53
76 59
26 11
10 57
47 5
33 36
18 33
23 55
40 37
88 1
63 15
67 55
52 59
53 38
75 44
23 60
12 48
83 16
2 24
87 41
54 36
2 57
8 11
37 10
25 56
26 39
11 56
52 51
93 0
2 21
31 48
80 59
12 24
25 2
85 59
55 49
66 35
60 28
26 12
16 54
62 39
61 57
26 4
22 37
72 51
45 30
92 16
37 57
36 52
17 15
49 48
85 3
88 17
28 42
34 4
95 8
22 49
47 7
30 21
4 23
56 41
59 27
37 15
19 22
36 51
78 31
6 33
14 10
29 46
53 52
95 24
54 25
95 7
13 28
87 18
92 50
21 53
9 3
79 34
37 58
73 30
95 18
42 25
55 15
46 10
82 55
90 49
99 31
63 19
96 53
60 38
99 39
19 35
16 48
88 20
91 28
58 6
63 47
62 30
42 29
77 48
23 13
19 3
86 27
87 32
23 39
49 9
63 34
58 6
14 46
95 36
88 48
77 26
78 14
21 13
43 42
83 10
2 22
15 29
65 17
29 23
94 52
86 39
41 29
18 20
59 31
95 53
85 58
65 4
41 46
97 38
89 41
14 7
78 50
36 7
52 55
93 16
65 21
100 3
54 47
40 60
81 7
42 7
96 18
37 35
64 51
61 28
45 8
74 43
57 15
15 5
49 33
3 3
99 36
14 1
22 45
13 59
49 38
35 31
34 50
33 57
71 58
39 24
26 18
74 18
100 2
90 36
75 6
74 20
19 25
3 6
85 57
73 43
37 43
71 24
76 43
65 23
57 32
86 6
1 13
61 54
30 35
97 20
49 21
8 4
42 40
76 22
5 1
12 7
85 14
93 18
63 13
58 28
90 31
81 44
4 33
96 52
27 39
89 7
74 31
65 6
56 27
75 48
14 0
28 29
53 55
61 50
12 25
17 18
46 1
31 27
86 34
95 24
56 36
24 39
76 38
40 8
97 5
6 53
15 27
81 36
79 35
57 19
23 44
43 42
65 11
5 48
6 24
46 15
43 18
10 34
49 31
35 37
6 55
54 48
62 49
21 31
66 50
17 33
92 4
1 37
36 30
14 14
98 27
64 3
75 18
47 43
22 39
93 27
3 19
52 17
69 9
85 41
97 31
11 25
44 14
9 44
81 39
31 32
86 28
31 10
66 17
96 57
6 46
1 18
52 24
16 57
69 20
69 57
55 44
66 53
74 37
62 51
17 53
58 24
68 24
98 10
58 38
96 54
10 6
80 13
36 48
61 5
38 22
42 20
68 35
95 27
35 27
45 56
6 60
57 21
83 11
92 22
23 9
55 57
17 4
31 45
27 34
55 19
67 27
22 41
28 31
33 34
46 32
32 54
26 60
40 56
80 44
74 8
8 19
69 36
58 50
70 14
47 1
83 24
34 39
67 24
83 43
20 10
3 26
58 34
18 55
63 54
29 21
35 14
57 24
79 35
24 59
57 52
23 1
28 18
51 50
82 29
37 39
45 39
1 40
71 60
2 8
60 5
64 15
2 52
100 4
94 43
66 46
99 28
17 26
31 47
61 47
61 27
47 47
90 21
28 57
4 41
46 5
46 29
43 57
62 45
59 19
34 32
79 17
13 51
68 53
58 56
29 21
77 44
38 46
66 12
7 53
29 42
73 23
9 47
77 31
66 44
73 54
19 8
3 36
51 26
12 45
81 27
43 14
68 16
37 59
54 11
46 32
25 16
76 46
70 60
91 32
52 13
62 31
5 10
92 32
97 47
2 54
6 46
100 36
4 60
20 41
70 35
100 59
84 40
42 37
36 42
68 12
65 34
57 26
30 57
12 3
100 32
84 40
46 59
5 51
84 23
67 12
27 39
46 25
95 59
85 40
41 45
48 12
70 12
9 13
43 29
98 11
35 27
31 32
37 38
18 54
69 56
58 54
51 53
57 20
33 7
11 48
60 22
51 25
58 44
69 28
48 48
86 37
4 57
34 38
87 33
30 55
7 7
70 38
50 57
47 3
14 0
93 13
33 34
55 9
18 41
26 22
100 2
13 60
68 51
34 27
80 19
100 22
52 5
92 15
30 14
80 37
10 49
21 0
55 57
32 49
6 31
4 49
80 8
64 16
89 40
13 34
3 38
100 17
65 27
76 36
46 35
28 26
18 55
93 49
19 24
99 43
1 22
33 54
23 28
47 56
55 26
100 12
78 42
6 2
26 58
28 51
13 31
8 54
33 58
73 13
42 60
7 16
53 16
95 44
94 38
61 33
28 7
21 32
81 0
48 46
37 56
12 53
53 31
84 34
37 26
97 29
16 56
55 12
12 40
60 4
76 60
4 10
37 16
20 6
50 14
63 50
52 2
10 50
11 13
50 33
57 60
40 28
17 37
43 51
65 10
87 40
96 19
90 31
40 15
38 18
2 10
42 31
91 51
37 37
66 2
6 13
83 37
30 59
28 15
91 56
26 16
13 9
95 26
1 12
70 38
11 41
79 1
14 17
76 46
28 2
11 28
38 28
57 22
10 60
77 48
57 44
98 38
38 48
65 38
15 6
31 21
71 26
72 9
66 0
8 43
51 21
14 49
37 44
34 41
4 38
82 53
39 13
32 48
2 4
19 8
91 22
95 4
20 51
24 53
70 52
22 2
42 29
38 30
86 52
66 40
66 32
48 30
27 22
23 25
6 13
86 3
32 32
46 6
77 38
87 12
23 58
94 35
3 1
11 52
15 6
16 14
65 40
28 38
94 7
61 45
43 31
14 31
31 11
74 53
50 11
81 2
89 42
13 44
100 43
24 48
95 13
67 42
9 57
25 52
75 60
63 0
51 5
22 3
46 9
10 35
10 49
50 38
78 12
11 30
4 5
82 12
10 59
41 39
6 0
15 55
94 8
19 4
58 49
93 17
48 41
13 40
83 45
79 24
45 1
7 3
63 59
87 56
28 48
50 3
78 7
28 10
66 50
24 60
15 38
18 21
17 10
41 20
37 8
42 42
40 34
81 21
76 60
35 46
42 42
20 2
4 25
2 8
14 9
69 3
75 59
13 59
29 7
58 11
11 22
72 45
91 4
56 26
24 59
76 3
11 14
57 50
70 46
45 37
87 55
88 60
45 31
56 60
63 39
48 57
96 25
38 51
51 31
32 10
67 42
84 24
36 45
79 19
25 50
14 35
60 6
20 42
81 22
77 38
94 17
16 28
73 47
17 4
30 30
50 40
69 25
88 30
84 22
57 56
4 58
3 31
35 8
92 39
77 21
2 48
78 54
100 36
44 46
33 1
40 40
60 50
90 12
4 58
59 48
3 53
3 8
46 32
93 44
30 4
88 6
34 52
37 46
61 59
84 25
63 10
39 58
63 25
84 15
98 4
92 16
40 32
35 18
18 34
47 27
63 48
15 3
44 51
93 30
70 57
69 25
58 5
68 13
47 37
80 38
28 33
44 50
93 35
54 19
69 38
42 14
1 56
57 18
69 58
98 28
89 8
36 13
69 13
45 57
47 40
8 57
50 58
34 44
28 58
39 44
51 46
54 6
59 24
53 37
68 23
99 21
69 9
93 29
44 41
98 48
48 38
49 25
19 40
25 12
8 41
23 27
85 15
84 53
26 6
96 54
29 12
89 19
4 52
19 22
57 45
44 11
76 25
27 18
96 17
22 44
100 20
93 14
86 25
92 31
60 56
32 31
6 0
13 20
90 55
47 57
97 43
91 44
58 58
57 41
92 5
37 51
45 58
63 45
4 34
99 3
15 41
38 23
27 13
30 23
72 41
51 56
91 37
78 13
36 31
97 10
12 10
20 50
53 6
66 28
36 28
92 39
75 55
28 19
66 8
13 10
64 38
41 1
91 15
38 60
81 7
38 35
35 19
59 28
48 25
44 10
63 31
37 28
77 58
61 10
28 23
15 21
20 35
94 28
3 43
48 46
32 26
8 5
25 45
93 24
45 8
42 47
5 6
60 25
81 49
66 42
84 47
56 16
43 59
32 7
93 45
20 14
60 9
58 42
2 46
17 27
26 9
82 19
88 44
48 50
78 34
23 51
52 55
99 47
55 1
19 38
76 11
21 7
75 58
39 35
42 7
42 51
17 15
87 44
42 38
93 21
28 30
7 20
43 26
32 56
77 58
50 23
20 21
84 37
63 30
8 28
17 13
35 5
44 36
89 45
45 26
5 53
97 36
42 30
25 14
61 13
100 58
33 55
54 4
80 0
46 30
39 14
95 44
42 42
76 0
18 51
33 8
9 33
79 55
47 30
39 23
90 31
94 28
59 0
85 45
20 21
35 52
7 23
67 23
29 15
7 45
14 12
10 32
23 59
54 8
52 19
9 6
29 55
23 60
100 32
55 47
52 31
20 44
68 28
94 25
37 54
6 59
64 20
89 44
34 22
98 46
21 28
9 9
97 20
1 57
71 21
100 31
42 22
90 60
28 54
87 36
100 6
53 10
26 52
82 27
16 45
64 59
22 33
5 39
82 52
30 56
38 16
48 18
79 27
76 11
65 54
75 47
58 27
19 32
89 41
42 15
24 38
71 58
75 38
67 39
17 30
90 26
90 18
21 29
4 21
71 35
93 16
23 29
26 4
91 59
97 56
64 34
21 15
9 52
17 49
32 47
89 24
38 26
2 17
31 0
54 50
98 24
66 34
69 24
9 29
90 43
40 51
16 25
48 55
49 12
60 10
32 52
26 12
42 52
41 8
88 14
70 19
33 4
33 37
22 3
53 45
88 53
75 16
60 23
17 34
3 42
58 36
29 56
2 29
75 25
38 48
41 35
10 17
43 36
47 42
19 46
17 15
21 13
83 57
44 49
73 5
64 26
11 43
84 57
93 19
27 58
60 29
9 14
86 12
55 48
79 56
70 47
24 12
67 44
64 26
77 56
52 16
29 7
71 31
1 38
65 22
33 32
98 1
12 27
94 57
15 17
81 47
18 60
74 35
28 25
96 19
56 28
9 35
7 32
56 9
7 0
17 12
55 46
89 34
59 58
18 44
93 56
42 16
82 47
47 24
66 19
48 60
45 59
58 18
97 56
35 4
11 21
28 56
98 10
17 1
32 22
54 15
10 21
29 29
28 4
26 2
73 39
70 58
96 37
55 44
68 2
52 57
82 48
53 9
46 8
3 20
4 9
36 8
50 44
12 33
80 26
24 18
13 56
10 57
52 17
13 39
71 32
30 29
83 18
71 13
67 60
7 49
80 55
59 38
3 13
66 7
55 21
8 1
72 36
86 32
69 45
98 56
67 25
52 33
2 23
93 46
26 42
77 16
77 38
8 40
64 60
55 26
52 39
68 32
61 32
4 25
11 10
96 47
43 56
28 55
21 7
66 45
27 46
28 20
52 57
27 4
66 49
71 48
69 32
12 1
97 59
41 3
18 35
74 44
26 22
64 57
68 59
88 3
31 36
28 0
40 37
87 28
72 42
88 38
67 13
60 15
63 19
41 37
22 9
84 30
47 33
24 54
86 43
16 54
46 19
67 54
11 38
36 36
20 21
21 55
99 14
83 48
15 46
69 24
51 51
38 57
72 15
54 39
39 49
73 11
52 0
88 31
76 49
80 34
60 42
100 5
12 38
9 3
56 50
95 33
45 28
93 7
64 27
95 24
19 55
7 26
17 8
4 45
83 37
44 41
49 44
49 42
16 49
28 2
61 26
24 8
63 22
71 53
59 30
21 3
47 37
28 2
33 28
50 7
47 31
19 16
43 21
13 35
57 56
16 2
2 13
35 58
81 25
26 13
23 28
69 14
62 45
22 23
100 46
39 23
17 35
98 13
68 22
18 4
90 48
95 54
20 14
36 44
66 24
17 17
49 49
26 17
79 45
62 37
78 46
99 42
48 51
51 57
92 24
56 38
45 46
29 32
37 32
68 20
40 46
89 19
46 20
97 25
98 8
15 43
89 4
53 58
66 7
91 21
71 47
28 12
31 30
88 43
51 14
28 26
80 49
91 13
60 2
35 19
11 15
40 19
79 10
95 43
27 18
92 37
48 47
39 4
89 33
78 43
10 34
90 16
36 42
14 40
92 26
11 43
49 11
33 39
66 3
9 11
9 52
64 17
1 2
34 44
44 30
51 53
29 9
83 10
43 1
89 58
2 48
100 59
72 15
48 8
2 9
57 23
100 1
12 60
23 32
59 30
48 13
6 44
72 36
5 49
68 32
75 41
66 15
55 50
64 21
67 53
83 41
64 34
37 48
75 59
29 49
9 20
28 55
71 7
87 2
88 20
97 36
7 42
49 9
44 10
48 33
91 5
19 47
44 6
42 34
45 23
96 10
33 41
12 21
24 18
14 41
23 29
11 37
46 19
58 14
27 42
71 34
12 37
59 42
36 33
33 1
84 23
53 19
32 2
22 36
57 10
11 41
83 47
17 13
27 31
44 6
29 58
64 0
92 40
31 27
30 6
78 34
25 44
74 58
69 60
11 10
13 26
89 47
95 55
86 10
55 24
99 20
35 51
73 51
23 50
15 51
2 3
31 45
75 21
33 6
19 10
84 14
63 2
23 43
44 13
79 15
33 35
79 58
3 42
55 8
5 16
79 30
21 43
27 14
45 52
9 27
32 57
1 28
89 46
71 7
57 51
20 41
71 18
5 54
100 28
16 4
77 34
44 32
50 13
98 1
20 2
29 52
90 22
65 43
39 55
69 52
94 43
77 42
12 43
79 35
85 48
34 24
23 14
12 14
68 47
95 21
94 57
45 4
32 30
18 56
26 22
96 46
2 21
31 34
58 49
23 44
96 23
86 32
56 48
46 3
25 5
78 54
57 56
90 16
84 46
63 5
29 34
31 31
32 34
33 43
49 48
35 29
97 30
34 44
94 51
35 51
75 50
76 35
100 22
49 45
18 60
67 57
73 40
46 12
70 34
2 25
31 13
31 10
23 43
91 55
23 2
82 44
13 36
71 8
84 43
51 38
66 12
34 30
32 12
33 45
23 12
87 19
6 39
8 25
36 50
98 17
3 35
98 34
8 53
8 8
95 24
9 7
87 7
21 31
80 44
39 44
58 44
95 30
34 11
22 50
11 55
6 32
79 34
33 18
39 15
90 34
21 60
35 38
72 39
80 46
11 35
3 18
26 51
94 57
94 17
5 44
84 26
7 2
53 38
68 38
77 10
31 51
20 47
42 16
99 48
88 60
14 21
30 7
68 18
61 52
74 2
27 29
82 9
27 48
73 16
11 55
30 43
95 27
63 24
38 52
13 27
66 40
73 23
56 42
59 48
25 17
82 15
27 17
67 20
3 4
38 22
87 36
55 53
28 5
52 46
20 2
7 0
42 34
44 34
97 10
44 30
11 5
73 26
49 5
98 24
31 18
7 39
93 4
6 11
4 36
49 18
85 34
31 40
21 18
83 4
29 52
16 33
91 57
28 34
97 8
80 2
15 19
39 9
3 26
43 8
13 37
91 11
60 16
14 33
7 42
26 0
24 10
76 12
31 10
96 57
30 54
70 27
53 56
68 56
96 11
78 53
29 24
68 14
95 1
51 2
59 49
42 7
98 5
33 12
87 35
87 2
17 20
31 51
3 52
44 10
60 21
69 43
79 24
85 47
21 13
63 52
17 34
22 22
88 8
6 17
16 20
52 40
7 36
75 17
25 5
54 54
76 48
82 21
39 17
80 35
8 43
79 2
75 42
93 28
56 28
83 59
48 57
45 14
38 13
85 50
61 29
20 43
39 10
81 58
90 42
4 1
18 4
46 30
53 60
35 41
24 57
22 7
39 30
82 38
59 33
32 44
90 59
90 23
89 34
16 46
89 26
19 36
9 43
81 12
12 0
74 24
100 52
86 58
75 57
74 10
18 4
61 35
4 22
81 42
91 4
1 37
79 25
96 45
86 19
88 1
57 57
33 19
87 22
28 52
43 3
72 44
45 2
16 51
38 54
77 47
24 0
45 18
47 54
61 13
92 28
67 0
74 9
56 14
20 40
16 56
18 35
5 24
90 10
35 24
42 20
76 58
15 60
13 45
21 7
73 10
51 46
57 50
26 57
95 41
7 43
41 52
83 30
91 23
93 24
43 31
31 48
60 5
14 10
82 28
78 13
79 21
50 48
91 37
85 2
8 50
76 34
54 10
23 20
36 19
65 15
94 33
49 42
97 14
49 3
15 34
95 33
28 14
9 18
12 49
2 8
45 27
85 15
6 14
12 54
86 0
98 46
32 31
73 42
47 9
55 49
88 35
83 21
52 48
78 27
55 0
93 54
75 23
29 3
25 48
91 41
86 10
61 34
16 5
67 24
27 37
64 10
86 58
72 58
7 55
79 27
17 17
33 43
7 37
33 4
41 25
59 45
5 43
57 45
17 5
10 8
20 19
51 24
33 1
34 30
38 47
87 39
53 21
77 52
64 39
52 12
39 19
86 59
26 7
79 52
11 4
83 33
65 28
44 39
36 41
52 58
34 35
79 26
31 53
88 34
58 17
37 28
83 2
60 59
13 8
66 36
83 41
7 14
19 6
67 58
30 57
79 55
71 37
60 38
74 19
76 19
87 22
23 33
59 24
5 22
53 59
72 20
74 4
24 9
45 49
93 1
77 17
39 34
22 6
88 51
19 9
29 23
10 15
63 53
84 12
69 26
24 18
51 39
61 3
72 59
52 1
12 27
37 8
91 44
55 51
84 20
38 0
70 4
60 39
34 7
21 51
23 35
45 4
8 59
3 56
18 43
98 31
95 47
96 19
46 30
3 51
75 32
16 38
47 11
19 58
45 29
24 0
55 42
59 6
100 21
42 40
15 60
90 6
6 39
68 19
36 25
24 46
99 60
29 49
55 40
26 23
99 33
75 7
12 39
44 48
52 24
69 44
49 57
10 55
22 37
61 54
52 30
28 45
92 12
47 22
54 4
32 12
35 48
90 25
20 51
3 46
78 54
42 57
22 13
77 47
32 37
87 27
90 52
35 19
43 36
69 48
12 0
53 47
38 36
42 23
34 25
96 30
45 5
7 50
35 34
69 43
92 4
73 21
52 9
19 58
54 39
73 54
6 60
93 37
43 21
50 34
4 6
48 19
81 0
37 42
45 54
36 51
28 19
20 10
82 14
81 17
95 29
64 28
30 22
15 53
26 14
5 24
89 36
8 45
69 28
71 5
64 43
69 9
17 27
97 41
10 28
36 34
55 32
56 47
56 7
31 4
22 35
83 27
55 44
10 45
89 48
92 27
22 12
60 25
14 20
87 36
80 9
85 16
79 10
48 46
33 53
1 18
27 56
27 17
21 34
85 42
18 11
10 51
23 60
61 34
49 31
32 55
2 28
47 11
13 54
59 44
78 29
99 26
46 52
33 18
96 23
38 31
5 18
91 17
83 50
28 33
46 38
44 38
80 42
63 60
44 54
14 47
62 36
2 12
32 15
91 23
83 27
9 32
82 42
19 39
60 58
36 11
55 49
94 0
26 26
89 19
25 26
71 51
56 58
87 44
22 33
67 40
73 44
96 41
39 6
90 52
56 59
39 23
90 55
16 51
34 1
54 57
11 31
83 12
60 1
48 8
93 17
12 5
12 15
58 24
16 42
54 44
87 33
85 46
58 24
5 8
42 60
35 43
30 26
94 28
48 55
56 14
14 16
24 32
27 45
48 59
3 14
44 28
17 9
95 44
60 38
50 23
99 16
55 22
20 36
58 57
33 34
10 35
50 53
36 35
44 16
20 19
33 55
91 56
76 55
17 54
13 51
48 51
90 51
78 6
27 37
20 0
39 21
90 33
88 0
71 53
40 18
76 23
32 35
13 36
29 42
24 35
11 24
45 39
30 3
84 58
76 56
75 26
78 13
9 60
63 11
58 34
95 43
84 14
17 19
84 24
16 34
71 52
79 59
55 10
100 45
59 44
66 31
65 17
13 21
63 54
14 24
58 59
54 37
93 60
80 17
60 26
2 14
59 1
86 21
52 5
36 4
83 22
22 30
2 31
45 30
16 1
35 57
9 52
44 53
71 49
45 42
81 39
58 58
51 33
95 5
44 51
22 60
64 54
27 49
51 55
54 34
32 0
65 1
31 9
49 54
90 35
95 59
42 32
6 8
59 31
95 51
39 1
23 51
29 1
73 44
91 49
8 45
24 46
6 13
17 52
32 19
57 33
79 46
25 42
1 24
26 22
46 49
55 33
15 46
70 39
49 22
31 14
33 50
75 41
6 28
2 1
98 29
50 26
81 7
20 28
57 54
89 7
71 35
47 41
86 32
66 50
22 34
37 19
32 54
65 22
28 4
2 16
92 20
11 9
58 52
67 22
95 0
54 42
37 31
66 1
91 31
67 12
72 1
90 39
61 28
38 57
81 44
5 26
80 13
79 46
25 28
73 45
32 55
96 22
76 59
65 51
52 23
28 1
37 54
28 30
29 8
65 11
83 5
27 48
67 26
26 4
30 51
9 22
46 8
52 26
42 23
71 0
48 35
14 12
17 6
91 30
100 41
15 57
23 16
71 7
97 12
19 52
10 27
77 7
14 26
47 54
93 4
40 47
4 46
72 6
19 29
77 25
45 22
75 9
96 11
8 45
36 21
33 60
16 26
46 8
50 3
55 35
6 2
97 19
88 14
80 15
66 57
86 12
8 0
34 22
75 53
47 23
40 27
73 15
68 21
10 50
53 43
77 57
72 27
37 28
89 8
78 45
53 14
3 34
77 25
88 32
23 20
17 14
82 33
48 35
22 17
13 47
54 5
60 57
43 29
48 29
42 26
32 39
10 50
9 1
66 25
81 57
100 49
37 15
14 6
21 58
25 6
72 49
65 31
91 47
26 38
34 60
36 27
24 7
80 37
88 5
76 24
91 34
7 12
29 13
79 44
3 16
2 1
1 54
68 55
38 3
3 27
62 22
47 20
55 22
28 31
94 55
11 39
89 8
40 7
94 36
99 43
42 55
94 47
22 13
5 34
21 29
57 41
59 0
65 39
11 59
65 29
48 48
49 0
83 10
1 24
88 9
87 53
33 45
13 7
28 0
12 55
40 46
46 37
100 0
92 6
43 55
5 16
28 3
61 53
6 25
74 14
23 2
66 27
68 23
41 13
31 16
53 60
79 54
80 29
33 15
14 25
53 28
29 51
88 34
76 33
52 50
59 6
74 54
18 53
87 23
95 52
99 20
88 47
15 56
80 16
77 6
38 47
100 37
68 12
45 53
59 18
58 2
58 45
51 55
20 59
3 15
2 47
47 39
6 55
50 0
37 20
75 52
77 57
99 41
71 60
86 60
36 40
63 17
9 43
84 47
35 32
33 45
65 60
3 51
12 25
6 19
7 58
57 53
92 51
23 13
42 60
5 19
79 4
47 3
43 31
32 41
86 9
13 1
12 41
20 40
53 35
29 18
65 0
58 19
39 4
83 38
19 0
56 12
6 17
34 20
65 37
82 32
70 34
51 8
25 11
97 31
44 32
44 0
36 21
33 49
100 35
83 42
69 1
69 15
82 41
81 20
59 54
100 47
72 3
46 36
32 9
89 44
64 59
44 13
22 21
83 59
79 16
24 39
62 28
56 24
8 42
23 53
29 51
51 44
2 45
19 37
24 39
83 55
58 32
71 30
16 19
44 37
70 29
75 9
27 22
17 51
78 44
87 0
41 11
70 26
54 37
55 9
14 12
34 37
98 19
52 31
56 34
31 49
6 54
19 25
45 32
87 7
68 8
89 34
80 58
77 46
37 6
75 33
58 50
30 6
68 47
33 10
77 49
41 59
10 38
56 53
49 0
17 59
1 49
70 10
35 41
68 48
75 14
23 33
83 51
95 7
29 34
73 48
13 45
55 27
16 29
50 45
22 57
47 2
29 7
16 0
72 60
27 25
15 44
63 56
61 4
20 39
19 25
42 24
74 24
50 26
78 40
17 45
78 45
89 56
44 30
39 8
2 34
99 33
17 5
18 29
30 40
22 1
83 1
80 30
41 18
49 38
95 29
25 36
40 23
85 27
54 14
41 56
17 29
59 53
1 57
60 8
6 3
8 7
90 36
3 0
66 21
69 46
87 50
71 37
72 32
89 50
70 37
89 31
24 17
33 43
65 15
85 10
74 38
24 53
2 28
44 35
90 10
13 44
4 14
3 3
88 16
76 2
85 33
87 44
23 41
61 60
82 4
62 46
59 53
39 60
24 29
33 28
47 41
23 47
7 40
65 6
20 38
90 1
46 50
47 5
50 46
29 28
84 9
86 21
81 50
88 3
18 10
15 21
22 43
87 48
28 2
72 10
3 43
39 47
23 53
51 53
74 9
9 32
37 51
40 37
90 21
45 31
89 42
50 43
74 36
40 51
50 9
46 27
12 38
50 21
8 32
61 55
62 24
34 45
93 41
33 21
86 49
62 13
38 11
79 6
18 16
95 58
97 12
96 39
49 45
7 4
15 38
31 8
3 7
90 34
77 20
75 11
38 60
19 26
39 41
82 23
3 30
78 31
13 51
10 52
45 52
24 4
5 42
58 34
82 21
88 12
65 29
39 10
51 34
41 25
82 52
20 14
10 21
97 33
8 7
79 56
55 10
27 28
8 15
72 45
67 20
82 47
68 25
25 2
59 8
48 59
61 25
79 18
76 58
33 18
54 57
47 32
4 18
95 7
15 16
29 2
28 42
84 19
12 1
55 42
58 8
46 40
82 41
87 10
62 15
40 17
56 41
50 27
30 57
81 60
70 30
25 43
15 19
47 8
90 29
26 24
31 53
64 43
45 2
66 30
72 23
13 24
6 45
60 2
68 22
22 2
38 6
54 42
85 55
41 43
70 35
13 18
47 15
69 46
19 52
90 59
16 26
44 29
89 44
33 9
48 52
99 1
32 35
30 19
65 6
44 12
32 33
69 50
92 54
23 12
31 22
40 0
71 9
85 5
65 37
88 40
64 56
93 42
27 22
89 8
47 59
34 22
43 34
40 11
21 27
48 39
89 58
73 55
35 30
54 46
49 41
79 2
82 58
26 53
49 50
56 22
98 18
33 58
52 24
9 2
22 40
69 45
55 27
55 17
60 31
31 53
22 33
83 0
34 26
96 26
52 37
71 59
80 13
22 12
63 15
87 27
72 30
20 23
36 25
71 6
9 17
30 38
64 49
24 34
35 43
46 9
73 10
36 30
88 60
75 11
61 26
93 1
92 33
55 10
39 0
61 8
80 11
2 60
42 45
77 39
52 1
42 57
81 15
51 1
50 53
8 17
59 0
67 38
89 18
71 24
75 20
11 3
7 27
3 30
57 29
60 41
78 31
60 22
96 4
59 48
62 46
49 17
34 27
39 48
55 19
74 35
54 27
24 7
81 40
34 34
48 59
40 59
62 48
40 52
8 15
43 48
11 37
29 38
3 28
89 0
11 51
61 26
95 34
48 36
94 55
53 46
89 1
10 51
95 40
100 17
38 2
93 57
88 22
18 33
57 54
49 40
88 50
48 26
20 49
43 57
45 33
52 6
78 15
12 55
10 38
57 41
15 23
86 4
10 32
63 42
36 48
37 46
29 20
65 23
77 36
5 22
72 44
42 11
21 35
34 56
89 39
40 37
41 53
77 43
67 54
52 23
13 59
80 27
57 38
36 59
18 41
96 21
85 37
86 41
38 3
97 6
85 41
71 40
1 45
96 56
18 47
27 25
23 24
72 56
47 20
36 23
89 30
10 23
31 29
51 40
23 32
100 11
94 54
19 28
86 13
98 59
8 30
2 33
90 47
45 59
5 1
50 32
74 27
96 45
29 41
100 29
45 20
45 37
21 47
25 14
99 4
19 52
96 24
58 4
52 57
1 47
73 13
68 32
98 15
38 11
57 25
79 46
79 42
80 29
58 41
68 24
32 16
80 22
32 35
89 47
37 60
15 53
1 10
40 8
28 22
27 28
33 56
66 39
13 20
5 36
36 13
6 49
96 46
68 30
10 39
87 50
9 42
85 3
40 53
76 20
49 34
89 52
35 12
11 35
16 43
49 40
76 44
18 13
54 6
36 14
40 3
27 30
38 35
98 50
86 31
25 48
85 51
91 11
6 14
13 55
57 40
31 54
57 3
14 44
72 56
58 7
86 3
74 51
78 44
34 12
85 0
44 46
49 46
45 50
25 1
80 42
46 59
77 26
59 48
32 7
6 48
84 38
25 8
88 13
81 30
20 45
26 14
21 57
67 16
80 22
27 56
66 35
75 25
45 15
22 60
89 33
4 28
68 12
10 42
43 4
17 44
7 4
10 55
85 4
70 35
68 50
63 50
63 48
42 20
10 52
7 0
24 48
74 53
50 27
56 41
68 1
8 23
37 17
66 51
60 19
78 56
87 25
21 42
56 20
64 41
80 56
15 57
11 50
51 50
10 13
70 46
94 20
9 22
28 19
72 43
99 12
4 33
53 1
25 38
30 47
1 12
73 3
80 32
23 41
70 36
77 51
86 27
71 23
50 56
66 54
16 51
8 40
41 17
52 6
68 24
37 11
64 56
52 37
68 18
60 40
76 57
68 3
68 54
78 52
89 31
32 2
22 42
31 10
88 34
36 10
8 29
18 32
37 43
74 21
14 41
72 47
42 8
100 21
18 43
93 1
56 8
90 18
42 27
61 15
32 49
33 30
10 60
6 36
35 12
93 25
1 57
99 35
33 27
64 6
27 22
96 18
91 9
48 29
88 8
54 12
40 48
84 29
7 36
35 35
87 52
70 27
15 5
43 1
7 38
36 18
84 33
35 2
87 50
51 25
60 18
8 28
94 35
74 55
17 5
24 39
23 36
53 29
87 50
95 42
58 23
94 32
36 52
87 21
96 21
74 10
92 16
56 37
6 18
69 53
77 38
86 42
85 31
21 38
32 3
66 34
65 60
24 0
39 14
92 0
5 39
70 37
13 10
72 52
60 14
59 60
82 10
73 38
56 18
26 0
89 44
52 14
3 28
65 22
17 0
65 51
64 31
29 36
14 36
9 48
80 12
9 54
74 5
39 55
76 32
71 10
88 29
4 42
58 10
68 24
10 57
78 28
16 32
87 22
83 39
72 21
51 28
80 54
69 26
63 22
66 42
91 11
11 31
88 49
3 56
94 47
50 60
23 41
87 53
74 21
10 55
10 57
60 36
93 58
8 38
31 3
17 21
46 45
2 5
63 21
6 6
51 18
31 57
98 50
10 43
3 18
77 12
2 4
90 36
90 26
43 38
30 53
11 0
70 14
85 19
89 5
82 52
62 40
59 36
92 45
98 24
74 42
51 55
11 0
23 27
15 58
52 29
21 32
89 46
66 10
86 31
30 9
39 32
31 32
27 3
34 45
37 40
33 57
8 10
68 46
97 10
70 7
87 48
50 0
1 29
20 42
76 58
63 36
98 52
67 6
22 34
56 21
53 53
5 32
72 57
43 11
94 33
93 2
92 45
59 58
77 41
62 30
82 39
41 53
35 57
95 32
13 24
37 3
84 44
82 47
63 60
92 43
54 33
37 8
83 6
23 37
62 4
2 21
86 54
30 26
9 52
93 9
86 40
55 5
93 39
24 0
38 58
27 60
41 2
71 50
6 2
94 15
91 22
40 12
12 25
70 0
81 38
41 40
99 7
79 43
92 17
7 11
68 50
79 19
39 45
93 17
68 35
84 14
10 46
72 40
44 34
74 8
28 55
58 54
2 4
79 46
60 35
67 23
16 39
16 49
82 49
75 53
55 28
60 3
24 35
22 3
91 23
100 51
1 12
2 16
75 45
81 22
70 20
78 21
54 54
97 57
67 18
93 47
6 2
21 25
8 54
73 58
88 41
11 32
41 40
37 51
97 37
52 16
75 40
76 39
69 39
54 15
40 34
23 22
57 41
88 44
52 41
55 47
90 29
45 45
73 57
75 47
17 58
71 39
16 57
5 1
81 33
60 26
98 8
35 23
96 23
62 13
66 9
46 30
54 11
64 5
24 28
93 10
88 17
57 15
57 4
56 14
50 60
70 58
53 41
25 15
39 16
14 1
44 24
19 39
12 60
49 43
8 25
64 41
17 55
95 56
81 38
92 1
43 39
63 44
87 2
78 47
13 59
82 23
9 39
36 11
50 13
35 56
31 4
55 57
36 31
26 37
34 40
76 40
33 38
56 21
75 30
80 16
24 21
59 26
5 26
71 51
20 29
68 20
4 29
99 50
23 26
68 24
54 34
13 17
54 19
19 34
89 40
90 11
4 50
48 46
50 17
45 33
60 10
34 38
76 6
24 4
29 18
100 55
85 46
28 13
20 8
33 48
11 53
12 11
63 38
30 22
32 6
46 29
23 4
37 1
13 42
29 48
78 18
93 4
40 53
73 44
55 12
21 19
43 51
92 13
15 8
7 19
19 4
13 14
89 41
59 8
5 21
40 44
25 38
41 55
15 13
67 34
27 42
9 34
39 41
57 55
18 49
50 19
43 17
49 10
46 45
28 3
