100 10000
53 5
14 1
26 2
25 3
13 4
22 1
55 0
39 2
63 1
13 3
88 5
17 0
13 2
99 0
21 1
24 4
64 4
25 6
15 6
80 6
47 0
52 3
48 3
25 3
99 1
11 5
55 0
89 2
41 5
31 6
51 1
98 4
47 6
14 5
18 6
4 6
41 5
77 3
72 0
70 1
5 4
32 0
37 2
9 2
84 3
72 1
75 0
99 2
27 5
83 0
82 2
8 2
49 6
72 4
10 1
24 6
64 1
65 5
77 3
70 6
55 1
81 6
100 6
48 2
25 5
30 1
52 4
64 2
86 4
18 1
24 2
46 4
58 1
76 0
24 0
85 5
34 2
92 5
91 1
98 5
44 5
44 3
21 0
63 0
65 3
46 2
14 4
37 5
45 3
47 2
30 6
72 4
90 4
88 6
99 3
91 0
37 6
93 6
29 4
86 5
87 4
59 4
28 0
39 0
10 6
76 0
16 2
93 1
59 2
88 2
71 2
27 2
40 3
33 0
93 2
4 5
25 0
16 6
82 0
42 3
78 0
99 2
65 2
2 1
67 6
92 6
4 0
83 5
61 5
83 1
24 3
3 0
6 6
23 0
65 3
51 6
54 6
56 2
5 1
10 1
3 6
28 0
13 5
50 5
43 1
35 6
54 0
20 2
32 3
63 1
36 3
50 6
87 5
68 4
13 4
33 4
9 0
96 6
55 3
32 3
78 0
17 6
41 3
81 1
41 5
90 0
93 1
4 1
25 4
14 0
67 1
27 5
47 5
20 6
79 0
40 3
99 0
2 2
74 5
62 3
42 1
43 0
59 5
25 5
75 3
22 4
38 4
98 3
56 3
30 3
96 0
35 4
29 1
28 1
86 5
12 5
85 2
80 2
9 6
85 6
62 1
57 1
31 4
91 4
16 1
23 0
81 3
7 6
17 3
52 6
52 4
92 5
31 0
9 4
85 5
57 0
8 1
18 2
9 3
58 5
99 2
94 4
71 3
7 3
73 3
9 1
89 3
58 6
87 6
98 5
56 1
21 0
4 3
45 3
99 4
56 1
87 2
47 6
55 2
34 5
55 5
23 6
67 4
89 4
50 5
2 1
10 1
97 0
26 5
28 1
68 5
46 2
11 2
20 6
23 5
56 5
87 5
96 1
10 3
60 3
22 1
57 6
32 6
31 4
39 6
43 6
13 2
36 2
9 2
85 3
10 4
35 5
89 3
64 3
45 0
52 3
95 2
16 5
75 0
58 3
89 3
7 2
99 3
94 4
30 2
29 5
1 0
96 0
50 6
33 2
76 1
4 3
65 3
20 4
42 4
86 6
35 0
11 5
52 5
51 3
32 1
75 2
26 2
19 0
77 5
20 0
45 4
59 5
5 2
59 3
37 4
32 6
99 5
16 2
60 0
2 1
95 3
55 1
10 3
83 4
40 2
26 1
94 4
21 5
77 5
22 5
35 2
65 3
82 3
71 2
98 5
41 5
84 6
96 3
79 3
39 0
64 0
36 6
11 4
96 5
26 3
8 2
84 4
29 1
37 5
66 5
91 2
26 1
9 5
11 5
67 2
81 5
82 0
69 6
75 4
64 3
72 5
92 4
47 0
58 5
55 2
75 4
18 1
30 0
10 5
6 2
15 2
82 3
75 1
22 1
84 5
89 6
33 3
48 3
43 1
58 1
33 2
67 6
56 0
95 4
47 6
32 3
68 3
24 3
91 1
33 5
86 1
2 1
43 3
85 5
75 5
74 3
54 0
82 3
32 4
98 3
93 4
97 2
92 1
15 5
33 1
95 1
94 3
85 1
98 1
66 5
80 4
1 5
38 1
53 1
65 1
1 0
77 0
25 1
96 3
28 5
73 3
23 1
74 0
66 6
73 5
82 2
9 4
83 1
78 1
20 1
88 0
45 1
13 4
91 6
35 4
11 6
96 2
52 5
85 5
3 4
9 0
31 5
77 4
60 0
70 6
15 4
76 3
83 0
66 0
8 2
43 1
4 6
65 0
75 6
88 5
87 3
28 1
3 4
57 0
74 0
62 5
49 4
45 1
5 4
20 3
83 4
24 6
75 2
84 0
2 5
83 5
43 4
24 1
17 5
29 6
4 1
16 2
28 2
69 6
16 3
68 5
42 3
31 5
75 0
81 2
22 1
57 0
4 6
51 2
44 6
98 5
28 4
6 1
18 3
77 0
42 4
93 3
63 6
92 2
63 5
100 3
3 4
59 0
69 5
96 5
22 0
85 4
65 5
79 2
50 5
1 0
74 3
38 2
73 2
8 3
20 2
82 5
77 3
2 1
49 4
60 5
30 1
43 0
43 3
20 5
12 0
67 6
48 1
60 1
41 2
76 6
25 5
54 3
23 2
78 6
67 1
66 4
1 2
22 0
81 3
81 0
7 1
15 2
25 5
46 6
67 5
55 5
34 6
51 4
70 5
17 4
3 3
86 4
76 1
87 5
42 0
86 3
18 2
31 5
69 3
75 0
54 1
66 5
97 5
8 1
96 5
1 0
19 5
85 1
68 5
84 5
16 2
14 0
59 1
28 4
12 4
39 6
49 2
87 2
83 6
72 1
25 1
35 4
21 3
91 2
91 6
96 3
43 2
33 1
19 4
32 3
90 4
54 2
27 2
6 4
67 0
96 3
8 6
90 3
50 3
98 5
27 3
45 2
93 5
57 3
28 6
53 3
55 2
95 5
85 5
12 3
74 4
11 0
60 2
51 5
91 3
67 2
83 2
33 6
34 5
23 0
8 1
59 4
50 4
87 1
88 6
23 2
54 2
81 2
93 6
44 4
64 6
14 0
28 1
11 1
83 6
5 1
81 5
95 1
34 6
14 6
2 6
93 0
60 3
16 0
60 3
21 0
37 3
3 6
65 3
58 1
97 5
92 1
64 3
83 2
55 5
3 3
46 5
51 2
2 4
35 4
6 2
1 1
59 5
85 1
45 0
55 0
35 5
83 2
74 3
82 3
4 2
60 0
13 4
36 5
77 5
26 6
73 0
86 6
34 6
49 3
17 6
27 3
8 1
19 3
87 5
86 1
87 5
96 4
72 5
96 3
8 1
42 3
80 0
44 2
86 3
37 0
95 1
79 3
5 2
18 3
23 3
7 2
21 6
16 0
41 1
56 1
98 2
14 3
36 4
15 0
70 2
19 5
28 0
31 2
10 0
66 0
69 6
21 6
42 2
97 5
7 0
10 5
11 3
56 0
7 4
52 2
25 1
27 2
40 5
88 3
60 0
44 2
88 5
57 3
44 3
2 3
16 0
39 0
2 5
14 3
1 5
41 1
81 6
42 1
12 2
22 0
36 2
51 2
22 3
16 6
35 2
61 4
40 5
92 6
27 1
39 5
39 2
68 4
45 0
14 5
95 5
15 6
87 1
42 3
20 4
56 6
100 0
51 2
97 1
93 3
43 2
68 4
36 2
68 6
40 6
34 3
58 3
32 6
77 2
23 4
14 2
41 5
76 4
67 0
41 6
20 4
24 5
29 2
16 0
85 0
26 1
68 3
97 3
41 2
98 3
25 1
33 6
83 2
22 4
31 3
48 2
27 5
4 4
91 2
19 3
9 0
41 6
35 2
97 0
19 4
37 1
76 5
66 3
63 5
71 5
86 1
81 3
75 5
93 5
24 3
89 0
5 1
94 1
92 0
81 0
52 6
48 4
78 5
82 1
29 1
7 2
56 2
4 4
22 1
28 1
7 2
42 4
74 1
48 1
96 5
62 1
61 2
13 1
19 2
83 6
29 5
73 1
66 1
22 1
27 6
72 1
46 3
82 0
66 2
39 5
86 3
67 6
11 6
88 4
38 0
52 0
93 3
56 3
55 1
3 1
80 6
17 3
35 0
32 4
76 6
63 4
30 3
69 3
88 6
11 2
13 0
46 0
39 1
42 5
31 5
38 5
55 5
44 2
9 6
81 0
60 0
15 2
71 5
77 6
80 0
46 3
5 3
53 3
6 6
80 1
44 5
54 6
6 1
16 6
23 6
63 3
20 1
99 0
17 5
82 0
80 6
81 4
14 6
40 0
23 6
93 1
12 0
72 5
5 5
55 0
85 4
63 6
20 4
19 4
84 4
54 0
39 1
59 1
80 2
70 5
5 4
64 2
17 4
14 4
3 5
2 0
41 5
45 5
16 3
62 0
45 3
78 2
62 4
97 2
14 1
11 5
93 1
44 3
53 0
33 4
39 6
15 0
81 2
17 0
67 0
65 3
48 0
67 0
77 2
40 1
5 0
27 6
20 5
39 1
99 4
4 3
18 3
34 2
61 3
3 3
9 0
76 3
96 5
46 6
59 4
100 4
74 3
24 1
51 0
71 6
36 6
82 0
91 6
92 3
52 6
59 3
6 6
9 6
96 2
89 6
28 3
71 4
26 2
85 0
46 0
68 4
91 1
84 4
3 1
7 6
32 6
66 4
55 1
97 2
89 4
70 5
97 0
80 1
45 1
75 4
47 5
64 4
62 0
62 5
72 4
15 4
72 5
19 2
9 1
77 3
22 2
62 3
70 6
88 3
43 4
13 2
2 1
12 2
87 6
54 3
93 4
1 1
78 0
35 4
34 2
18 4
13 2
66 1
33 0
4 2
74 4
24 0
35 4
54 3
9 1
35 1
83 3
43 1
10 3
42 4
3 1
70 0
46 0
87 4
36 2
82 4
83 6
98 1
77 4
31 3
16 4
53 0
40 2
15 5
79 2
34 2
8 5
7 3
64 6
67 2
39 2
89 6
53 1
39 3
50 3
47 0
43 2
11 0
26 2
36 5
88 0
6 1
100 4
37 5
55 2
50 2
99 0
30 4
60 2
61 2
63 2
49 1
24 2
65 3
91 5
31 2
56 1
40 1
23 5
88 4
19 3
96 0
74 6
17 1
55 3
73 2
16 1
61 1
4 0
5 4
68 1
10 4
92 6
78 6
60 1
4 6
13 5
78 2
99 6
4 2
77 0
68 5
28 2
1 4
73 4
82 4
61 5
91 0
30 1
50 3
54 5
87 4
2 1
49 3
92 1
98 1
14 6
35 4
52 6
63 3
46 4
86 5
74 6
58 1
91 2
91 2
91 2
20 1
72 2
54 2
1 6
35 2
32 1
54 4
48 5
44 1
96 2
55 4
59 1
57 0
27 1
43 6
66 6
52 1
42 6
14 1
46 1
14 4
49 5
2 5
23 0
14 1
4 4
32 2
56 0
96 4
56 5
13 3
26 0
58 2
63 2
8 0
25 4
65 2
77 3
51 4
81 0
69 0
43 6
17 1
43 0
98 1
97 3
11 3
9 5
51 4
47 5
1 4
83 3
35 4
58 5
55 2
12 4
84 6
3 2
97 5
26 4
4 4
43 4
26 2
27 6
31 2
80 6
5 1
89 0
43 2
55 0
23 1
80 1
47 0
100 2
11 5
89 3
63 2
99 4
66 5
2 2
30 1
87 4
9 6
28 4
63 3
62 0
54 3
14 5
81 2
18 6
98 2
13 6
59 3
13 1
36 1
22 3
18 5
15 2
80 5
24 3
59 0
4 5
44 4
97 2
50 3
82 1
65 0
100 0
42 1
75 0
45 2
56 3
79 5
89 0
71 6
7 5
6 2
58 0
52 0
46 3
32 2
88 4
19 2
64 5
16 6
99 5
44 5
49 6
1 5
18 1
46 0
70 3
63 4
41 6
63 6
32 5
28 5
49 5
64 2
27 2
24 2
90 3
18 0
73 3
45 2
85 6
72 4
78 1
19 3
40 2
16 4
95 6
22 1
9 6
28 3
54 6
23 3
71 0
81 3
87 2
49 2
29 3
99 1
52 4
87 1
3 6
93 3
65 5
30 6
96 4
7 1
30 6
51 2
64 0
38 1
41 2
72 3
25 6
39 1
91 3
68 6
87 4
19 6
76 2
6 5
75 6
79 2
92 5
40 0
35 5
54 1
37 1
31 5
19 1
1 4
44 4
52 6
9 2
18 5
75 4
38 3
51 4
70 5
90 2
85 0
85 3
100 3
87 5
5 5
38 0
3 1
12 3
25 6
45 3
5 3
78 3
53 5
44 0
60 6
72 3
6 2
69 0
64 3
52 0
33 2
22 0
30 1
80 5
78 0
62 6
49 6
67 2
52 4
20 3
48 5
96 6
38 4
28 4
70 2
38 5
77 4
72 0
11 1
99 0
96 5
81 2
58 4
40 6
17 0
75 0
90 6
33 2
45 2
55 6
31 0
38 1
38 1
39 6
19 1
67 5
75 6
11 2
42 0
57 4
73 6
31 3
98 3
51 4
47 5
23 0
39 1
14 0
74 3
42 2
97 4
66 6
11 6
33 4
86 0
60 0
47 4
94 2
36 3
44 2
37 4
55 4
53 2
73 2
88 5
26 3
72 3
79 0
98 6
31 4
4 2
81 3
1 2
95 5
100 5
32 0
68 3
24 3
64 2
33 2
13 4
69 6
34 5
74 3
78 4
63 5
84 5
13 5
57 1
53 5
9 1
95 6
56 0
31 2
57 5
71 0
4 4
17 3
40 4
24 4
28 0
61 0
37 6
96 1
51 5
81 0
25 0
40 2
25 4
57 0
21 3
20 0
97 0
26 0
22 2
32 6
77 3
68 2
96 4
75 6
7 0
39 3
35 6
91 6
79 5
13 3
47 3
74 3
19 0
26 0
66 1
66 3
29 1
34 2
94 2
7 3
93 3
22 4
70 3
58 6
28 2
94 2
54 4
20 4
33 6
46 2
3 3
64 2
83 2
55 3
35 0
64 1
10 5
86 4
10 1
92 2
35 1
25 2
72 1
48 6
64 6
5 0
94 4
18 5
2 1
77 3
74 4
33 5
1 3
31 5
99 2
75 1
86 3
71 5
83 0
90 1
12 0
32 3
89 2
33 0
73 2
94 0
32 1
7 3
19 0
94 2
50 2
72 0
73 1
96 1
24 2
13 2
78 3
14 3
48 2
100 5
11 4
79 3
38 2
71 3
28 3
32 2
15 5
19 5
4 2
67 1
8 2
56 6
45 1
32 4
100 0
14 5
25 6
57 3
90 6
32 4
49 0
75 0
47 0
92 4
84 0
44 4
20 5
52 6
68 0
50 3
30 1
32 1
67 0
5 5
61 2
71 3
100 1
71 1
29 3
36 0
9 4
81 0
34 4
72 6
4 0
56 6
81 1
67 0
72 6
37 2
88 5
2 2
98 5
76 3
64 1
14 2
97 3
3 6
40 3
82 3
6 6
86 0
68 0
51 3
41 0
49 3
46 1
90 1
43 2
97 6
25 0
96 3
84 6
9 0
84 2
14 5
44 5
98 4
70 2
35 0
62 5
64 0
12 0
37 3
74 4
60 2
4 4
70 0
8 3
37 5
70 6
23 0
11 1
22 3
83 3
92 6
61 3
4 6
48 0
76 5
23 4
17 4
5 5
26 4
60 5
47 5
16 6
75 4
95 6
8 6
76 1
1 1
90 5
1 0
19 0
10 3
59 0
2 6
31 4
68 5
33 2
41 3
98 0
67 3
10 5
98 3
87 5
97 1
50 5
38 0
97 3
55 2
41 4
16 3
17 5
66 3
50 2
77 4
22 4
19 3
99 3
46 6
78 5
48 5
19 4
73 0
47 3
10 4
90 1
93 4
22 1
2 2
67 3
36 1
99 0
61 0
21 5
72 6
17 3
39 1
25 5
15 4
77 0
61 6
38 6
21 6
43 6
35 2
16 6
74 0
23 3
46 2
58 6
37 1
49 6
11 0
95 2
5 2
22 2
89 5
86 4
53 1
11 4
31 6
32 3
57 4
84 1
84 5
48 3
38 0
21 1
36 3
61 5
34 1
34 2
13 3
63 4
57 0
66 1
66 2
36 0
7 3
100 1
65 5
10 3
60 2
11 6
4 3
93 6
60 2
56 3
93 4
36 1
54 6
89 6
75 0
78 3
65 3
92 2
86 6
47 4
19 3
59 5
37 4
43 6
36 6
95 1
89 6
80 5
59 6
46 0
11 5
53 2
96 6
27 0
23 1
50 1
67 1
64 3
49 5
53 2
69 4
65 5
33 3
59 0
2 1
63 4
94 6
81 5
92 2
20 3
7 6
89 6
2 1
33 4
32 2
39 2
54 0
35 0
62 0
51 3
95 6
78 2
9 0
90 1
81 2
77 1
24 0
15 1
18 1
41 6
93 5
63 2
59 1
85 1
29 4
36 6
56 5
33 1
53 2
36 5
92 0
9 0
49 5
4 6
85 2
5 2
85 3
33 3
91 4
76 3
97 3
32 5
84 3
54 5
63 6
20 5
73 4
61 2
94 3
41 3
46 2
69 4
36 2
57 3
24 6
72 3
96 3
52 3
100 2
13 6
8 4
52 5
62 0
63 3
16 4
14 3
96 5
88 1
75 2
6 2
4 3
88 4
42 5
57 4
54 1
91 5
40 2
65 5
76 4
29 1
82 6
72 1
90 0
60 6
16 1
5 5
67 3
18 2
59 4
69 1
80 0
16 3
35 2
59 0
41 3
78 5
83 1
17 2
23 6
89 4
100 4
84 0
69 6
16 5
44 5
26 2
84 1
74 2
56 1
66 4
18 1
98 2
5 2
80 6
2 6
33 5
62 2
39 2
54 5
30 5
9 5
20 4
77 2
18 3
26 6
56 2
18 3
47 3
34 5
33 3
43 2
79 5
45 5
83 4
19 0
45 1
19 6
17 3
83 4
14 2
76 3
66 4
98 6
42 0
15 5
39 3
44 2
71 3
27 0
23 3
6 4
71 6
44 6
36 0
33 4
100 4
33 3
60 5
50 3
26 2
66 5
50 6
84 6
62 6
33 0
62 1
79 4
41 4
52 1
4 0
98 1
34 6
31 6
67 0
44 3
70 1
7 3
90 1
12 1
24 3
23 6
30 5
77 2
25 1
85 3
26 1
21 1
67 1
72 3
67 3
93 5
35 3
39 4
67 6
84 6
67 0
90 4
71 0
89 2
39 3
39 2
94 6
79 2
62 4
53 6
88 1
82 3
43 6
39 2
34 4
70 6
49 4
89 5
40 6
2 2
15 6
57 4
77 0
57 0
61 0
37 5
100 4
33 2
46 6
56 1
14 6
26 6
67 3
54 5
18 1
95 5
30 1
1 2
36 6
4 5
54 4
57 2
63 3
41 3
55 0
11 6
82 2
63 0
20 5
47 5
53 2
41 5
27 4
80 0
30 2
75 4
74 3
61 1
52 6
50 3
79 2
41 0
27 5
10 0
71 4
85 4
66 3
97 4
95 1
73 3
76 0
15 5
19 3
60 3
48 4
96 2
27 1
21 4
22 0
61 0
95 4
38 5
42 3
75 2
14 0
97 5
40 6
54 6
8 2
29 6
21 0
36 4
73 4
80 3
81 4
24 1
2 0
89 3
93 4
55 0
68 0
34 2
81 3
82 3
34 2
13 3
58 3
37 0
77 0
18 6
99 1
28 4
31 1
27 5
17 6
53 0
10 3
40 6
48 0
93 3
33 6
36 3
94 0
51 0
78 1
3 5
56 2
51 2
44 5
41 1
23 3
63 2
39 6
32 0
87 1
35 3
13 2
67 5
43 6
84 1
52 2
83 1
21 2
53 3
1 1
2 0
34 1
23 0
87 5
22 3
71 6
71 3
97 1
26 2
47 0
58 1
5 5
99 1
75 4
76 6
96 5
72 3
27 4
87 1
53 1
42 0
96 2
53 2
59 2
24 6
47 0
19 6
5 3
73 1
42 1
97 2
52 3
71 2
90 2
93 0
48 1
1 3
49 5
56 1
95 4
27 1
46 5
9 4
16 2
80 1
34 1
95 2
63 0
23 4
74 3
60 2
90 1
80 5
49 2
55 4
42 1
93 3
21 0
51 6
18 1
6 3
42 6
87 5
66 5
16 0
94 4
8 0
34 5
65 2
19 4
92 1
36 6
15 5
92 0
73 2
44 3
65 2
29 6
10 3
67 6
27 2
73 3
53 3
76 3
73 5
21 3
23 5
76 5
80 1
36 4
85 4
17 1
46 5
83 4
95 2
26 5
41 4
21 3
45 6
97 2
91 3
7 2
10 4
42 1
20 0
83 2
35 1
84 1
79 0
16 3
70 5
28 5
15 4
97 5
3 0
18 2
39 3
19 2
11 3
70 5
66 1
11 2
74 1
97 5
36 0
43 2
5 1
99 0
58 2
7 0
17 2
31 5
31 2
99 3
54 2
41 1
83 4
59 2
80 1
91 4
73 0
97 3
9 0
7 5
62 1
98 0
3 4
82 1
85 3
98 6
38 4
61 4
9 6
35 1
26 0
32 1
36 5
81 3
42 0
38 2
50 4
12 1
40 4
71 2
72 2
96 5
58 2
76 2
12 0
51 5
75 5
24 6
22 3
37 3
87 6
74 5
19 6
38 4
16 6
41 5
43 1
13 1
82 4
35 3
17 6
45 2
64 6
46 6
64 4
38 1
26 1
39 2
29 0
95 6
87 1
27 1
74 1
82 1
34 2
95 0
31 6
68 6
8 4
54 0
50 0
52 5
13 1
90 0
90 0
56 0
77 2
38 0
100 0
93 1
87 3
16 6
65 1
8 6
16 3
67 6
50 4
15 3
27 4
3 4
50 3
85 6
61 6
43 5
19 1
37 2
7 6
71 1
16 4
62 6
7 6
69 3
20 2
66 1
71 4
89 0
47 6
89 6
48 6
64 3
61 2
98 0
85 6
25 3
49 6
67 3
34 2
18 2
74 5
4 1
34 4
43 5
70 1
6 5
77 3
36 3
18 0
40 0
58 3
84 6
48 2
72 1
80 4
69 6
40 2
27 5
58 4
6 6
20 1
65 6
46 5
65 2
70 3
13 1
21 4
86 6
15 4
69 2
48 3
85 4
27 2
82 0
32 1
81 1
51 1
62 0
67 1
16 0
34 6
43 2
70 0
45 6
3 3
26 2
34 0
73 2
42 3
68 3
3 5
63 3
76 6
75 1
27 2
26 0
60 5
38 4
60 3
13 2
14 5
51 5
46 5
40 1
63 5
64 0
45 1
43 6
97 0
65 0
11 1
3 6
48 0
91 2
21 0
26 6
15 1
96 0
74 1
38 4
56 5
42 3
12 3
97 0
17 3
92 6
25 0
9 5
99 6
48 3
12 3
54 4
70 4
2 0
92 5
43 4
74 4
93 5
30 6
70 6
70 6
98 4
12 6
52 0
28 2
56 5
94 1
85 1
29 4
69 0
86 5
41 6
3 2
80 3
21 3
16 1
66 6
92 2
78 0
44 5
78 0
95 6
27 3
6 0
82 0
73 4
22 5
85 0
20 2
79 6
39 6
36 3
54 2
90 6
73 5
39 5
69 1
65 3
94 5
13 2
72 1
54 5
6 0
43 0
15 4
83 0
83 1
17 5
20 3
86 0
48 6
10 5
26 1
61 2
92 1
98 1
65 4
25 3
55 6
36 5
85 5
86 5
74 2
82 4
31 4
55 4
4 4
22 5
38 2
77 2
48 5
99 1
21 2
67 3
39 1
91 5
9 2
11 1
49 0
99 6
84 6
6 1
86 5
93 4
84 6
13 6
9 3
70 6
27 2
71 2
52 2
50 4
66 5
55 5
35 5
54 4
38 4
69 2
71 0
67 3
99 3
20 3
43 2
90 6
18 5
3 6
1 0
44 5
38 6
41 4
24 1
13 1
59 1
14 5
9 0
96 6
35 5
77 0
7 5
76 1
78 3
70 2
22 1
62 0
4 1
35 6
83 4
3 4
42 6
19 3
56 1
12 1
48 4
43 2
74 0
64 2
61 5
31 6
62 5
14 3
45 2
44 1
20 3
85 6
12 6
3 5
47 3
96 5
87 3
33 0
59 1
59 5
37 5
22 5
54 3
76 4
65 6
87 2
71 4
74 6
47 3
38 5
87 0
38 5
72 5
18 5
96 4
64 0
57 6
68 2
83 5
89 3
25 0
57 6
99 5
36 2
85 5
37 3
26 1
86 5
18 1
99 5
88 5
12 5
83 2
45 6
59 6
66 5
80 4
92 0
2 0
62 4
87 6
100 3
33 5
29 0
4 3
14 2
97 3
46 1
9 0
70 6
14 0
40 4
35 6
71 2
6 6
17 2
84 2
79 1
55 2
47 3
7 0
34 5
71 1
30 1
14 2
23 2
80 3
65 0
95 6
24 6
53 0
47 4
29 3
52 1
63 3
16 1
76 3
14 3
88 3
40 3
43 6
68 4
6 6
58 4
41 6
36 0
48 6
81 6
18 2
16 6
52 4
72 0
49 4
54 0
67 0
53 4
20 6
96 5
14 5
18 0
72 3
71 6
40 6
80 2
10 5
65 4
93 4
47 3
75 1
78 0
65 2
49 5
49 5
54 0
77 5
1 6
40 4
91 2
43 2
30 1
23 0
81 6
24 6
15 6
17 6
68 1
44 5
29 5
92 2
57 1
22 1
75 1
14 1
35 4
41 2
11 5
88 4
36 5
71 1
47 1
16 1
12 3
96 3
87 5
14 0
64 6
2 6
2 3
75 0
3 1
14 3
93 5
89 1
73 2
67 6
49 6
26 5
19 6
7 6
7 6
64 6
1 1
1 1
74 3
45 1
83 6
94 6
59 5
78 5
49 5
60 1
1 4
43 0
81 6
2 1
98 6
87 6
55 6
71 3
57 4
61 2
28 6
25 5
59 2
99 4
77 0
4 4
17 2
48 3
85 1
81 5
67 5
3 6
37 2
19 4
58 2
69 2
93 6
96 1
60 1
57 4
14 4
44 0
44 3
24 4
13 0
75 2
24 1
40 4
88 0
61 3
67 5
7 5
52 3
85 6
52 6
1 4
89 3
35 0
95 0
32 2
100 2
98 0
37 2
39 0
61 3
37 5
96 2
27 2
62 3
69 3
7 1
17 3
12 3
87 2
56 2
23 2
86 0
22 0
76 1
15 1
94 2
73 6
39 4
1 4
83 5
58 2
17 5
36 2
44 1
84 4
13 3
64 6
100 1
60 5
68 6
88 4
30 4
15 1
44 6
47 1
1 1
19 0
14 4
85 1
25 1
9 1
66 4
80 2
7 2
15 1
7 5
15 0
91 5
11 4
35 2
68 2
87 2
59 5
27 3
15 4
81 3
93 3
54 6
40 1
53 1
70 0
43 1
94 5
12 6
9 5
26 3
90 4
28 0
34 5
98 4
75 1
6 1
38 4
3 1
56 4
66 5
64 6
54 4
93 5
71 5
67 5
86 4
97 6
2 6
65 0
96 1
49 4
74 4
19 2
42 1
60 2
47 1
48 3
20 2
16 2
42 6
59 5
13 4
50 6
30 0
85 3
10 1
29 4
77 0
76 5
29 2
37 4
19 2
71 4
37 4
30 6
20 3
13 6
63 3
96 6
31 2
30 6
74 6
17 0
1 2
87 5
36 5
3 3
4 3
3 4
67 0
97 1
58 6
62 0
6 2
23 1
97 3
76 3
91 5
9 6
47 1
97 2
4 2
94 6
33 3
43 3
16 4
5 0
43 5
99 6
44 2
62 4
39 4
62 2
26 2
55 3
54 3
41 5
88 5
56 2
77 0
3 6
21 1
38 3
61 2
25 3
8 0
96 4
28 4
25 1
41 5
44 5
24 2
38 0
97 5
27 2
62 3
79 1
14 6
97 0
50 0
14 0
93 4
14 3
6 5
30 6
32 2
83 5
90 3
74 0
49 2
90 2
52 4
79 6
76 0
67 3
84 4
23 1
79 3
60 2
89 0
43 5
29 1
76 1
81 4
57 5
34 5
29 1
20 5
30 3
71 3
79 1
1 0
84 3
35 6
6 6
98 5
28 4
24 1
28 5
61 4
1 1
34 0
29 4
37 1
98 1
95 1
93 4
94 6
6 0
8 5
97 2
26 3
71 3
88 2
86 5
47 3
48 1
44 5
62 4
71 5
43 2
93 2
89 4
62 4
99 5
53 2
80 5
79 4
33 0
60 5
51 4
75 1
70 4
40 5
42 6
2 1
99 2
73 3
52 1
4 2
75 3
8 4
23 3
85 0
44 1
29 0
41 5
18 5
58 6
63 4
22 6
43 2
51 6
91 0
44 1
100 2
21 4
26 2
82 6
31 4
10 0
55 1
67 1
50 1
25 0
73 5
86 3
84 6
71 1
90 5
45 0
26 3
74 5
91 1
8 5
96 6
67 4
31 2
12 4
1 0
28 6
34 3
23 3
89 2
7 5
24 4
16 0
42 0
94 3
69 6
41 5
82 2
18 0
78 3
28 4
46 6
43 1
79 2
92 3
6 6
56 3
33 1
84 4
70 5
4 0
25 3
65 5
10 4
86 2
83 6
93 6
46 2
50 0
6 1
81 0
69 3
97 6
53 5
27 6
23 3
47 0
66 2
82 6
94 4
70 2
7 1
75 3
51 1
67 4
28 6
93 6
5 1
83 2
19 2
24 3
40 2
52 6
10 5
88 4
53 3
55 6
25 0
58 4
49 1
93 4
96 1
80 2
83 6
39 1
65 3
49 1
33 6
59 0
11 5
80 5
2 4
52 1
12 0
21 5
78 4
10 4
54 0
24 3
63 4
37 4
29 2
34 6
24 6
69 5
2 0
58 2
88 4
15 5
15 2
54 0
22 2
45 3
98 3
13 1
26 3
96 1
71 5
79 3
30 3
86 4
85 3
74 1
89 3
76 2
53 2
87 5
86 3
40 6
8 0
41 1
2 1
51 4
66 0
30 4
47 3
60 6
98 1
85 1
43 6
82 5
60 5
54 5
42 2
17 2
92 4
17 5
99 0
95 2
6 6
24 1
67 4
46 3
100 6
45 0
19 3
37 4
26 6
96 0
2 0
74 6
90 0
74 1
44 4
22 0
96 3
73 3
6 4
67 3
84 0
22 1
33 1
68 5
5 0
96 2
50 3
93 5
11 0
31 3
33 4
96 1
49 0
86 4
81 5
90 5
6 3
5 4
63 6
10 3
40 0
23 5
68 0
94 2
51 5
78 5
79 1
94 0
58 5
70 5
78 5
85 5
1 4
24 3
10 5
81 4
68 0
72 3
3 3
15 0
86 1
84 4
37 3
93 2
69 6
74 5
15 1
83 6
97 1
10 3
14 5
47 1
50 2
85 5
1 4
35 6
67 4
31 3
27 2
5 0
18 5
78 5
83 6
97 1
27 0
48 6
30 5
18 5
47 6
80 1
9 0
53 0
41 4
63 5
84 4
18 4
87 3
99 5
5 6
34 4
87 3
1 0
29 3
26 3
10 0
38 0
20 5
95 0
98 1
58 2
72 6
94 3
30 3
63 5
97 1
29 6
12 2
3 5
2 4
42 0
63 5
97 2
87 5
57 4
32 5
30 3
36 2
5 5
22 4
64 6
41 5
25 0
22 3
51 1
30 1
94 5
69 4
6 5
82 6
80 6
48 3
55 5
81 4
48 4
48 4
1 4
39 5
57 5
41 1
96 2
42 1
65 3
78 2
100 3
40 6
98 5
1 1
2 1
23 5
33 0
100 2
27 0
68 2
46 4
84 4
13 3
20 0
20 5
68 1
95 1
95 4
55 4
31 2
90 2
90 2
46 2
45 4
32 4
47 0
87 2
14 1
89 6
85 3
23 4
13 3
2 5
19 4
15 4
56 5
76 1
16 1
20 4
33 0
50 2
3 3
47 0
32 1
47 2
45 6
3 4
86 4
55 4
42 6
61 0
99 3
27 6
17 0
64 5
50 3
7 4
44 4
50 6
3 5
80 3
22 1
33 1
94 0
96 6
73 1
26 1
7 2
94 5
62 2
3 0
31 1
23 4
8 4
62 1
40 6
16 4
96 5
19 1
73 1
71 4
90 4
77 4
12 1
29 1
62 2
52 5
19 3
85 6
8 6
92 0
91 5
96 5
37 6
12 0
99 0
21 2
84 0
92 0
22 4
53 1
95 3
29 5
10 6
7 2
26 6
67 4
27 2
71 5
92 3
48 6
87 6
19 6
68 0
40 2
76 2
67 5
52 4
73 5
41 3
62 3
56 5
76 3
82 1
51 3
60 1
88 0
38 6
68 5
16 3
59 0
31 1
83 5
83 4
13 4
73 1
79 5
72 0
25 1
34 3
57 4
3 4
4 5
85 1
4 3
46 4
80 1
16 1
38 6
51 6
36 1
60 1
33 2
23 2
88 2
29 2
88 4
42 1
78 6
5 4
75 3
18 3
30 0
94 5
2 1
63 5
47 0
79 3
45 4
36 3
89 4
77 4
59 5
37 0
44 2
7 5
16 5
15 6
20 5
86 6
68 5
96 2
4 5
77 5
20 5
72 2
94 6
14 0
87 0
35 1
14 3
71 5
41 3
98 5
18 2
53 0
68 0
76 2
44 0
59 5
30 2
97 0
78 3
45 0
80 2
76 1
16 6
97 4
36 5
34 2
84 4
98 4
59 3
54 3
86 3
3 0
48 3
42 5
29 4
26 6
30 3
14 2
72 4
58 2
95 1
82 2
35 1
98 1
68 5
51 4
62 6
84 2
64 1
78 0
90 5
24 0
50 5
51 6
5 4
69 5
38 2
14 2
27 6
79 3
21 1
73 1
41 4
73 2
84 3
70 0
7 3
30 3
47 2
41 5
21 1
81 0
8 1
88 5
82 4
2 3
58 0
86 0
18 5
63 6
48 1
80 0
32 6
85 3
52 0
41 4
75 5
59 5
2 0
10 4
20 6
61 5
55 5
25 3
68 0
72 0
40 5
19 1
92 4
45 4
76 2
73 5
54 1
16 6
38 6
64 3
25 3
88 0
83 4
15 4
31 5
5 0
7 0
60 5
41 5
2 3
51 1
96 2
5 1
29 0
45 1
5 6
35 6
46 3
55 1
53 6
19 3
40 4
68 5
77 0
30 5
96 6
74 5
13 4
88 2
5 6
3 5
90 5
93 2
71 1
92 3
56 3
4 6
79 6
52 3
82 4
86 3
27 5
88 0
48 1
14 0
62 2
13 6
58 3
42 5
75 2
19 6
47 3
65 6
85 4
98 4
59 6
85 0
66 4
39 0
50 5
15 2
77 1
9 0
99 2
6 3
67 6
72 5
70 4
58 3
55 2
92 6
86 0
35 0
37 6
55 3
39 6
84 6
96 1
100 4
97 5
17 5
40 3
53 2
91 3
57 4
77 3
14 5
18 1
62 6
32 1
83 0
94 6
67 1
6 0
24 6
14 3
67 5
53 2
1 6
83 2
30 6
65 6
32 1
69 2
96 4
76 1
34 1
100 4
23 5
36 2
73 5
2 5
78 6
20 3
41 4
14 1
45 5
65 2
72 2
86 6
31 3
96 5
44 4
25 4
16 6
29 4
64 0
98 1
31 1
85 2
57 5
64 6
15 3
69 3
33 5
9 3
42 3
3 0
33 5
1 6
26 3
12 3
92 0
11 1
80 5
18 5
25 0
15 2
17 3
63 4
41 4
9 4
70 1
79 5
85 6
19 4
89 0
49 6
93 1
8 6
2 4
18 6
75 4
37 3
19 0
36 5
81 2
71 0
77 2
71 4
41 5
68 3
42 0
9 0
50 0
89 3
39 3
35 2
22 2
13 1
13 3
64 0
29 6
88 1
4 5
64 3
73 4
8 1
4 0
89 5
39 0
85 3
36 1
74 6
88 5
97 6
29 6
36 0
95 4
90 6
21 1
1 3
40 3
98 6
67 2
45 0
8 4
81 1
97 4
7 5
3 4
60 5
7 2
13 2
11 3
34 4
91 6
23 0
87 1
93 0
91 5
15 2
52 3
91 4
62 5
90 0
36 4
37 5
12 2
53 4
51 0
25 4
63 3
85 5
85 6
25 1
46 1
47 3
62 1
39 4
56 3
82 5
44 5
11 5
4 2
97 6
32 3
65 6
8 4
67 6
3 3
98 4
76 3
43 6
14 4
81 4
67 0
68 0
16 5
72 5
40 5
92 4
19 1
12 5
4 1
71 1
44 0
47 2
20 1
81 1
5 1
15 1
73 2
20 1
86 5
82 2
10 5
27 4
86 0
4 2
90 5
84 4
61 3
75 6
23 1
61 6
77 2
54 2
69 1
88 6
75 2
61 0
88 6
69 5
47 3
70 6
74 1
5 1
96 3
67 3
76 5
15 3
39 6
50 2
81 3
8 2
73 6
7 1
51 0
42 5
47 2
44 3
56 6
49 3
87 1
67 6
24 6
16 1
69 5
82 5
32 5
55 1
56 0
66 6
13 3
60 5
21 4
14 6
93 5
95 5
81 2
89 1
51 2
33 6
52 2
87 3
77 5
62 6
78 1
59 6
64 1
66 4
53 5
74 0
7 2
23 4
8 3
55 4
18 2
51 0
68 2
14 6
88 3
42 5
12 1
85 5
33 4
64 6
76 4
46 1
86 6
56 1
55 3
32 1
79 4
14 4
19 4
9 6
36 1
59 6
44 3
35 5
99 3
23 5
30 0
84 3
19 3
47 4
68 2
5 6
74 3
8 2
32 1
45 4
94 4
35 0
77 6
25 3
57 6
12 4
91 1
66 5
63 1
22 0
89 6
15 1
58 6
16 2
16 1
13 4
67 0
99 1
22 5
98 0
86 5
43 2
46 4
18 0
75 1
71 2
73 1
73 0
68 1
73 3
93 2
86 4
86 4
99 5
84 1
44 0
49 1
82 1
5 5
94 2
73 5
45 5
62 2
30 3
25 5
97 4
55 3
58 5
47 6
42 5
32 3
83 2
13 2
90 3
65 1
76 5
25 3
34 1
85 3
52 6
15 2
90 3
69 0
46 1
41 4
59 2
9 2
65 4
8 3
1 4
37 6
56 2
28 5
80 5
3 2
37 1
97 1
30 3
67 4
67 4
47 5
8 6
95 4
95 1
43 5
30 4
79 0
14 0
18 0
54 0
18 5
94 1
45 4
9 4
89 1
84 1
55 2
42 0
58 2
65 6
48 1
86 2
92 0
5 3
79 1
88 1
18 6
8 3
97 0
67 1
30 2
56 4
96 3
74 2
90 3
7 2
18 6
99 0
27 2
2 6
50 0
11 3
58 0
53 6
60 2
33 6
64 4
51 4
48 6
26 3
77 3
94 5
98 5
66 4
56 4
7 1
34 5
82 0
83 2
84 6
63 3
34 5
63 3
44 0
95 0
40 3
59 5
16 2
15 1
29 6
27 1
90 5
28 2
60 3
76 5
57 3
23 4
29 6
33 2
97 3
52 2
95 5
13 0
54 5
60 1
86 5
31 1
52 2
65 1
87 2
28 4
69 4
18 0
27 0
60 5
63 5
27 6
6 4
32 3
38 5
6 2
14 2
84 3
24 3
34 0
16 3
19 0
93 3
55 3
4 4
57 2
20 2
82 6
62 0
20 2
47 2
36 5
39 0
11 2
22 1
67 0
95 2
7 6
52 5
68 0
11 1
88 2
1 2
16 4
99 5
99 2
59 2
34 0
70 2
58 0
19 6
68 4
49 4
62 6
15 3
25 2
56 5
5 6
73 6
75 4
71 3
85 0
60 6
13 3
78 5
24 4
11 0
84 4
35 1
67 6
52 2
37 2
14 6
21 5
28 6
35 0
12 5
58 1
23 4
95 5
83 4
92 0
43 2
17 2
63 2
55 2
37 4
32 4
41 6
6 4
43 6
58 6
79 1
71 3
31 1
92 5
87 0
17 3
72 4
94 5
28 1
53 2
57 6
85 5
27 3
47 0
14 3
35 2
92 5
33 3
1 0
36 3
3 4
41 0
19 1
75 2
79 6
82 5
52 6
56 2
44 2
8 6
86 0
84 2
71 6
29 3
80 6
2 4
92 5
45 0
85 4
23 5
29 1
90 4
34 2
28 4
13 4
27 1
98 4
53 4
82 5
7 4
71 3
89 3
58 5
76 1
40 2
78 2
8 6
26 6
93 6
22 4
97 5
23 4
43 2
5 4
12 0
82 0
57 3
74 6
7 0
96 2
53 5
17 5
34 3
49 3
49 6
68 1
46 5
7 3
99 4
23 2
84 2
19 5
23 6
89 4
45 3
65 2
53 1
92 1
26 3
90 0
86 2
60 2
47 4
64 3
1 5
36 4
76 0
49 3
96 0
66 0
59 4
53 2
39 3
2 4
8 1
50 3
19 5
52 0
72 6
58 2
60 4
9 2
61 5
91 0
24 4
30 1
35 2
58 1
23 5
81 3
84 3
74 4
28 2
94 0
35 4
6 4
20 2
73 1
100 3
30 1
50 6
33 0
90 2
3 6
58 3
16 6
52 5
69 3
20 0
84 1
66 4
51 5
38 1
67 0
15 6
12 2
59 6
32 1
90 6
4 0
82 4
66 5
38 5
94 0
88 6
93 2
92 6
6 5
60 6
76 3
62 3
2 3
6 3
70 2
40 1
74 3
4 1
9 2
87 5
95 2
67 2
100 2
21 6
65 5
38 0
16 2
66 0
46 5
11 5
21 6
87 6
63 3
11 1
48 5
85 2
8 1
16 6
41 0
53 0
58 6
24 1
3 3
39 6
46 1
76 4
98 5
28 2
61 3
31 1
34 2
45 0
60 0
1 4
84 3
89 1
3 3
3 3
88 3
9 3
92 1
17 6
36 6
56 2
3 5
45 0
78 5
75 5
52 2
51 6
20 5
65 1
3 2
14 1
37 0
63 3
89 4
87 6
10 1
51 0
21 1
12 5
63 5
72 0
54 1
55 6
27 2
99 6
30 4
69 0
10 3
59 1
12 3
94 3
67 1
3 0
38 3
1 2
12 0
18 2
76 5
35 1
9 6
89 3
24 4
21 6
13 3
50 0
82 1
9 0
3 3
13 4
54 6
78 4
88 4
17 3
43 5
54 2
89 6
93 3
66 0
57 0
51 2
15 5
78 0
87 5
31 5
66 1
41 2
20 3
56 6
20 5
36 5
83 2
38 2
39 3
28 0
88 5
97 3
60 6
49 6
39 3
25 3
80 5
36 6
72 5
8 5
32 5
40 0
77 2
90 1
62 6
90 0
81 0
22 1
19 0
12 0
77 0
15 2
31 5
96 5
37 1
50 5
25 4
56 1
18 2
31 5
72 1
26 5
13 0
13 5
85 6
58 4
27 3
89 2
9 5
55 5
72 3
58 1
71 1
9 0
90 5
43 6
78 1
14 3
74 0
41 0
90 6
85 5
6 3
48 1
64 0
60 0
38 4
64 4
87 6
100 0
57 0
6 2
99 5
1 5
90 6
86 0
47 2
5 5
79 2
79 2
23 2
62 1
87 3
46 3
97 0
16 1
100 1
97 5
17 4
94 4
98 0
62 1
31 5
59 0
48 0
73 0
77 6
8 5
65 4
97 3
91 6
27 4
72 0
40 0
77 5
50 3
92 0
1 3
88 6
5 2
26 5
78 0
47 2
72 5
71 5
94 4
40 3
21 5
97 1
17 0
70 2
21 4
61 5
9 0
33 3
11 4
37 0
45 4
4 3
15 3
66 4
71 5
56 6
54 1
64 6
99 1
31 3
26 0
77 0
96 6
63 2
67 6
29 0
36 4
88 2
85 4
96 6
8 3
9 4
88 1
31 2
4 4
18 6
34 4
49 2
28 4
10 4
43 3
52 2
33 3
32 5
67 1
81 5
57 1
100 1
32 6
48 1
43 3
2 2
81 2
49 5
44 0
63 1
33 1
73 1
8 3
69 0
30 6
34 6
24 6
29 6
19 4
79 1
34 4
44 5
26 1
75 4
81 0
30 3
79 4
63 2
90 4
86 3
14 2
77 2
39 0
57 4
80 2
29 2
30 0
42 3
13 4
26 3
15 0
53 1
10 6
100 1
65 4
60 3
60 6
53 3
50 3
27 3
77 6
2 0
68 2
34 1
15 0
1 2
57 1
70 4
67 0
79 6
33 6
66 0
51 4
29 4
71 2
52 1
60 0
49 2
33 4
42 1
74 2
55 0
38 1
58 6
25 3
36 6
90 2
15 6
40 5
21 1
3 5
88 4
94 2
65 5
1 2
17 4
68 6
96 0
26 4
97 0
69 5
99 1
50 5
79 6
66 0
70 6
13 1
83 0
97 5
58 1
89 3
75 2
40 4
38 5
79 0
64 3
26 5
69 0
15 1
14 1
49 4
33 0
4 2
60 0
40 0
37 0
5 1
100 1
76 6
42 1
100 1
28 5
31 4
13 2
76 4
26 5
65 2
70 2
3 4
54 6
19 1
70 3
51 3
61 1
54 5
50 3
44 6
13 1
17 0
61 1
54 2
3 2
42 1
57 4
74 2
42 5
41 5
79 4
7 1
91 2
51 2
59 4
5 1
47 1
29 6
35 1
48 0
6 5
96 5
76 0
72 3
60 2
93 6
60 1
5 2
22 1
77 6
4 1
80 3
7 4
9 1
10 5
51 2
58 6
48 5
80 4
36 5
100 0
99 6
44 1
77 2
95 6
86 0
23 4
48 2
12 2
72 1
93 6
50 2
82 4
84 0
83 3
42 2
27 3
1 6
85 1
22 4
14 3
33 4
69 5
6 1
93 6
35 2
19 5
17 1
15 2
33 1
79 2
91 3
50 0
40 6
49 5
66 4
49 3
7 3
25 3
53 4
40 3
39 0
64 1
3 3
20 4
17 2
24 1
10 1
42 1
13 0
27 5
22 6
6 6
95 0
8 3
29 1
83 4
97 2
66 2
63 5
33 6
60 0
86 1
76 5
4 6
21 4
99 2
97 5
33 2
13 1
43 0
97 4
43 0
90 6
86 6
61 6
94 5
39 5
40 3
80 4
65 2
10 3
27 6
96 3
54 5
91 6
18 6
61 3
2 1
89 2
36 4
16 2
38 3
63 6
100 3
44 3
71 5
87 3
41 4
82 0
34 5
27 5
32 4
93 0
31 6
80 5
56 0
21 1
81 3
31 3
84 2
56 4
43 0
40 1
28 1
42 2
52 4
72 1
27 6
71 1
80 2
52 5
78 0
6 0
3 0
23 3
79 2
32 1
38 6
24 5
47 3
27 2
23 5
96 3
40 4
9 0
78 0
57 1
21 6
85 1
58 1
65 4
5 4
67 5
75 6
24 1
85 5
71 6
99 0
40 6
24 3
75 1
38 0
42 2
84 3
35 2
23 3
70 4
2 0
42 5
88 2
28 0
48 5
11 0
26 0
16 5
32 2
45 5
74 3
70 2
3 6
49 6
97 5
14 1
5 1
44 3
12 2
22 6
25 2
62 6
16 5
38 1
2 1
87 2
40 3
89 0
55 2
94 3
74 1
61 5
28 6
7 0
25 1
100 6
79 4
91 2
98 6
91 2
34 1
33 3
2 4
23 2
77 5
71 0
59 6
32 2
71 4
20 2
1 5
50 5
42 0
46 3
57 1
69 6
28 1
46 1
19 5
100 4
83 3
29 5
97 0
99 5
81 2
37 6
79 2
93 6
40 3
3 0
69 5
60 5
59 2
14 6
95 0
42 4
56 1
33 1
1 2
97 2
98 1
39 2
52 3
18 0
18 2
15 4
74 0
77 2
18 6
28 4
89 4
78 3
14 2
36 2
57 3
29 3
59 0
60 0
100 5
69 1
60 1
75 1
32 4
11 4
79 4
92 6
20 2
10 5
8 5
71 0
17 3
1 3
85 6
77 0
21 2
80 2
40 4
39 2
86 2
20 1
32 2
8 2
69 6
17 2
35 0
1 6
42 0
42 4
27 0
87 4
52 5
13 5
84 5
83 2
1 6
12 6
18 6
97 1
7 5
96 0
69 5
69 5
19 6
6 0
28 5
54 1
40 6
16 0
13 5
16 2
16 5
60 2
29 4
58 1
7 3
50 6
32 5
80 4
33 6
1 4
94 0
63 1
54 4
80 4
37 0
87 6
72 0
69 0
23 1
21 4
45 1
33 4
86 6
74 0
48 4
16 0
55 3
34 5
18 3
90 4
60 6
46 6
31 4
60 6
24 4
41 1
84 2
48 0
100 2
38 5
77 2
67 2
80 0
55 5
37 3
73 6
50 4
53 2
64 0
25 3
82 2
79 3
10 2
8 2
70 4
87 3
52 2
38 4
6 3
64 4
19 1
88 1
79 2
81 4
20 4
2 1
13 2
49 6
42 3
33 2
23 2
83 4
38 5
13 1
52 3
49 1
20 3
24 6
29 4
88 5
46 2
99 6
74 5
60 0
3 0
36 3
78 1
78 4
38 0
46 1
2 2
64 3
98 3
25 6
56 5
51 3
89 5
80 0
89 6
63 6
6 3
24 1
41 0
48 2
65 2
78 0
55 5
80 6
94 1
26 1
54 5
68 2
48 3
48 3
84 1
36 6
15 1
82 0
25 5
92 6
81 1
36 4
37 5
32 0
93 1
66 5
42 5
32 5
51 6
44 5
92 4
8 5
9 1
2 3
49 3
36 6
48 0
6 1
89 1
99 1
51 6
9 4
81 6
82 4
79 6
31 3
77 5
42 6
76 0
28 6
40 3
24 4
8 6
56 3
91 4
21 2
38 1
12 4
4 6
79 2
15 3
19 6
65 3
60 4
92 5
44 0
60 2
15 1
23 1
50 0
70 1
95 0
2 6
75 1
67 5
14 3
7 2
18 2
63 1
58 5
28 3
45 2
64 1
7 4
44 3
19 1
70 3
66 4
54 5
81 6
82 4
54 5
3 6
83 6
21 2
62 6
95 1
31 6
54 3
8 6
44 2
98 2
17 3
85 5
91 3
17 4
8 1
55 1
98 6
10 0
93 0
34 5
4 4
45 6
7 4
24 0
29 1
56 3
47 5
47 2
75 1
73 3
86 6
46 1
39 4
17 1
71 3
8 0
25 5
10 4
40 0
3 5
29 3
29 6
37 3
60 5
33 3
38 6
75 6
47 0
100 6
7 1
25 5
1 3
17 2
83 6
69 3
85 4
59 2
78 0
93 2
40 0
98 3
29 5
44 2
7 6
13 1
40 6
94 2
2 1
5 0
49 3
67 5
89 6
86 2
47 1
31 1
58 1
83 1
32 4
62 1
72 0
45 3
56 6
97 1
26 2
20 3
28 0
53 0
18 0
72 2
88 4
37 3
38 2
13 4
83 0
25 0
70 5
73 0
1 2
71 6
64 2
68 5
27 5
27 3
29 3
48 4
75 4
92 1
13 6
74 2
54 2
47 2
27 6
23 4
26 1
41 5
76 4
51 6
33 2
60 4
93 6
73 3
39 1
17 0
93 4
94 6
9 4
21 3
38 1
100 4
66 6
53 2
98 4
49 4
1 1
98 6
73 0
88 2
83 1
81 1
62 3
64 5
62 2
34 2
76 1
11 4
34 1
65 6
63 1
11 3
44 0
88 2
39 2
2 4
93 2
7 3
99 6
31 4
93 4
49 6
92 3
9 2
76 0
22 2
55 0
1 4
26 1
62 6
77 6
31 2
43 1
83 3
58 1
97 5
58 5
66 1
95 3
75 0
85 1
1 0
94 0
51 6
32 5
98 4
38 6
24 6
96 0
28 6
33 5
70 3
11 2
70 4
32 1
51 4
1 3
64 2
68 6
94 3
39 2
33 5
6 0
35 4
23 6
40 3
2 4
7 6
91 1
90 3
37 4
17 2
67 4
95 4
84 0
31 5
65 4
32 6
100 3
74 0
35 5
60 1
71 5
93 4
18 5
16 2
45 2
41 1
70 0
10 0
48 3
97 3
53 1
23 0
26 1
18 4
92 1
26 6
59 4
29 5
98 3
31 0
35 3
26 0
39 3
98 0
12 2
8 2
46 6
95 6
16 5
87 6
49 3
75 0
40 6
72 1
39 6
73 4
71 1
27 0
79 0
3 5
57 6
6 1
64 0
75 3
48 3
41 5
34 1
17 6
42 5
20 4
50 6
53 6
29 5
90 4
23 1
85 4
10 4
41 2
99 2
37 5
31 0
67 5
99 4
68 3
35 6
71 1
8 5
83 0
96 6
16 6
29 2
26 1
75 2
89 2
76 2
95 3
5 1
71 2
71 3
38 1
20 1
72 3
12 6
63 2
20 1
32 3
36 0
27 5
65 5
49 6
12 1
58 1
88 4
18 3
86 4
78 6
36 5
61 3
18 0
12 6
99 6
36 4
35 3
53 4
76 0
93 0
31 0
95 1
17 4
52 2
72 3
68 3
32 4
86 3
1 4
53 1
89 4
93 3
72 3
80 0
45 3
69 4
48 0
10 6
54 4
71 0
89 6
44 5
28 2
80 2
99 3
82 5
24 3
30 6
20 5
98 1
69 0
43 3
13 6
94 1
53 3
95 2
23 0
80 4
96 2
26 4
86 2
93 1
48 0
87 0
63 4
58 0
77 2
77 3
17 1
16 0
33 5
19 1
55 5
29 6
49 0
3 6
47 3
51 4
44 4
38 5
90 0
78 0
34 3
25 5
57 4
25 2
27 6
94 1
51 6
80 6
86 0
29 6
40 1
49 1
74 0
61 4
31 1
66 3
91 6
40 2
70 1
50 0
14 0
91 3
76 2
54 2
23 2
38 2
13 6
57 6
59 2
42 2
20 5
16 0
93 1
78 1
18 2
92 2
27 1
90 5
40 3
15 3
35 5
16 0
87 0
18 1
78 1
69 4
83 6
59 4
7 6
97 6
27 0
28 6
29 2
3 6
15 1
31 4
49 4
64 0
17 4
72 0
33 3
39 3
11 1
51 0
60 5
70 5
11 2
17 6
5 1
100 6
38 0
33 5
83 3
66 2
96 0
79 2
97 1
38 2
53 2
5 5
5 1
100 3
73 4
17 5
89 5
61 2
69 2
51 3
8 2
59 6
81 3
2 4
52 6
62 2
16 3
82 6
67 3
80 2
95 3
55 1
3 6
33 0
43 0
50 3
81 4
84 6
33 0
67 0
14 5
91 6
90 5
84 3
47 5
76 1
64 4
56 1
70 5
73 2
68 2
62 2
83 3
65 1
43 0
28 4
4 2
93 4
41 5
41 1
53 4
45 2
12 5
28 5
4 1
93 2
8 4
74 2
31 6
30 3
51 2
55 2
62 2
57 2
3 0
9 5
88 5
84 2
24 2
1 0
68 2
40 0
21 6
51 2
39 6
7 2
3 0
81 6
63 1
46 6
6 2
30 3
25 5
29 2
30 4
97 1
68 0
13 4
52 2
96 2
13 3
81 1
60 6
54 4
20 0
50 2
17 2
9 4
8 2
64 6
69 2
73 4
89 1
14 5
30 3
88 0
17 4
25 1
6 6
89 4
29 2
57 1
24 1
66 2
19 3
84 3
79 2
13 6
35 3
34 1
74 2
68 5
85 4
39 3
52 5
45 4
82 2
35 4
64 3
91 6
89 4
89 4
82 6
70 3
9 6
13 4
88 3
51 3
51 3
6 6
36 3
58 4
57 3
39 1
16 2
53 6
75 0
93 5
80 5
13 0
8 2
20 2
13 1
67 2
93 3
36 3
57 4
36 5
21 0
43 1
22 0
11 2
35 4
79 5
53 2
38 6
85 3
17 3
26 5
9 2
68 6
11 4
71 4
82 6
91 2
64 2
55 2
28 2
49 1
19 2
11 4
83 5
6 3
57 6
45 5
99 1
29 5
62 1
87 1
99 3
29 3
59 6
75 3
26 1
10 0
97 3
43 5
29 1
27 5
28 5
35 3
22 1
51 0
46 6
92 1
7 4
87 6
91 2
55 5
21 0
93 4
33 6
80 4
25 3
6 0
65 5
43 5
10 4
63 2
25 0
65 6
70 4
10 6
29 4
91 1
85 5
7 6
56 6
86 6
11 4
35 5
60 5
77 1
78 3
84 4
36 5
32 4
87 0
91 6
17 5
32 4
47 6
4 2
42 3
53 1
28 3
87 4
65 3
85 3
14 5
57 4
76 5
33 4
94 6
71 4
46 4
94 1
67 0
66 3
17 4
1 6
5 1
42 6
3 4
70 3
64 4
77 6
23 1
21 0
20 5
46 2
69 6
71 0
66 4
56 3
76 0
7 5
57 1
14 2
43 5
24 6
73 2
53 4
87 2
70 6
34 5
92 5
37 6
89 4
8 4
41 2
80 3
25 0
52 6
1 6
33 0
32 1
86 2
25 0
72 3
35 2
32 6
75 5
92 0
91 5
67 3
21 5
4 5
76 4
15 3
74 1
10 2
47 1
88 4
28 0
48 6
32 5
20 2
9 6
59 6
69 6
68 0
37 5
38 6
11 5
31 1
70 4
15 0
48 6
75 0
23 2
99 0
74 0
20 1
68 3
7 0
29 1
95 6
46 6
91 2
50 3
89 0
41 0
25 5
79 0
52 3
95 6
76 0
92 0
39 1
80 0
3 3
38 3
58 5
87 0
5 6
12 1
44 5
42 0
31 1
49 4
67 3
24 6
82 4
69 3
20 6
62 6
53 3
93 5
44 6
33 3
56 1
8 5
7 1
74 4
78 1
11 3
45 1
19 3
75 0
81 1
14 5
86 2
82 4
5 3
67 0
15 5
25 0
3 4
42 6
94 0
37 2
53 5
2 3
15 5
94 3
29 1
13 6
4 5
76 0
27 6
37 4
27 4
2 3
31 5
28 3
70 4
24 4
87 6
99 1
57 1
38 3
13 3
31 5
21 0
27 6
20 0
32 6
100 0
44 1
1 1
76 6
90 5
85 1
3 3
69 1
47 5
99 2
61 2
30 6
14 2
20 3
24 3
96 0
20 4
18 6
69 1
6 5
36 4
66 4
5 4
55 6
78 3
34 1
22 4
40 3
91 6
66 4
66 5
66 1
98 0
38 4
49 4
13 1
70 5
7 6
57 5
23 5
27 3
65 5
27 0
86 2
22 2
46 5
92 4
13 2
7 5
81 4
1 4
36 4
72 6
44 0
55 1
81 5
51 2
27 6
39 4
64 5
86 3
15 1
89 1
89 0
60 5
16 6
29 0
77 3
10 5
58 1
37 2
15 5
28 0
24 3
40 6
39 3
99 4
93 0
56 4
85 5
2 6
78 0
39 1
37 5
13 2
95 2
9 4
34 0
65 5
95 3
50 6
34 0
72 2
74 6
48 0
46 1
4 6
9 2
39 0
31 1
43 2
39 0
72 5
69 0
42 2
51 4
2 4
96 3
26 1
19 1
18 0
87 5
95 4
1 1
43 6
8 3
51 6
58 1
83 0
94 3
92 3
20 1
62 3
15 6
57 5
61 5
74 6
79 6
24 2
57 2
11 4
40 2
53 3
38 5
58 3
5 4
51 0
26 4
65 2
37 6
7 4
4 4
96 2
54 1
26 6
70 5
96 0
3 3
79 3
1 5
56 6
66 4
44 4
1 5
76 0
76 0
3 2
83 5
47 0
4 2
24 0
76 3
84 0
97 4
8 4
56 5
92 5
33 3
83 5
86 6
60 4
63 0
85 5
43 4
11 2
12 4
54 1
56 0
98 5
94 4
81 5
57 5
6 4
86 6
29 6
65 2
8 2
63 2
38 4
60 1
64 5
38 3
91 5
85 2
64 3
6 4
10 1
86 1
19 3
49 2
21 3
54 5
93 3
93 3
67 5
40 1
8 2
84 4
14 3
79 5
75 1
2 6
21 4
57 5
60 6
43 2
26 2
8 3
26 1
73 1
98 1
22 1
13 2
65 1
23 5
52 5
95 3
88 5
57 2
73 6
17 0
68 6
87 2
93 6
31 5
96 2
61 4
63 1
49 5
3 0
5 6
11 1
24 4
90 5
55 2
65 1
60 1
32 1
99 1
75 1
77 1
67 2
82 1
46 3
70 2
21 5
50 3
97 3
52 5
90 1
83 3
68 0
14 0
20 3
40 1
58 4
23 2
17 6
95 4
88 5
65 3
43 0
24 1
81 6
62 6
33 6
61 3
76 0
39 2
59 2
29 3
100 2
2 0
74 1
93 2
42 5
37 6
20 1
6 5
5 4
34 3
11 4
62 0
46 1
44 2
74 6
84 0
48 3
85 1
80 4
20 1
53 4
92 6
43 0
27 2
100 5
68 6
30 5
86 3
98 3
18 4
76 4
21 2
24 5
22 0
65 6
55 4
86 1
71 6
94 1
99 2
56 4
24 1
80 5
24 5
85 4
77 6
45 4
70 1
53 0
81 0
82 3
70 5
2 3
46 5
43 1
94 5
61 0
41 1
32 3
69 2
68 6
52 5
85 4
81 1
43 5
90 2
14 6
94 5
71 0
59 3
84 6
15 4
17 4
52 2
89 0
48 2
63 3
97 4
68 5
11 1
93 3
87 2
94 2
51 6
72 5
55 1
95 2
53 1
11 6
12 5
66 4
12 4
81 6
45 2
54 5
41 1
85 2
4 1
39 5
75 4
45 4
67 6
64 5
30 1
35 2
14 1
50 1
48 6
3 2
44 3
87 3
62 4
89 4
100 6
52 2
81 0
27 4
49 3
41 1
94 2
83 5
44 2
94 3
57 6
100 3
72 5
69 2
45 6
58 1
53 3
3 5
12 6
28 6
24 3
95 2
79 1
96 2
35 6
96 5
86 5
5 3
97 2
27 1
44 3
50 3
3 5
29 6
83 3
53 0
92 3
61 0
15 0
81 6
43 0
13 2
94 2
2 5
43 0
62 3
33 6
57 0
3 0
64 6
40 3
19 3
20 1
61 1
73 1
37 5
94 3
22 5
19 5
10 6
22 4
44 4
6 1
73 2
37 5
76 6
27 6
24 0
49 0
64 4
86 1
98 6
37 2
12 5
41 1
43 5
20 0
10 5
55 5
70 6
12 5
86 3
40 4
41 4
20 0
31 3
25 5
7 3
41 5
4 4
30 2
46 3
52 1
73 6
16 3
89 6
67 0
26 4
78 3
85 1
33 0
100 0
95 5
70 0
35 5
29 2
71 5
22 4
84 2
65 6
39 6
49 0
42 1
29 6
29 1
81 6
46 0
53 5
44 3
31 1
32 3
40 5
64 4
25 1
96 6
65 3
62 5
12 5
14 6
57 2
52 4
20 3
39 6
68 5
93 1
93 6
71 3
51 1
73 5
13 4
85 3
81 6
38 1
47 3
45 3
49 0
26 5
67 6
87 0
80 4
77 3
75 6
58 5
36 0
35 6
54 4
5 5
41 2
35 6
68 4
56 0
20 5
87 2
51 5
58 3
36 0
79 1
19 5
40 1
71 4
37 2
17 6
86 5
82 1
34 4
90 1
2 4
28 1
80 6
59 1
22 5
14 6
50 3
23 5
16 1
12 0
19 2
57 3
70 4
82 1
49 3
80 1
53 4
48 4
20 4
49 5
3 2
20 1
57 5
44 6
30 6
46 1
90 2
84 1
59 1
37 1
55 3
3 3
70 3
28 0
8 6
33 0
22 6
71 3
34 1
53 1
60 6
94 0
91 1
17 5
34 1
92 1
78 0
82 6
95 3
90 3
27 4
6 5
55 1
21 5
53 6
45 2
85 6
21 3
52 0
1 0
99 0
100 0
57 3
8 3
77 0
17 1
79 4
90 6
42 3
48 4
69 4
16 4
31 6
84 1
48 0
78 1
72 2
47 4
24 4
84 3
81 3
46 5
3 6
39 1
100 3
50 3
26 6
11 4
12 6
95 6
21 5
25 5
31 2
68 0
88 4
45 3
89 4
69 2
77 0
75 4
53 0
2 3
44 5
84 3
70 6
61 5
78 1
100 6
100 6
27 0
23 4
42 6
59 3
45 1
13 1
38 5
46 0
88 1
34 6
34 0
20 5
55 4
76 6
19 4
65 4
71 1
59 6
45 4
63 6
27 2
48 2
98 4
47 2
53 5
51 6
95 6
42 4
67 3
70 4
12 6
72 2
93 2
83 1
63 0
68 4
74 5
93 6
69 1
38 4
31 5
53 4
41 1
14 3
86 5
28 1
64 2
70 4
3 0
88 6
34 5
87 3
81 4
39 0
63 3
69 4
68 3
29 1
16 0
27 6
49 1
2 4
1 3
75 0
73 2
9 0
49 2
81 3
69 6
83 3
48 4
91 3
27 0
41 0
65 4
44 2
32 1
99 0
35 5
71 0
76 2
10 0
98 2
57 3
68 2
29 2
28 4
24 3
46 4
26 6
16 4
31 5
59 5
25 6
87 2
37 0
29 2
50 1
38 2
54 6
84 6
59 1
96 5
77 3
67 4
2 6
57 2
10 3
22 2
59 5
81 3
28 4
27 3
65 5
56 6
57 1
17 2
5 3
99 1
50 5
66 3
60 4
37 4
88 4
44 2
10 2
69 5
47 0
79 3
65 4
22 6
64 3
60 4
76 3
89 3
88 1
4 5
45 0
51 4
14 4
74 5
41 6
24 3
34 5
81 6
99 4
65 2
85 6
33 6
81 2
100 3
93 1
78 0
31 2
13 3
31 4
95 6
32 5
42 6
52 6
82 1
37 5
50 0
37 2
71 0
90 2
10 1
65 1
79 5
48 5
77 3
28 2
99 0
51 1
4 4
99 3
11 0
4 0
56 2
71 2
74 1
58 0
44 6
66 3
23 6
8 1
3 4
36 1
60 4
27 3
10 5
86 5
59 2
42 4
42 0
37 3
70 6
23 6
96 0
56 2
38 3
58 2
92 1
41 5
50 2
86 0
83 4
37 4
73 2
27 6
17 6
94 3
100 1
15 0
5 2
87 2
51 5
58 0
65 4
72 6
64 3
53 0
64 0
26 3
8 5
60 2
99 2
94 3
10 0
60 5
70 1
64 6
23 6
21 3
81 1
21 1
99 4
58 6
87 4
42 6
18 3
45 2
59 0
57 5
32 6
93 2
73 1
55 0
75 5
1 4
84 1
51 2
100 4
6 4
31 4
53 6
52 4
8 2
18 3
69 6
31 4
55 1
68 2
65 3
77 0
46 0
81 3
72 4
42 4
33 6
13 6
9 6
74 5
9 6
100 6
23 2
48 6
61 5
31 5
46 2
1 6
31 1
26 0
9 3
4 2
16 3
50 2
74 2
23 6
76 5
37 2
45 4
47 2
48 2
45 4
59 6
91 5
39 2
2 5
19 3
86 5
85 5
80 5
14 4
19 3
97 1
6 4
37 5
87 4
3 2
34 6
66 2
89 4
59 6
41 5
69 1
31 0
91 2
23 4
61 4
88 6
28 0
12 0
80 3
30 3
2 0
78 0
37 2
8 3
20 0
41 2
67 4
10 1
5 5
81 5
91 4
84 5
85 1
14 2
73 5
92 2
69 5
84 1
26 5
19 5
78 6
9 4
93 1
96 1
40 2
57 1
20 4
31 6
17 1
1 3
66 1
71 0
85 2
37 3
41 2
96 4
58 0
87 6
81 1
36 5
91 1
66 3
85 1
31 2
27 3
51 1
32 4
13 4
65 0
70 4
54 0
67 1
70 3
42 3
60 2
21 2
76 6
69 4
99 6
98 6
42 5
75 4
62 2
8 3
82 5
39 0
16 4
88 3
67 0
39 3
50 5
25 6
48 2
22 1
12 3
12 0
50 6
70 0
34 0
56 4
72 1
76 2
84 2
99 4
19 4
95 0
8 0
85 5
11 3
69 1
3 0
63 5
63 4
98 4
3 4
12 0
83 3
87 5
25 5
88 2
90 6
21 5
90 5
42 5
99 1
4 5
65 0
26 5
64 6
70 2
83 1
39 1
49 3
12 5
27 1
99 3
53 6
19 3
26 4
99 5
26 4
36 2
16 5
53 6
91 5
78 3
96 4
80 2
1 4
42 4
22 6
97 6
41 6
43 3
82 2
44 1
90 3
45 3
44 2
90 4
56 0
33 2
77 5
71 6
39 1
81 2
45 3
46 6
70 6
70 6
85 3
58 5
79 4
39 1
34 4
91 5
93 4
40 5
23 6
98 1
36 2
44 3
46 2
69 1
54 6
40 5
56 4
37 5
57 0
93 2
28 5
64 6
32 3
43 2
55 4
33 2
25 5
11 4
48 1
78 3
10 0
9 5
95 2
12 1
17 0
53 4
68 0
76 1
88 5
57 2
7 2
9 1
11 3
40 1
92 2
27 3
28 5
33 0
42 4
18 1
57 5
94 2
99 1
16 4
52 6
43 5
64 3
76 5
32 6
16 6
56 5
92 4
8 3
52 1
10 2
73 1
50 4
58 6
46 3
52 0
95 0
32 5
2 4
88 1
50 6
97 2
3 4
6 2
33 4
55 5
72 5
7 5
59 2
16 0
23 6
4 5
29 0
64 5
81 0
94 2
36 2
35 4
8 4
9 1
35 1
42 2
87 5
43 3
73 3
98 1
22 4
3 1
84 4
15 4
22 3
34 2
80 4
95 0
26 0
22 5
76 5
91 0
23 3
73 4
92 6
54 5
5 3
35 1
41 4
53 6
53 4
82 0
54 4
48 5
36 4
97 0
56 6
35 6
65 0
82 2
50 4
68 3
16 4
75 2
51 1
36 0
3 4
48 5
96 4
90 0
18 0
39 4
3 2
65 5
30 3
12 2
24 1
18 5
64 1
1 1
10 6
95 0
98 6
43 4
40 1
69 6
67 3
57 5
61 3
29 5
66 0
9 2
7 1
92 5
12 4
82 3
15 1
33 5
33 4
10 5
72 5
46 1
97 1
70 1
41 2
3 4
79 3
79 3
32 5
100 6
96 4
30 6
13 1
8 3
92 6
9 4
23 2
53 4
22 3
24 2
75 0
23 2
42 1
36 0
79 4
63 5
58 3
89 3
39 1
30 2
89 1
50 4
35 3
93 5
52 6
43 0
70 2
85 0
28 5
86 3
80 4
72 6
55 4
95 2
7 1
44 2
74 3
3 0
3 0
11 6
89 6
97 0
23 2
60 3
61 0
8 1
100 5
4 5
2 1
48 2
73 5
19 2
79 1
42 2
5 4
57 6
39 2
58 2
89 3
67 3
97 6
55 0
98 4
43 2
91 3
94 5
26 6
84 1
87 4
60 6
57 1
100 5
48 1
87 4
95 5
4 4
22 1
64 2
2 4
35 1
39 2
85 3
63 1
97 5
65 2
32 5
47 5
68 6
48 5
50 0
88 4
82 0
21 6
11 3
1 0
37 5
6 0
93 4
73 3
18 1
27 0
48 6
8 6
59 0
43 4
67 5
59 3
49 3
9 1
83 6
24 2
68 2
39 3
29 1
5 1
16 0
56 1
96 6
65 1
44 2
23 5
38 6
91 0
66 5
34 2
69 1
78 1
69 0
82 6
96 6
58 2
79 1
37 1
48 0
77 3
53 1
69 0
42 0
28 6
18 5
47 6
19 3
48 2
53 2
41 4
66 5
43 4
1 2
95 6
39 4
63 6
15 6
89 0
90 3
12 5
56 3
99 4
76 0
23 0
68 3
97 4
61 3
30 6
73 5
52 0
34 3
59 4
29 4
67 5
30 0
24 5
75 6
78 0
51 6
69 5
29 6
97 2
45 1
51 4
88 5
17 3
63 6
17 0
34 5
44 6
33 6
87 2
77 5
51 1
9 2
6 6
8 0
30 1
5 2
38 1
30 0
38 6
35 5
77 4
31 5
72 4
2 1
57 2
21 2
39 1
76 1
5 0
66 4
23 3
99 6
85 6
59 2
87 0
55 3
94 1
67 2
8 4
51 2
85 6
58 3
38 1
21 0
22 0
47 5
86 4
49 4
94 4
14 4
67 5
7 1
45 5
83 5
73 4
28 3
18 1
88 2
77 2
16 0
37 1
35 0
45 0
69 4
56 6
76 6
45 5
28 6
1 3
79 6
64 1
48 6
47 5
61 3
54 3
48 0
79 5
60 6
5 4
99 1
99 2
98 5
78 2
65 1
49 1
58 4
59 5
90 2
86 4
39 4
75 6
22 5
94 4
82 6
94 1
46 6
27 1
63 4
29 3
73 5
88 4
25 5
33 3
88 4
98 1
73 2
70 5
33 0
93 6
18 0
40 5
89 2
25 4
85 5
85 0
30 5
55 1
34 0
4 2
14 3
48 4
72 1
50 5
90 5
51 5
76 1
55 4
87 1
60 1
22 4
11 1
54 1
71 3
35 6
77 5
23 4
77 4
86 5
37 6
76 3
89 0
27 3
12 3
46 2
8 6
70 3
4 5
70 6
4 3
29 0
67 1
66 1
53 0
96 1
37 5
41 5
17 4
97 5
54 1
99 1
36 2
17 1
74 3
95 2
24 2
27 1
72 5
41 1
68 1
73 1
72 2
45 5
18 4
89 4
17 4
68 2
58 2
70 3
63 2
9 4
33 3
3 6
58 3
43 3
57 6
75 1
55 0
53 5
12 0
56 5
72 1
18 6
17 6
72 5
60 2
52 3
35 4
26 1
28 1
85 6
43 6
69 1
71 3
16 5
45 6
8 5
66 5
76 2
14 4
41 4
10 3
15 6
76 1
98 2
38 0
32 2
18 3
47 1
43 5
13 0
42 4
42 6
55 3
63 5
11 3
83 4
70 3
95 1
54 6
54 4
27 0
71 1
32 5
71 3
97 4
90 5
61 6
79 0
76 3
37 2
10 1
6 5
7 6
41 6
42 3
36 6
90 3
48 4
13 2
93 5
97 2
28 5
69 4
2 6
12 1
95 4
1 1
6 1
94 4
47 1
98 5
3 5
75 3
14 4
69 5
98 2
76 5
66 0
26 4
85 0
72 5
10 5
79 0
60 2
83 6
71 6
41 0
68 1
3 3
28 3
27 0
5 2
97 2
50 6
62 1
24 4
34 0
100 0
83 0
8 5
88 4
52 0
41 2
99 1
33 0
63 4
67 5
63 0
38 1
18 2
16 2
45 0
33 5
52 1
73 1
34 3
21 6
75 3
17 5
16 2
59 2
97 4
64 3
22 1
43 2
72 0
23 0
96 1
20 2
85 3
54 6
56 6
2 0
96 5
58 4
84 2
69 2
29 4
27 4
98 0
70 3
29 3
19 1
12 5
91 1
33 6
77 4
34 2
77 5
53 3
82 0
19 1
98 2
53 4
48 5
2 4
85 0
16 1
95 6
53 0
87 2
36 5
80 2
78 1
66 4
14 2
78 3
15 6
12 5
7 5
44 2
26 5
23 2
59 3
44 1
89 6
34 0
91 5
33 5
33 5
74 6
35 2
81 0
80 4
29 0
84 0
87 2
49 1
88 3
88 4
12 2
63 2
79 3
88 0
8 6
20 5
2 2
54 4
74 2
61 6
93 6
95 2
39 0
72 2
44 0
46 2
65 5
19 6
96 6
37 4
44 1
36 1
1 6
65 1
14 2
21 0
59 0
71 5
28 5
40 2
98 4
46 5
9 4
39 2
91 0
1 3
29 2
93 3
12 2
52 0
30 0
51 4
13 0
46 4
56 0
87 1
84 1
60 0
9 0
51 1
91 3
49 4
82 2
15 4
31 1
22 4
11 4
39 3
30 0
72 5
7 3
81 5
33 3
21 0
27 3
44 2
39 0
32 3
52 1
11 5
3 0
68 0
74 2
61 6
95 6
99 0
39 1
40 4
29 2
86 0
45 1
21 5
26 3
3 5
40 2
33 6
78 3
89 1
48 3
75 5
37 4
79 6
15 0
93 2
56 0
69 4
77 6
16 2
56 2
65 3
80 2
13 2
33 0
79 2
6 3
37 4
70 6
98 4
10 4
31 2
100 5
100 0
76 0
88 0
37 2
50 6
18 1
70 6
93 4
85 2
25 3
85 1
54 0
60 1
63 3
68 1
58 5
52 4
24 2
45 6
34 4
86 4
14 6
75 6
21 2
57 2
85 6
15 3
59 6
52 3
9 1
37 4
11 3
26 4
90 6
75 1
67 4
21 4
57 4
69 5
71 3
44 6
91 6
48 2
83 6
86 1
39 5
96 4
49 2
37 5
43 3
64 0
65 0
33 2
34 2
63 6
88 2
72 2
4 2
50 6
26 6
97 3
53 1
10 2
12 0
1 2
98 3
25 0
26 5
66 0
78 5
9 3
71 4
60 6
21 4
11 1
15 1
14 2
99 0
36 0
10 6
96 4
77 2
26 2
65 2
36 5
90 1
21 2
38 3
89 0
4 4
47 2
46 0
43 6
14 0
87 5
76 5
30 0
7 1
73 6
63 3
88 6
94 1
43 4
51 6
99 4
31 1
47 5
12 5
93 2
67 3
100 2
32 6
63 1
49 2
49 0
97 5
12 4
69 0
41 1
37 2
77 6
24 5
64 6
50 3
22 5
94 3
69 6
83 5
33 5
5 0
12 5
91 6
33 5
97 3
32 4
75 1
70 5
45 1
69 2
41 2
69 2
95 2
2 1
81 6
64 1
19 1
25 0
3 0
90 2
95 4
1 2
37 4
56 0
72 0
93 1
50 6
92 2
8 4
36 4
97 1
17 3
21 5
30 2
40 6
40 2
87 1
58 5
14 4
5 4
18 6
81 1
89 3
43 2
51 0
43 4
20 3
100 2
47 6
60 0
60 3
90 1
74 6
19 0
94 6
63 5
77 5
89 4
83 5
78 4
73 5
63 5
15 0
13 2
82 2
56 1
87 4
73 4
41 0
37 0
6 5
29 4
80 1
32 5
57 3
47 1
76 3
9 4
57 1
13 3
9 3
40 4
59 5
6 5
96 0
86 6
27 1
75 2
87 3
70 1
89 5
14 4
23 4
40 0
83 0
74 6
15 1
88 6
46 1
72 0
87 2
8 5
6 5
69 5
65 4
81 2
43 5
24 3
37 2
60 3
8 3
94 1
56 1
71 6
46 6
77 6
10 1
97 3
72 0
48 5
96 4
43 1
44 3
13 5
73 2
91 0
69 4
42 1
55 3
2 3
76 6
23 6
20 3
3 0
83 5
81 3
87 2
66 1
7 5
21 2
95 3
3 4
58 0
41 2
21 3
57 4
74 5
91 0
7 2
75 6
68 4
75 3
87 5
5 4
66 1
25 1
87 1
91 6
36 2
41 6
54 6
88 2
41 1
89 2
98 1
7 3
23 2
31 4
9 1
45 3
17 6
38 5
3 5
94 6
36 2
76 2
34 2
81 1
26 2
2 4
85 3
82 3
46 5
14 0
33 4
95 2
95 1
8 1
50 6
24 5
69 5
44 2
42 0
23 3
62 6
73 4
37 3
18 6
84 1
63 4
6 2
65 5
52 0
28 2
93 2
2 3
21 1
34 4
48 4
26 3
87 3
100 4
84 6
1 2
53 1
10 6
76 3
69 6
44 5
37 4
9 1
23 3
26 5
66 3
41 3
36 6
67 2
66 6
31 1
61 2
61 3
85 1
86 2
45 3
75 5
7 5
94 4
67 0
80 5
47 1
18 4
44 3
96 6
47 2
56 3
48 6
52 6
52 6
99 0
66 0
62 5
93 0
81 0
55 0
30 0
88 1
55 4
35 0
53 2
67 5
23 4
22 5
88 3
78 1
39 1
37 1
34 4
87 4
84 3
8 3
17 1
26 5
50 3
29 6
48 5
33 2
5 0
49 3
83 1
35 0
93 3
10 2
52 1
48 1
31 1
68 0
87 5
28 5
37 0
81 0
55 3
94 0
7 1
41 5
32 1
18 4
13 1
66 1
82 3
47 3
44 0
98 6
89 0
23 1
57 6
46 0
65 1
18 5
59 0
60 0
4 6
71 6
39 3
61 0
1 5
46 2
8 3
34 4
1 4
47 1
93 3
98 0
7 6
100 0
19 6
66 4
71 1
10 4
58 5
7 1
100 6
91 1
42 0
33 2
10 1
98 5
63 6
84 5
55 6
52 2
47 5
47 1
3 4
77 3
97 4
87 0
32 6
53 2
86 4
78 3
51 1
81 2
17 2
45 4
32 3
32 1
1 2
13 0
85 0
4 5
58 0
6 1
49 6
85 4
3 4
64 6
35 4
62 2
48 0
74 5
46 1
43 2
53 1
29 3
24 2
81 2
79 4
28 4
28 2
25 1
99 5
61 5
14 3
5 4
66 3
97 2
31 5
35 5
35 3
34 5
59 4
94 1
17 5
94 5
30 4
60 2
22 0
84 5
58 6
60 2
77 6
64 4
77 3
92 2
4 2
85 0
89 0
17 0
23 3
10 6
55 5
18 2
86 5
58 3
54 3
83 6
67 5
89 4
7 1
67 3
66 5
11 3
25 4
61 2
3 6
17 4
1 0
1 2
1 4
17 1
24 0
67 2
22 0
5 2
34 4
11 0
3 1
55 6
52 3
62 0
9 0
13 3
69 4
61 5
68 2
11 4
1 5
45 0
67 5
81 0
74 5
31 5
88 6
50 2
83 5
22 0
100 5
62 3
71 1
32 5
48 6
100 1
75 2
43 0
1 0
73 6
91 5
86 4
37 6
96 5
95 3
69 1
71 3
45 5
61 1
56 0
10 6
9 1
26 0
8 0
4 3
34 3
98 1
68 2
53 3
47 6
14 4
13 0
42 3
27 5
8 6
12 5
28 3
78 5
74 1
82 4
10 4
1 4
45 1
38 0
34 2
87 2
41 0
26 0
92 0
35 2
27 5
34 0
63 3
84 1
13 4
63 3
67 3
24 6
68 6
36 5
5 5
15 3
32 5
86 4
50 0
10 2
47 5
71 5
33 5
49 3
1 3
81 0
9 4
56 1
10 1
69 5
83 5
4 1
11 1
44 6
82 0
15 5
33 1
76 1
43 3
43 3
26 5
39 6
22 2
58 0
45 5
94 0
23 6
30 5
75 0
24 3
17 3
82 2
80 4
14 0
69 0
36 0
65 5
45 0
93 1
56 1
3 2
74 5
80 5
28 1
46 2
60 1
51 4
38 0
12 0
9 2
98 6
94 3
19 3
90 6
94 0
96 0
39 5
52 5
29 4
57 0
79 5
7 0
36 1
42 1
79 1
44 3
63 5
95 2
48 5
53 1
79 4
62 0
7 2
53 2
48 5
2 4
90 0
100 4
79 2
47 5
54 3
5 5
19 0
17 4
40 4
64 1
50 4
32 3
76 5
59 2
4 4
85 5
35 5
16 3
48 4
17 3
13 5
82 4
70 5
31 1
94 4
68 4
20 6
16 1
59 0
94 3
37 5
39 6
33 0
51 1
19 1
5 1
60 0
82 2
3 6
94 4
87 1
91 0
71 4
24 5
94 0
18 1
38 1
6 0
51 3
8 1
86 3
59 0
2 5
43 1
75 1
54 5
50 5
38 5
31 0
80 5
79 0
1 0
62 4
52 3
63 2
69 2
20 4
45 2
27 3
57 6
28 3
40 2
12 3
75 1
58 0
13 3
16 2
57 0
93 6
12 4
19 5
70 5
3 2
27 2
30 2
2 3
70 1
30 0
48 0
23 1
58 3
37 4
53 2
71 5
2 2
37 6
96 2
47 3
37 3
85 2
78 2
40 1
33 1
98 1
24 2
90 4
56 0
64 1
20 1
37 6
94 3
30 4
83 4
97 3
43 2
51 3
68 2
4 2
21 5
6 4
90 0
16 0
1 6
49 0
32 3
66 4
1 6
29 1
98 2
99 1
88 2
11 1
10 3
77 3
53 5
58 0
43 4
90 5
76 4
8 6
94 5
50 1
90 5
26 4
69 5
28 4
23 4
38 6
100 3
20 6
56 3
72 2
97 0
79 4
24 3
17 4
78 0
28 2
66 4
53 6
57 3
70 2
87 4
74 0
3 5
53 5
68 4
49 1
53 5
25 5
23 1
64 6
5 1
62 3
81 5
93 2
10 4
20 6
91 2
30 4
57 1
42 6
34 3
36 0
51 2
26 0
57 1
82 6
14 4
41 0
34 3
18 0
46 5
57 4
18 3
34 4
6 1
94 3
10 2
59 5
19 0
61 1
83 2
62 1
99 5
85 3
35 4
68 3
32 2
10 2
14 3
99 5
12 6
66 0
31 6
37 4
88 4
2 6
69 1
90 0
93 2
90 4
44 3
30 0
12 1
89 6
10 1
30 4
13 2
30 6
72 1
40 4
77 1
100 3
62 5
14 1
93 6
47 6
78 0
69 6
78 1
83 3
19 2
11 6
56 0
83 6
28 1
96 2
14 0
20 6
16 1
67 4
65 1
88 3
61 6
33 1
24 3
69 2
9 6
78 5
72 3
35 6
40 3
60 6
37 3
8 3
75 0
65 4
48 2
12 2
62 5
86 1
79 1
79 0
78 2
27 6
55 3
94 4
46 0
63 5
2 1
63 4
44 3
26 1
14 6
53 5
63 6
36 4
50 2
46 3
68 4
30 5
90 6
24 4
95 0
35 1
48 3
25 5
3 5
70 3
42 6
74 1
70 1
99 0
89 5
67 3
80 5
59 0
11 4
73 4
36 5
19 5
68 5
15 6
62 3
59 6
55 2
80 6
92 3
19 5
40 3
19 1
64 2
67 5
32 3
47 5
15 4
43 0
14 6
18 5
41 0
88 0
97 5
40 5
15 5
84 3
98 5
5 0
92 6
61 3
85 2
10 0
76 6
15 6
57 6
65 0
4 1
30 3
59 3
83 0
29 4
79 0
86 5
85 3
25 5
33 3
26 3
65 4
32 4
57 2
39 0
68 3
65 4
60 4
43 5
93 2
58 2
76 4
53 2
31 4
7 1
100 3
33 3
80 0
37 4
35 1
43 5
91 5
31 3
29 0
78 0
99 6
48 3
61 3
6 2
68 5
40 2
95 5
8 3
79 5
99 6
85 4
22 1
79 0
49 3
62 0
44 2
56 6
89 4
58 5
94 4
19 2
50 0
72 5
27 0
55 2
56 2
32 0
30 5
14 0
100 6
23 5
70 2
72 6
46 6
12 2
49 4
24 4
34 1
51 4
55 5
50 5
4 1
28 0
45 5
91 4
62 5
66 2
76 1
86 0
33 4
58 0
17 3
45 1
4 1
9 5
54 6
82 4
28 2
18 0
39 2
43 3
28 5
77 3
48 0
44 0
25 2
68 2
91 6
46 1
73 6
10 5
71 0
21 5
41 5
62 0
94 0
12 2
30 5
19 1
63 3
23 5
25 3
45 6
37 2
78 4
27 1
94 4
17 2
75 5
62 3
46 1
17 1
52 5
74 0
19 5
8 4
37 3
62 1
37 0
94 0
44 4
56 3
22 6
14 4
91 1
100 0
49 6
34 3
80 6
98 5
26 4
87 6
56 0
26 2
21 6
47 4
88 6
72 2
92 3
52 6
38 3
82 1
33 5
85 5
74 5
45 5
23 0
6 5
93 0
92 4
50 2
11 2
35 3
82 1
37 4
96 3
78 0
3 3
9 3
85 6
13 4
17 6
97 0
26 4
9 0
94 6
8 4
86 4
67 5
19 4
20 4
45 6
82 3
45 3
13 6
28 5
53 3
71 2
69 4
67 2
19 6
82 5
41 4
38 4
34 1
64 3
65 2
9 6
22 0
71 3
41 0
55 1
10 0
63 4
35 4
17 2
3 0
71 5
51 0
39 3
54 4
73 6
16 2
31 0
13 5
20 2
9 1
20 4
88 6
81 4
86 1
8 1
81 3
57 5
58 6
71 4
10 1
89 0
31 3
35 1
76 0
77 5
73 1
80 1
8 3
40 1
29 0
56 2
94 3
27 5
31 5
100 6
55 6
56 1
81 4
87 0
27 6
55 4
36 4
76 2
46 1
73 4
17 6
25 5
51 1
85 5
26 1
50 6
23 5
27 2
81 6
63 1
45 0
40 5
20 5
12 5
39 6
70 6
26 5
12 3
11 5
18 4
4 4
98 3
17 0
90 1
63 4
52 2
98 4
86 6
65 2
15 3
24 3
1 5
74 1
2 4
77 1
14 1
1 0
61 5
39 5
48 4
4 0
13 3
9 2
84 0
51 1
50 5
31 6
99 4
49 0
39 1
74 4
33 2
25 0
63 2
9 4
19 6
85 6
46 6
41 6
72 4
39 3
40 4
15 6
36 2
13 5
53 3
96 3
66 5
2 1
3 6
27 3
81 6
100 6
39 4
94 2
49 1
87 6
96 0
73 4
81 2
34 4
84 2
89 1
83 5
96 2
62 3
96 6
44 3
46 5
14 3
88 1
70 3
5 0
12 3
21 0
98 2
80 2
76 5
52 5
12 0
85 3
56 0
92 4
78 6
65 4
76 1
27 2
61 6
30 1
42 1
44 3
28 2
31 3
73 3
37 6
62 0
38 6
47 2
66 6
89 0
6 4
83 6
95 5
45 1
55 6
93 0
78 2
20 1
9 1
16 4
69 5
49 4
66 6
90 0
33 2
18 2
55 2
91 6
89 3
99 6
36 1
91 4
56 0
57 6
50 4
99 1
99 2
85 6
29 0
12 1
49 2
28 6
68 1
90 6
97 3
41 3
11 4
13 1
51 2
47 4
52 3
45 1
73 2
82 3
2 6
91 2
77 1
50 0
16 4
30 5
19 6
88 5
76 2
41 4
53 6
93 1
87 4
17 1
89 6
7 2
89 3
47 0
9 6
48 1
66 2
5 6
18 4
34 6
90 1
63 4
47 3
78 6
18 0
76 5
77 6
81 5
100 3
59 0
3 6
49 3
44 0
89 5
12 0
54 2
86 0
56 0
24 5
39 4
79 1
84 6
22 2
85 1
42 2
19 1
20 6
31 1
96 3
93 1
71 5
59 3
96 5
50 2
50 5
92 3
13 6
94 0
93 4
80 3
83 0
56 4
9 1
77 4
25 4
98 1
78 2
1 0
70 6
17 2
60 4
100 5
97 5
31 2
76 3
32 5
13 1
46 1
48 5
32 2
45 0
85 4
99 1
44 3
40 3
3 4
83 3
35 1
23 1
60 6
76 3
97 5
38 5
29 3
52 3
14 4
57 5
85 5
20 5
42 5
37 2
20 0
99 5
53 5
72 3
47 4
29 6
