16383 1000
82 3
76 12
69 19
47 40
41 44
92 16
39 19
99 38
74 58
24 30
77 41
14 8
54 54
71 12
77 47
95 15
64 39
74 55
78 13
72 7
96 28
89 47
1 39
5 43
36 15
18 12
35 3
50 2
60 23
99 20
31 54
12 56
57 12
80 13
58 9
41 28
72 54
92 12
56 22
19 5
50 52
47 27
96 55
29 20
37 35
90 25
100 36
34 50
12 31
49 44
28 8
56 3
11 21
58 54
41 18
73 0
91 44
85 4
87 16
24 3
46 57
25 41
49 19
82 21
87 47
21 49
29 42
97 35
96 34
91 2
89 23
18 23
2 10
100 22
72 2
47 37
55 39
1 48
65 48
96 31
60 32
59 47
91 54
21 4
21 40
17 45
98 24
82 52
23 52
65 43
36 39
68 25
68 45
99 51
75 33
36 57
96 33
36 58
27 59
3 7
13 13
93 44
78 18
2 23
82 5
81 58
74 37
74 26
84 35
99 16
80 18
37 43
89 33
79 46
50 7
93 42
2 10
90 56
69 12
92 3
79 38
7 17
91 59
31 34
73 0
32 42
93 8
73 47
52 26
49 0
86 33
55 46
5 5
76 12
23 58
2 48
15 46
89 31
99 50
89 15
95 3
94 8
6 22
85 58
6 24
26 2
65 16
35 9
70 13
15 30
99 34
57 60
52 50
31 50
21 36
34 23
95 3
88 19
86 59
82 6
11 15
82 14
26 54
94 22
43 37
25 11
19 31
54 33
55 41
89 32
65 49
69 56
1 30
79 58
97 34
73 10
8 39
33 37
53 5
50 41
13 46
76 60
65 35
14 54
41 37
21 12
69 57
11 4
62 26
83 4
70 25
35 19
52 45
59 24
84 38
78 35
91 32
8 41
36 50
50 5
76 17
48 7
89 9
54 21
27 56
32 17
28 59
64 21
41 18
40 11
29 34
29 0
59 13
19 5
15 56
15 22
43 41
93 4
63 47
91 41
85 41
66 6
47 27
97 16
25 31
97 44
23 31
57 28
30 23
70 24
56 11
54 50
73 17
53 2
90 44
77 57
92 50
5 14
29 31
70 40
15 29
6 58
15 47
67 13
18 11
30 27
38 24
17 57
85 19
97 54
93 49
3 59
22 25
88 1
68 42
39 7
3 8
77 11
48 7
85 39
51 56
24 2
99 18
49 39
8 18
85 18
59 28
37 30
52 18
37 52
70 9
12 33
1 4
45 3
56 22
95 30
58 53
25 29
59 37
32 30
100 49
20 36
60 19
18 19
62 12
35 21
1 33
70 15
20 30
63 27
48 50
76 12
92 19
62 32
72 58
7 4
98 17
35 49
74 23
13 1
36 36
18 4
81 47
67 49
88 12
96 57
48 39
13 31
29 36
52 7
45 7
36 27
22 45
89 15
79 6
93 11
14 3
1 33
20 39
88 8
99 7
8 14
69 25
20 40
94 19
80 19
81 5
60 34
86 20
56 40
86 37
25 35
48 17
28 10
99 15
49 20
99 26
2 42
22 51
42 43
64 19
83 22
41 37
48 26
20 29
85 21
78 44
100 48
62 28
26 47
99 17
17 26
25 53
34 24
42 41
99 8
6 6
96 25
48 43
69 15
68 38
29 10
75 2
36 52
22 22
27 32
46 52
32 57
13 47
74 25
21 0
6 28
38 54
88 0
34 49
95 60
48 1
74 0
63 55
62 33
36 7
9 19
60 38
76 53
57 57
19 21
42 59
87 13
74 6
99 5
38 41
60 19
95 12
76 4
50 35
46 21
6 7
21 21
44 36
65 42
34 29
4 36
36 8
91 43
8 57
16 5
84 57
17 58
19 2
90 22
97 13
60 12
3 46
36 4
85 29
68 60
31 16
5 1
66 39
23 24
53 52
95 53
40 18
53 46
4 27
11 51
38 25
31 48
9 11
54 49
20 36
98 17
69 33
20 7
69 48
28 20
18 52
84 1
34 46
13 41
72 27
28 47
43 50
68 60
24 28
54 50
62 3
51 21
92 25
71 33
76 6
72 3
78 51
44 9
45 0
12 50
64 19
91 6
57 0
94 32
61 45
20 29
69 20
85 56
27 60
91 9
100 6
22 46
82 26
4 6
64 51
78 53
86 30
13 33
90 52
7 23
13 25
26 46
26 39
37 39
20 11
82 48
95 6
12 48
39 32
32 40
64 18
33 40
39 17
86 37
78 41
9 59
100 21
96 51
48 23
94 23
14 50
82 51
49 46
35 36
99 37
46 47
98 33
58 10
13 22
4 40
56 36
79 2
54 56
43 8
73 12
47 16
43 26
77 19
42 22
40 10
98 43
62 51
18 13
40 49
24 38
47 47
55 18
49 6
65 49
45 23
31 9
7 25
64 2
16 49
31 4
53 42
54 44
99 28
85 15
1 56
82 2
93 21
14 37
14 25
58 26
39 14
48 20
76 21
70 51
55 6
9 48
54 21
91 29
18 52
85 28
34 29
42 18
75 57
94 34
75 25
22 42
92 7
95 6
9 21
17 33
58 19
2 1
27 8
35 55
22 50
21 26
22 16
12 24
76 57
84 40
78 56
89 1
97 49
16 55
3 43
55 14
82 41
98 52
77 7
92 18
98 40
66 36
28 28
78 43
29 26
17 4
72 16
88 27
95 20
32 27
9 13
99 9
12 17
95 35
97 49
78 55
17 7
27 7
24 13
56 56
27 59
17 18
65 29
39 56
36 32
34 40
5 40
86 19
79 51
18 0
98 1
28 32
72 6
7 37
72 56
97 40
61 2
64 25
84 18
90 32
38 59
77 43
74 38
65 29
34 47
14 19
72 32
84 1
92 29
73 58
34 29
4 8
59 51
68 57
43 46
42 38
55 60
85 51
42 13
78 30
74 27
87 0
27 38
10 41
22 33
39 24
56 38
11 35
35 21
90 54
12 6
17 49
5 42
72 37
31 7
49 8
100 56
85 14
54 36
68 38
14 20
40 29
7 25
70 10
42 60
99 4
70 29
28 11
18 40
81 54
17 25
52 32
77 2
93 15
44 34
15 0
62 55
67 47
51 7
14 13
17 56
54 26
79 41
97 12
28 33
22 33
85 4
6 35
21 25
34 46
59 39
23 6
1 37
8 33
26 7
21 42
91 14
95 4
18 26
98 18
9 21
21 26
46 0
99 29
77 49
63 5
85 2
70 18
58 7
68 18
33 9
21 42
6 18
80 32
94 56
24 57
21 27
23 44
55 18
67 12
37 30
46 43
62 47
94 8
49 1
68 25
80 57
82 37
15 37
81 52
82 57
52 45
60 4
8 35
34 9
5 0
84 56
11 15
93 6
17 55
61 31
25 38
24 53
33 26
19 35
28 37
11 53
98 20
10 47
36 18
42 6
15 24
15 41
11 43
34 40
9 0
82 41
13 6
4 54
24 55
47 46
76 6
50 12
56 33
54 12
49 14
22 57
19 36
71 1
66 36
26 30
35 4
71 41
25 0
33 17
54 8
14 57
48 47
99 36
35 2
11 16
27 52
35 22
31 19
49 9
26 3
33 5
69 34
86 0
93 13
24 27
21 26
42 40
76 41
12 57
37 28
91 12
31 11
72 0
100 26
81 49
100 4
20 60
17 31
62 40
2 12
5 37
79 8
56 24
89 20
10 53
33 49
69 36
56 55
74 20
46 45
81 37
68 20
69 50
90 12
70 24
41 58
90 7
66 25
65 10
31 19
5 3
27 48
21 32
47 3
48 57
59 39
97 47
13 3
62 45
12 34
58 7
54 33
52 5
82 30
44 12
63 38
19 16
96 27
86 22
64 58
69 7
2 39
75 41
25 55
16 21
59 19
96 2
64 21
42 34
22 28
46 0
21 0
88 29
17 52
53 60
73 57
29 42
37 46
51 16
25 16
68 9
58 17
10 30
1 19
79 14
58 30
82 27
4 55
1 56
4 1
65 58
26 24
50 21
28 45
35 54
11 9
27 38
3 7
77 25
33 13
13 23
18 53
83 0
12 12
100 9
25 30
38 47
73 58
9 6
20 31
24 15
3 27
33 56
56 39
26 36
62 5
87 56
69 44
6 56
35 48
69 14
37 0
75 46
49 39
66 49
62 48
50 27
43 54
17 54
25 60
65 2
39 23
99 25
58 11
62 50
60 14
67 42
44 13
15 37
72 24
45 13
7 16
80 33
99 45
48 19
3 37
92 40
83 49
47 4
42 12
76 24
48 59
9 53
27 22
5 12
64 16
27 35
33 50
49 56
93 60
19 4
75 0
28 15
88 40
96 50
55 57
15 44
85 47
21 58
58 52
65 6
4 25
43 3
69 21
87 26
4 1
60 17
44 56
45 58
20 55
94 4
78 7
26 28
81 2
18 17
43 14
1 49
46 22
35 30
63 20
64 60
28 52
59 33
95 35
66 37
81 23
47 25
78 5
93 38
5 1
46 29
12 0
34 30
32 52
75 53
68 4
26 42
57 54
78 48
85 52
39 32
63 55
62 56
