8 405 169
4 2 17
2 6 119
6 1 77
1 5 70
5 7 114
7 8 131
8 3 85
3 5 123
5 1 58
1 5 83
5 7 167
7 8 69
8 7 129
7 6 63
6 1 5
1 5 155
5 6 96
6 7 24
7 2 15
2 5 97
5 7 1
7 1 144
1 3 151
3 7 28
7 6 2
6 4 154
4 2 64
2 7 73
7 5 77
5 1 21
1 6 13
6 8 33
8 4 161
4 1 22
1 5 109
5 6 41
6 5 6
5 4 169
4 1 116
1 2 82
2 4 78
4 6 85
6 2 160
2 5 76
5 1 98
1 5 41
5 8 102
8 7 113
7 2 71
2 6 137
6 1 149
1 7 162
7 6 145
6 1 66
1 7 37
7 3 161
3 1 76
1 6 24
6 7 132
7 5 102
5 6 85
6 3 10
3 8 58
8 5 129
5 3 150
3 8 78
8 2 150
2 7 96
7 8 15
8 1 158
1 8 158
8 4 165
4 5 45
5 7 159
7 3 31
3 6 6
6 2 95
2 8 56
8 5 71
5 7 93
7 2 167
2 7 120
7 8 126
8 7 53
7 8 98
8 7 133
7 5 16
5 3 2
3 5 119
5 7 42
7 1 72
1 4 47
4 8 19
8 2 162
2 5 142
5 3 47
3 6 74
6 3 165
3 1 77
1 3 130
3 1 115
1 2 84
2 1 33
1 3 154
3 7 81
7 3 96
3 2 56
2 6 162
6 5 7
5 2 5
2 3 91
3 7 39
7 8 76
8 4 23
4 2 37
2 8 166
8 2 76
2 4 161
4 5 71
5 3 138
3 4 83
4 3 102
3 1 146
1 3 83
3 4 79
4 6 72
6 7 33
7 1 98
1 2 166
2 6 81
6 1 122
1 3 37
3 8 42
8 1 127
1 5 134
5 2 146
2 6 90
6 4 159
4 5 69
5 6 74
6 3 162
3 4 93
4 8 162
8 5 94
5 2 126
2 6 163
6 1 128
1 4 122
4 6 159
6 4 53
4 6 89
6 4 31
4 7 72
7 4 57
4 8 27
8 4 103
4 2 57
2 7 5
7 4 80
4 8 20
8 4 10
4 3 49
3 5 133
5 7 91
7 4 54
4 3 169
3 4 102
4 5 52
5 8 144
8 5 46
5 2 160
2 8 131
8 2 158
2 7 99
7 1 151
1 8 116
8 2 70
2 5 65
5 3 158
3 2 134
2 4 141
4 2 21
2 1 15
1 3 12
3 8 156
8 3 38
3 1 6
1 6 49
6 7 64
7 8 122
8 1 138
1 3 63
3 6 48
6 1 79
1 6 158
6 2 128
2 6 102
6 4 125
4 5 116
5 3 146
3 6 31
6 3 118
3 4 118
4 8 12
8 7 167
7 3 28
3 1 144
1 8 76
8 2 83
2 8 54
8 7 157
7 2 67
2 8 114
8 6 57
6 5 135
5 2 17
2 3 11
3 6 127
6 4 110
4 3 108
3 1 71
1 5 105
5 4 137
4 2 168
2 5 149
5 8 25
8 1 95
1 8 26
8 5 72
5 4 156
4 2 151
2 7 58
7 3 19
3 6 112
6 7 104
7 4 76
4 1 140
1 2 87
2 1 160
1 4 90
4 5 84
5 2 100
2 5 138
5 6 66
6 2 85
2 7 123
7 1 93
1 5 84
5 7 79
7 4 22
4 2 92
2 1 127
1 8 47
8 4 108
4 5 34
5 1 45
1 4 100
4 6 133
6 4 75
4 3 91
3 2 121
2 3 64
3 1 93
1 5 52
5 6 44
6 3 163
3 1 134
1 8 61
8 7 93
7 6 75
6 7 18
7 8 150
8 6 122
6 2 156
2 8 146
8 3 154
3 5 142
5 8 74
8 2 160
2 3 52
3 7 135
7 1 85
1 4 132
4 1 90
1 3 30
3 1 34
1 6 33
6 3 49
3 7 3
7 5 55
5 7 40
7 3 94
3 7 26
7 8 7
8 4 117
4 6 98
6 7 33
7 5 8
5 6 79
6 3 82
3 6 72
6 7 57
7 1 53
1 7 19
7 8 150
8 6 45
6 4 32
4 2 20
2 6 44
6 3 89
3 2 156
2 5 100
5 1 10
1 7 151
7 8 92
8 1 57
1 8 161
8 7 162
7 8 89
8 7 127
7 3 112
3 2 54
2 3 112
3 8 65
8 1 69
1 2 54
2 5 93
5 2 62
2 5 100
5 2 136
2 7 137
7 5 5
5 3 104
3 8 149
8 1 33
1 5 122
5 8 152
8 6 74
6 1 41
1 8 53
8 2 146
2 6 62
6 2 59
2 8 48
8 4 37
4 6 12
6 1 61
1 8 22
8 2 145
2 8 88
8 2 123
2 3 164
3 2 83
2 6 20
6 3 142
3 7 20
7 5 26
5 8 25
8 2 31
2 7 94
7 6 166
6 7 61
7 4 24
4 8 99
8 2 12
2 5 129
5 2 81
2 6 169
6 8 109
8 5 89
5 6 47
6 5 26
5 1 104
1 3 145
3 4 80
4 1 95
1 5 102
5 1 10
1 6 69
6 2 24
2 6 115
6 7 122
7 1 28
1 8 71
8 3 44
3 4 140
4 1 110
1 6 1
6 5 158
5 3 66
3 6 61
6 5 32
5 3 99
3 7 85
7 2 138
2 1 55
1 2 70
2 7 126
7 8 13
8 7 91
7 8 73
8 3 124
3 4 11
4 3 36
3 4 51
