3 147 71
2 3 40
3 1 49
1 2 53
2 1 9
1 2 38
2 3 19
3 1 68
1 2 18
2 3 53
3 2 9
2 3 37
3 2 66
2 1 59
1 3 49
3 1 38
1 3 46
3 1 2
1 2 24
2 1 2
1 3 57
3 2 10
2 1 59
1 3 3
3 1 66
1 2 4
2 1 13
1 2 42
2 3 25
3 2 55
2 1 54
1 2 43
2 1 48
1 2 67
2 1 53
1 2 43
2 3 33
3 2 62
2 1 71
1 3 67
3 1 57
1 2 58
2 3 23
3 2 61
2 1 51
1 2 12
2 3 45
3 1 63
1 2 59
2 3 67
3 2 47
2 1 36
1 3 6
3 2 27
2 3 68
3 2 70
2 3 52
3 1 55
1 3 22
3 2 53
2 3 57
3 2 42
2 3 51
3 2 44
2 1 32
1 2 59
2 1 14
1 3 8
3 1 42
1 3 56
3 2 21
2 1 64
1 3 16
3 1 1
1 2 33
2 1 38
1 3 58
3 2 1
2 3 25
3 2 54
2 1 54
1 2 65
2 3 36
3 1 56
1 2 33
2 3 3
3 2 30
2 3 39
3 2 16
2 1 14
1 2 37
2 1 66
1 2 41
2 3 70
3 1 67
1 2 24
2 3 51
3 2 12
2 1 43
1 2 54
2 1 16
1 2 30
2 3 68
3 1 66
1 3 43
3 2 66
2 1 64
1 2 46
2 1 26
1 3 58
3 1 59
1 3 1
3 1 8
1 2 6
2 1 60
1 2 13
2 3 71
3 2 34
2 3 45
3 2 61
2 1 17
1 2 57
2 1 36
1 3 25
3 2 12
2 1 52
1 2 38
2 3 19
3 2 66
2 3 42
3 1 30
1 3 5
3 1 16
1 3 69
3 2 9
2 3 23
3 1 22
1 2 57
2 3 25
3 2 49
2 1 59
1 3 7
3 1 22
1 2 59
2 1 48
1 2 27
2 1 15
1 2 43
