3 272 927
3 1 379
1 2 504
2 3 755
3 2 853
2 1 342
1 3 302
3 1 9
1 2 71
2 1 658
1 3 415
3 2 202
2 1 730
1 2 786
2 3 792
3 1 453
1 2 693
2 1 544
1 2 69
2 1 838
1 2 362
2 3 624
3 2 857
2 1 251
1 2 502
2 3 329
3 1 633
1 3 374
3 1 207
1 3 704
3 1 224
1 3 499
3 1 316
1 2 274
2 1 392
1 2 98
2 3 642
3 2 87
2 1 615
1 2 42
2 3 860
3 2 97
2 3 637
3 2 595
2 1 479
1 2 779
2 1 832
1 3 333
3 1 617
1 3 757
3 1 256
1 2 271
2 3 634
3 1 496
1 2 745
2 1 161
1 3 539
3 1 43
1 3 653
3 2 869
2 3 536
3 1 355
1 3 472
3 1 25
1 2 598
2 1 818
1 2 416
2 1 807
1 3 377
3 2 358
2 1 797
1 2 611
2 3 503
3 1 495
1 2 807
2 1 878
1 2 217
2 1 51
1 2 863
2 1 111
1 2 154
2 1 228
1 3 135
3 1 400
1 3 471
3 2 337
2 3 583
3 2 423
2 3 325
3 2 573
2 1 763
1 2 42
2 3 123
3 1 579
1 2 21
2 1 846
1 2 410
2 1 153
1 2 37
2 3 419
3 1 925
1 2 914
2 1 70
1 3 45
3 1 66
1 3 892
3 2 282
2 3 213
3 2 645
2 1 83
1 2 153
2 1 13
1 3 754
3 1 667
1 2 484
2 3 308
3 2 288
2 1 224
1 2 221
2 1 574
1 3 907
3 1 761
1 3 702
3 2 711
2 3 279
3 1 434
1 2 545
2 3 538
3 2 591
2 1 23
1 3 741
3 2 713
2 1 45
1 2 102
2 3 14
3 2 335
2 1 363
1 2 657
2 1 103
1 3 546
3 1 505
1 2 217
2 1 704
1 2 317
2 3 838
3 1 130
1 3 120
3 1 778
1 2 550
2 1 818
1 3 493
3 2 852
2 3 707
3 2 883
2 1 112
1 3 765
3 1 6
1 2 72
2 3 491
3 1 842
1 2 891
2 3 103
3 2 97
2 3 376
3 1 500
1 2 180
2 1 837
1 3 638
3 1 229
1 3 189
3 2 863
2 3 278
3 2 529
2 1 730
1 2 877
2 3 613
3 2 288
2 1 827
1 2 828
2 3 799
3 1 624
1 3 301
3 2 489
2 3 906
3 2 471
2 3 442
3 2 672
2 3 76
3 1 452
1 3 6
3 2 166
2 1 388
1 2 575
2 3 80
3 2 128
2 3 218
3 1 466
1 2 251
2 1 790
1 2 879
2 3 680
3 1 560
1 2 570
2 1 590
1 2 316
2 1 687
1 2 666
2 1 912
1 3 132
3 2 609
2 1 531
1 3 273
3 2 755
2 3 51
3 1 139
1 3 432
3 1 850
1 2 836
2 1 591
1 2 695
2 1 539
1 2 553
2 3 918
3 1 563
1 2 606
2 1 336
1 3 782
3 1 615
1 3 848
3 2 644
2 3 221
3 1 553
1 3 321
3 2 16
2 3 774
3 2 579
2 1 46
1 3 476
3 1 856
1 3 567
3 1 667
1 3 563
3 2 553
2 1 422
1 2 140
2 1 208
1 2 230
2 1 738
1 2 742
2 3 349
3 2 766
2 3 157
3 2 117
2 3 482
3 1 508
1 3 452
3 1 589
1 2 176
2 3 185
3 2 205
2 3 722
3 2 768
2 1 409
1 3 414
3 1 334
1 2 53
2 1 341
1 3 670
3 2 575
2 1 253
1 3 266
3 2 859
2 3 573
