9 341 946
9 5 532
5 2 377
2 1 55
1 7 431
7 3 330
3 4 715
4 6 592
6 8 562
8 7 100
7 9 141
9 4 149
4 3 194
3 4 325
4 9 696
9 8 720
8 9 903
9 2 320
2 7 477
7 1 221
1 3 51
3 7 252
7 5 900
5 4 107
4 2 517
2 3 274
3 8 797
8 6 616
6 3 29
3 1 370
1 9 326
9 5 854
5 3 264
3 2 300
2 9 517
9 1 400
1 2 9
2 9 79
9 7 839
7 9 327
9 4 134
4 3 856
3 2 389
2 6 588
6 1 935
1 7 897
7 2 761
2 3 173
3 1 870
1 9 322
9 2 54
2 6 187
6 8 540
8 4 449
4 5 747
5 9 504
9 8 150
8 4 294
4 5 848
5 8 891
8 2 545
2 9 336
9 1 104
1 4 930
4 3 380
3 5 676
5 6 656
6 5 849
5 9 692
9 4 91
4 9 238
9 7 121
7 2 59
2 3 677
3 5 524
5 7 374
7 2 794
2 9 405
9 8 807
8 1 343
1 5 476
5 9 824
9 6 429
6 3 649
3 4 708
4 9 468
9 7 330
7 2 161
2 6 342
6 5 322
5 6 712
6 2 43
2 3 604
3 2 341
2 4 4
4 1 531
1 3 53
3 7 280
7 9 533
9 3 674
3 6 859
6 3 695
3 4 75
4 8 157
8 9 237
9 3 553
3 2 520
2 4 422
4 5 601
5 4 553
4 7 296
7 1 473
1 8 311
8 4 191
4 1 672
1 9 778
9 2 820
2 1 513
1 8 802
8 3 144
3 8 19
8 1 789
1 7 946
7 1 455
1 7 675
7 1 516
1 4 112
4 6 926
6 5 712
5 2 243
2 8 579
8 6 6
6 4 767
4 7 380
7 3 895
3 5 474
5 9 369
9 2 199
2 9 294
9 1 225
1 9 757
9 7 246
7 4 757
4 1 688
1 9 265
9 3 679
3 4 398
4 2 211
2 3 585
3 7 780
7 8 92
8 5 821
5 9 771
9 8 351
8 2 877
2 7 943
7 1 833
1 7 444
7 5 687
5 3 816
3 4 105
4 2 711
2 1 908
1 6 532
6 7 879
7 1 564
1 8 2
8 1 583
1 4 189
4 7 937
7 6 140
6 7 335
7 5 936
5 1 136
1 7 450
7 3 546
3 7 303
7 2 353
2 3 846
3 1 941
1 3 414
3 9 925
9 5 604
5 2 639
2 6 787
6 1 307
1 3 273
3 5 497
5 3 778
3 4 114
4 6 340
6 2 649
2 4 283
4 5 282
5 9 547
9 7 662
7 2 792
2 1 121
1 9 173
9 8 848
8 1 688
1 4 345
4 6 149
6 9 538
9 1 232
1 4 536
4 1 834
1 6 430
6 2 22
2 4 940
4 1 171
1 5 368
5 6 76
6 8 361
8 6 12
6 8 797
8 2 515
2 5 34
5 3 889
3 7 472
7 3 463
3 6 593
6 8 788
8 2 134
2 6 29
6 4 644
4 2 392
2 9 938
9 3 793
3 4 288
4 7 815
7 1 789
1 9 175
9 4 308
4 6 825
6 8 498
8 5 318
5 2 143
2 1 174
1 2 288
2 8 476
8 2 868
2 5 623
5 6 535
6 2 437
2 3 281
3 7 645
7 9 267
9 1 812
1 6 685
6 2 370
2 4 7
4 3 486
3 4 560
4 2 865
2 8 396
8 6 870
6 4 199
4 1 236
1 2 698
2 1 602
1 3 807
3 6 557
6 1 893
1 4 116
4 9 285
9 1 106
1 2 686
2 1 257
1 7 216
7 9 259
9 4 800
4 3 631
3 8 932
8 9 317
9 1 897
1 2 143
2 6 378
6 2 934
2 4 570
4 8 224
8 6 713
6 3 477
3 4 856
4 9 866
9 7 185
7 3 402
3 6 118
6 1 361
1 8 905
8 7 50
7 1 283
1 2 941
2 5 848
5 4 155
4 6 560
6 1 730
1 6 439
6 1 339
1 6 703
6 9 144
9 3 383
3 9 311
9 5 84
5 4 504
4 3 925
3 4 684
4 7 388
7 5 856
5 1 728
1 3 381
3 1 88
1 8 637
8 7 684
7 8 778
8 6 262
6 1 545
1 4 362
4 2 619
2 1 762
1 7 885
7 2 358
2 4 741
4 8 176
8 4 139
4 3 12
3 9 592
9 7 339
7 1 597
1 4 385
4 8 583
8 7 658
7 6 614
6 1 661
1 7 623
7 6 486
6 4 875
4 2 588
2 4 656
4 3 799
3 7 184
7 9 685
