6 131 587
1 4 114
4 5 10
5 2 406
2 3 502
3 6 272
6 5 319
5 6 312
6 1 316
1 2 353
2 5 367
5 6 204
6 2 144
2 4 331
4 2 366
2 1 513
1 2 239
2 3 152
3 4 252
4 3 305
3 2 109
2 4 247
4 6 151
6 4 290
4 5 310
5 1 109
1 4 405
4 3 175
3 2 124
2 1 276
1 4 72
4 1 67
1 2 405
2 4 204
4 3 465
3 4 415
4 5 324
5 6 362
6 2 21
2 5 386
5 1 239
1 5 19
5 2 296
2 5 160
5 2 4
2 1 176
1 3 472
3 4 458
4 3 265
3 1 254
1 3 237
3 5 501
5 4 402
4 6 347
6 4 312
4 3 87
3 2 21
2 5 216
5 6 160
6 3 85
3 6 358
6 1 354
1 5 108
5 3 148
3 1 420
1 2 278
2 3 384
3 1 37
1 2 174
2 4 531
4 1 294
1 5 28
5 1 391
1 4 38
4 5 555
5 3 321
3 5 363
5 4 463
4 3 395
3 2 553
2 1 118
1 2 490
2 4 339
4 6 276
6 5 104
5 6 164
6 2 482
2 1 512
1 4 162
4 2 419
2 1 81
1 6 554
6 4 2
4 2 182
2 4 551
4 2 531
2 4 465
4 1 504
1 6 355
6 2 417
2 5 261
5 4 183
4 5 95
5 6 425
6 4 545
4 5 521
5 1 72
1 2 416
2 5 545
5 6 167
6 4 436
4 1 442
1 5 129
5 1 60
1 2 231
2 1 216
1 6 397
6 4 508
4 3 116
3 1 196
1 3 357
3 6 489
6 1 358
1 3 263
3 4 17
4 5 139
5 6 576
6 5 87
5 3 90
3 6 125
6 4 477
4 1 172
