435 412 455
61 225 196
225 359 147
359 400 217
400 110 30
110 421 342
421 290 265
290 245 21
245 163 193
163 384 52
384 233 139
233 126 151
126 213 5
213 216 400
216 419 42
419 259 389
259 287 99
287 393 26
393 304 210
304 370 74
370 391 442
391 288 163
288 76 380
76 129 194
129 228 391
228 381 238
381 174 292
174 349 21
349 175 326
175 403 33
403 27 140
27 284 261
284 2 320
2 101 29
101 314 376
314 73 169
73 84 343
84 109 287
109 390 25
390 432 153
432 253 230
253 51 318
51 295 187
295 357 157
357 88 171
88 377 191
377 428 162
428 380 7
380 184 77
184 324 82
324 128 299
128 219 219
219 34 288
34 424 408
424 131 309
131 181 58
181 113 146
113 106 228
106 368 148
368 79 371
79 280 150
280 298 243
298 103 272
103 417 171
417 289 386
289 169 350
169 127 223
127 140 201
140 376 102
376 423 48
423 235 239
235 319 118
319 16 85
16 313 202
313 292 103
292 273 284
273 9 357
9 433 370
433 35 403
35 217 196
217 416 227
416 305 298
305 137 65
137 394 51
394 385 286
385 204 426
204 120 181
120 375 19
375 410 305
410 21 196
21 25 399
25 238 354
238 268 32
268 227 266
227 43 128
43 276 166
276 389 28
389 323 131
323 187 123
187 7 110
7 249 13
249 340 302
340 221 386
221 200 174
200 386 355
386 20 408
20 429 24
429 401 442
401 351 352
351 291 30
291 354 31
354 408 371
408 402 149
402 308 46
308 3 210
3 194 328
194 33 302
33 185 112
185 392 340
392 75 433
75 333 421
333 116 89
116 159 52
159 130 396
130 378 285
378 54 333
54 91 155
91 278 441
278 306 237
306 360 184
360 63 365
63 282 394
282 150 28
150 66 304
66 387 180
387 72 240
72 179 205
179 312 236
312 261 296
261 307 222
307 167 149
167 39 5
39 26 161
26 265 451
265 182 397
182 362 249
362 208 69
208 118 437
118 218 196
218 355 291
355 38 421
38 24 280
24 152 42
152 258 229
258 164 102
164 257 32
257 146 5
146 406 409
406 331 92
331 374 62
374 209 295
209 361 367
361 98 353
98 242 347
242 60 300
60 297 74
297 162 307
162 196 93
196 5 204
5 317 45
317 186 293
186 256 284
256 285 230
285 243 250
243 334 256
334 267 175
267 346 216
346 237 7
237 100 379
100 135 283
135 165 253
165 335 102
335 4 451
4 266 120
266 231 190
231 67 406
67 223 299
223 105 235
105 50 433
50 13 335
13 32 176
32 151 16
151 143 132
143 173 192
173 1 360
1 274 257
274 6 77
6 157 355
157 343 151
343 170 62
170 420 113
420 345 198
345 19 392
19 59 283
59 89 236
89 327 97
327 121 43
121 283 12
283 192 25
192 108 182
108 422 245
422 411 11
411 125 246
125 348 144
348 277 94
277 271 375
271 220 76
220 107 135
107 115 315
115 176 345
176 147 51
147 299 206
299 57 91
57 44 111
44 373 70
373 195 304
195 45 427
45 214 21
214 207 442
207 234 116
234 264 409
264 99 235
99 202 410
202 160 149
160 310 320
310 145 99
145 31 206
31 396 382
396 414 199
414 212 107
212 236 417
236 407 35
407 46 200
46 320 117
320 269 307
269 325 230
325 364 378
364 366 405
366 296 282
296 78 373
78 426 315
426 36 70
36 341 321
341 294 406
294 199 306
199 232 316
232 388 265
388 11 440
11 41 89
41 404 267
404 248 321
248 205 362
205 161 49
161 316 280
316 168 299
168 246 418
246 68 76
68 239 233
239 12 325
12 69 400
69 229 109
229 189 438
189 226 297
226 379 389
379 395 193
395 15 308
15 154 204
154 332 18
332 177 134
177 409 255
409 263 281
263 86 211
86 244 120
244 206 142
206 70 129
70 338 233
338 139 409
139 81 364
81 254 41
254 412 20
412 148 326
148 427 91
427 190 222
190 203 169
203 172 354
172 40 60
40 398 414
398 342 244
342 431 401
431 252 115
252 339 380
339 87 101
87 300 379
300 329 151
329 405 389
405 413 311
413 90 346
90 153 295
153 119 321
119 166 67
166 132 211
132 352 39
352 363 281
363 94 388
94 47 3
47 114 146
114 275 397
275 144 34
144 311 389
311 56 342
56 124 362
124 49 159
49 434 63
434 14 107
14 183 394
183 55 264
55 303 162
303 435 242
435 215 408
215 48 78
48 330 368
330 222 420
222 193 349
193 97 279
97 23 349
23 96 204
96 322 337
322 251 111
251 293 228
293 111 320
111 156 86
156 201 24
201 286 151
286 92 271
92 83 149
83 80 48
80 136 234
136 102 165
102 82 454
82 133 371
133 198 413
198 353 314
353 65 43
65 134 33
134 112 365
112 430 331
430 180 262
180 117 111
117 270 372
270 155 151
155 399 418
399 425 99
425 301 358
301 347 371
347 149 410
149 415 229
415 372 290
372 197 151
197 95 319
95 171 400
171 52 351
52 302 286
302 281 10
281 262 41
262 77 294
77 279 301
279 369 359
369 104 232
104 358 246
358 58 291
58 367 434
367 337 113
337 350 183
350 71 44
71 371 310
371 10 277
10 141 412
141 210 249
210 321 78
321 255 129
255 142 34
142 123 271
123 22 260
22 122 231
122 8 453
8 74 400
74 64 314
64 397 44
397 241 436
241 382 254
382 17 43
17 309 373
309 191 423
191 42 325
42 336 329
336 158 227
158 85 445
85 230 75
230 18 417
18 30 404
30 93 282
93 28 223
28 61 405
