14 387 800
14 6 215
6 3 420
3 1 240
1 2 735
2 10 736
10 9 403
9 7 182
7 11 435
11 5 613
5 4 377
4 8 677
8 12 692
12 13 131
13 9 320
9 2 577
2 11 64
11 1 720
1 13 99
13 9 617
9 7 597
7 4 593
4 14 441
14 13 588
13 1 407
1 12 555
12 10 63
10 6 431
6 14 260
14 8 96
8 10 592
10 8 62
8 6 739
6 7 760
7 14 528
14 10 311
10 1 4
1 14 223
14 12 799
12 14 305
14 11 731
11 1 619
1 2 279
2 3 1
3 9 30
9 5 280
5 8 248
8 13 788
13 14 10
14 13 719
13 14 149
14 3 84
3 5 377
5 6 692
6 7 509
7 12 181
12 8 244
8 5 314
5 12 390
12 4 240
4 3 64
3 14 21
14 13 473
13 14 757
14 10 611
10 2 439
2 12 119
12 1 350
1 4 32
4 5 503
5 14 402
14 5 528
5 8 525
8 9 528
9 4 278
4 7 315
7 10 660
10 11 212
11 8 474
8 1 292
1 6 97
6 11 85
11 2 633
2 5 398
5 3 762
3 6 231
6 11 502
11 5 260
5 7 145
7 1 234
1 10 571
10 13 724
13 8 409
8 14 381
14 4 453
4 13 683
13 6 571
6 11 504
11 2 290
2 12 638
12 8 28
8 4 287
4 5 417
5 9 164
9 2 522
2 3 583
3 12 144
12 3 555
3 9 316
9 10 617
10 5 322
5 7 723
7 2 686
2 12 779
12 1 201
1 3 756
3 11 181
11 1 192
1 5 614
5 8 537
8 7 579
7 10 148
10 3 500
3 11 204
11 7 22
7 14 468
14 13 184
13 3 760
3 12 246
12 13 352
13 5 776
5 3 781
3 1 208
1 5 444
5 7 632
7 12 89
12 8 763
8 14 124
14 3 752
3 8 434
8 10 737
10 14 143
14 7 656
7 14 257
14 1 689
1 9 682
9 12 458
12 7 589
7 10 775
10 3 173
3 12 427
12 5 680
5 6 751
6 7 204
7 11 660
11 9 739
9 11 740
11 5 523
5 10 765
10 14 368
14 12 575
12 3 103
3 5 441
5 4 713
4 2 242
2 11 559
11 4 321
4 2 73
2 8 444
8 7 274
7 14 140
14 6 640
6 10 549
10 13 688
13 7 331
7 14 550
14 3 312
3 13 95
13 10 12
10 9 100
9 2 110
2 13 680
13 2 204
2 5 641
5 2 546
2 1 32
1 11 84
11 14 347
14 4 704
4 8 341
8 6 574
6 3 2
3 9 695
9 6 547
6 11 411
11 6 556
6 3 421
3 12 305
12 3 78
3 13 272
13 7 752
7 5 339
5 7 370
7 13 48
13 5 653
5 14 316
14 5 9
5 4 15
4 2 480
2 14 226
14 9 271
9 4 504
4 13 236
13 8 490
8 9 137
9 13 396
13 10 327
10 7 70
7 2 327
2 4 590
4 11 625
11 10 760
10 3 96
3 7 447
7 4 157
4 1 59
1 7 614
7 1 448
1 13 567
13 5 681
5 3 208
3 13 218
13 1 170
1 2 537
2 1 672
1 14 280
14 3 632
3 2 261
2 10 208
10 8 571
8 5 724
5 1 254
1 5 338
5 10 541
10 2 493
2 14 362
14 1 681
1 4 376
4 3 337
3 6 3
6 1 711
1 8 769
8 5 445
5 1 631
1 4 333
4 6 282
6 9 671
9 11 487
11 8 43
8 10 39
10 4 532
4 12 702
12 3 178
3 6 104
6 2 195
2 5 255
5 10 95
10 14 730
14 13 325
13 11 665
11 1 88
1 10 434
10 5 294
5 13 24
13 5 756
5 10 357
10 6 738
6 8 728
8 10 200
10 7 382
7 1 529
1 4 60
4 7 162
7 12 520
12 1 271
1 12 510
12 14 750
14 8 328
8 7 215
7 8 351
8 1 789
1 5 722
5 1 161
1 14 385
14 2 96
2 14 244
14 7 156
7 1 25
1 10 680
10 7 629
7 11 69
11 9 772
9 4 252
4 6 524
6 7 6
7 11 235
11 2 43
2 10 736
10 3 664
3 10 499
10 13 461
13 10 353
10 1 458
1 6 690
6 4 111
4 8 294
8 2 536
2 7 211
7 10 597
10 3 253
3 7 619
7 11 102
11 3 629
3 5 4
5 10 280
10 14 231
14 3 353
3 5 589
5 8 1
8 7 406
7 10 246
10 9 516
9 13 244
13 5 292
5 9 429
9 2 203
2 6 165
6 8 732
8 10 301
10 6 245
6 7 361
7 12 425
12 5 702
5 14 220
14 4 241
4 8 761
8 2 711
2 1 353
1 4 690
4 7 310
7 1 712
1 10 407
10 13 264
13 5 422
5 4 721
4 3 319
3 9 140
9 3 290
3 11 89
11 5 477
5 13 522
13 8 167
8 11 509
11 9 361
9 1 349
1 4 210
4 8 543
8 2 601
2 8 314
8 9 359
9 12 49
12 14 240
14 5 276
5 14 74
14 10 133
10 9 58
9 5 42
5 6 254
6 3 303
3 8 399
8 10 32
10 6 215
6 7 464
7 12 207
12 6 635
6 2 436
2 3 178
3 14 354
