357 153 223
168 355 203
355 5 131
5 319 9
319 188 165
188 335 101
335 150 71
150 214 162
214 221 221
221 238 144
238 180 187
180 296 130
296 24 137
24 316 78
316 207 48
207 13 168
13 21 18
21 19 112
19 3 208
3 89 32
89 220 116
220 68 12
68 171 128
171 289 187
289 276 185
276 213 79
213 239 94
239 162 42
162 155 207
155 115 20
115 116 6
116 25 107
25 230 222
230 100 63
100 269 176
269 69 43
69 130 205
130 124 121
124 117 116
117 2 163
2 254 50
254 41 149
41 110 165
110 58 99
58 262 24
262 268 165
268 250 111
250 328 66
328 212 71
212 311 209
311 308 95
308 346 25
346 157 190
157 1 52
1 32 44
32 196 11
196 170 201
170 310 14
310 176 137
176 210 140
210 216 196
216 281 113
281 236 28
236 282 132
282 285 90
285 314 96
314 297 17
297 128 209
128 352 204
352 4 211
4 339 94
339 243 175
243 125 201
125 290 73
290 169 97
169 235 153
235 245 57
245 321 61
321 76 113
76 105 69
105 172 212
172 17 37
17 148 148
148 23 32
23 38 25
38 109 1
109 206 99
206 71 23
71 198 144
198 225 112
225 86 203
86 229 23
229 90 127
90 173 11
173 265 219
265 247 99
247 44 181
44 219 98
219 306 191
306 303 116
303 29 108
29 279 96
279 329 65
329 340 30
340 182 183
182 87 140
87 226 36
226 134 172
134 325 180
325 75 52
75 287 70
287 102 187
102 61 54
61 351 3
351 20 140
20 348 6
348 181 164
181 7 116
7 331 176
331 244 77
244 60 174
60 99 214
99 53 222
53 341 174
341 12 82
12 277 180
277 30 86
30 234 154
234 42 181
42 64 113
64 305 64
305 123 17
123 72 50
72 271 176
271 338 75
338 141 167
141 129 141
129 274 66
274 205 123
205 333 93
333 240 106
240 159 67
159 283 131
283 192 121
192 27 93
27 179 190
179 200 195
200 356 205
356 167 87
167 337 47
337 197 185
197 79 20
79 218 74
218 168 80
