756 383 558
18 603 174
603 508 516
508 536 16
536 198 421
198 460 549
460 617 297
617 588 497
588 650 477
650 726 494
726 417 217
417 401 464
401 126 216
126 674 529
674 476 333
476 616 303
616 404 247
404 58 398
58 563 542
563 427 365
427 190 236
190 419 250
419 118 402
118 736 305
736 71 403
71 374 217
374 489 166
489 21 180
21 575 403
575 114 376
114 52 374
52 359 271
359 357 371
357 752 277
752 510 11
510 480 424
480 228 299
228 562 475
562 151 344
151 236 118
236 485 215
485 618 150
618 140 270
140 456 448
456 530 288
530 611 234
611 381 220
381 6 228
6 649 294
649 275 230
275 272 264
272 628 304
628 405 134
405 326 488
326 264 481
264 471 514
471 234 460
234 518 517
518 465 375
465 331 38
331 701 308
701 503 106
503 541 55
541 23 93
23 490 112
490 602 362
602 306 273
306 300 233
300 543 108
543 605 458
605 165 122
165 590 389
590 79 406
79 653 426
653 301 525
301 341 258
341 221 277
221 424 319
424 597 237
597 48 456
48 712 280
712 78 98
78 445 244
445 707 207
707 64 275
64 86 136
86 500 432
500 501 43
501 99 407
99 732 197
732 492 517
492 160 278
160 101 38
101 115 367
115 297 541
297 539 204
539 725 81
725 577 199
577 680 226
680 525 320
525 210 533
210 97 314
97 521 317
521 8 519
8 339 442
339 579 351
579 69 379
69 20 57
20 685 423
685 41 181
41 730 291
730 586 475
586 687 258
687 627 85
627 278 176
278 132 94
132 571 437
571 517 129
517 70 302
70 573 316
573 512 177
512 145 325
145 296 318
296 446 159
446 110 410
110 263 25
263 182 415
182 723 159
723 385 147
385 713 238
713 558 461
558 167 411
167 94 464
94 502 163
502 565 277
565 344 182
344 448 528
448 434 395
434 695 215
695 74 337
74 175 449
175 39 218
39 387 183
387 304 461
304 584 245
584 516 5
516 540 69
540 389 420
389 717 284
717 245 416
245 136 185
136 463 168
463 382 323
382 26 301
26 44 335
44 548 182
548 268 187
268 378 186
378 638 1
638 127 413
127 171 506
171 187 556
187 532 215
532 355 558
355 533 288
533 223 4
223 105 394
105 88 367
88 699 64
699 635 14
635 504 152
504 154 541
154 156 243
156 28 2
28 431 127
431 482 200
482 193 290
193 453 437
453 63 156
63 185 507
185 164 135
164 134 460
134 664 427
664 643 436
643 580 547
580 468 100
468 607 372
607 204 393
204 82 285
82 716 99
716 689 267
689 222 516
222 592 236
592 520 499
520 411 76
411 598 489
598 386 375
386 569 539
569 375 125
375 625 284
625 554 266
554 312 458
312 72 390
72 98 494
98 421 199
421 215 5
215 206 336
206 729 62
729 288 201
288 457 439
457 704 524
704 470 457
470 111 164
111 454 262
454 570 14
570 85 354
85 556 212
556 209 106
209 505 439
505 639 184
639 146 176
146 658 52
658 197 460
197 487 81
487 57 16
57 259 484
259 89 444
89 420 135
420 708 90
708 739 459
739 498 442
498 255 130
255 200 437
200 559 515
559 129 18
129 317 388
317 576 225
576 248 292
248 316 208
316 698 131
698 25 209
25 27 444
27 186 66
186 647 39
647 721 82
721 177 80
177 7 449
7 398 492
398 169 528
169 481 254
481 513 549
513 258 373
258 55 100
55 176 193
176 593 399
593 318 394
318 325 529
325 261 528
261 108 346
108 495 328
495 412 553
412 705 200
705 572 154
572 613 83
613 461 67
461 474 309
474 493 538
493 180 551
180 396 58
396 158 512
158 737 59
737 289 134
289 637 256
637 515 327
515 351 91
351 250 462
250 149 273
149 103 417
103 410 44
410 100 337
100 30 28
30 220 485
220 671 265
671 67 433
67 143 147
143 407 451
407 54 346
54 35 41
35 745 251
745 527 217
527 124 403
124 669 243
669 75 463
75 327 232
327 423 502
423 356 288
356 523 377
523 4 14
4 184 430
184 308 55
308 640 13
640 113 48
113 551 513
551 435 447
435 754 507
754 642 56
642 152 429
152 733 326
733 9 234
9 641 337
641 303 418
303 293 558
293 682 276
682 121 85
121 257 284
257 475 223
475 148 257
148 352 323
352 535 480
535 428 242
428 619 291
619 499 137
499 19 266
19 690 57
690 33 500
33 433 180
433 538 269
538 269 517
269 350 181
350 519 379
519 343 496
343 37 542
37 697 425
697 174 202
174 400 357
400 332 272
332 622 392
622 3 396
3 589 168
589 320 275
320 334 516
334 728 377
728 285 285
285 46 475
46 550 252
550 629 365
629 153 439
153 183 176
183 555 425
555 284 93
284 133 539
133 511 474
511 402 81
402 681 13
681 321 545
321 561 336
561 345 142
345 178 278
178 302 60
302 366 176
366 144 179
144 346 73
346 45 2
45 16 327
16 741 537
741 560 483
560 290 298
290 181 47
181 486 41
486 711 197
711 363 311
363 748 306
748 438 294
438 609 46
609 249 189
249 364 237
364 429 390
429 693 535
693 340 129
340 506 98
506 529 66
529 633 557
633 68 126
68 18 426
