213 845 192
16 199 20
199 2 15
2 115 121
115 155 73
155 102 79
102 117 98
117 12 26
12 45 43
45 51 34
51 158 67
158 47 37
47 89 68
89 148 15
148 174 50
174 73 156
73 109 133
109 30 51
30 32 78
32 85 155
85 34 136
34 76 58
76 186 50
186 19 180
19 77 77
77 119 91
119 213 112
213 113 146
113 161 143
161 59 187
59 202 53
202 48 172
48 39 14
39 66 187
66 83 180
83 22 134
22 65 25
65 124 65
124 151 4
151 123 111
123 108 41
108 175 83
175 94 119
94 168 79
168 180 171
180 21 174
21 138 162
138 162 98
162 40 60
40 165 88
165 5 105
5 69 15
69 61 27
61 179 121
179 192 17
192 91 173
91 38 120
38 33 35
33 75 112
75 29 67
29 23 80
23 81 41
81 188 58
188 116 86
116 74 16
74 27 74
27 172 162
172 71 161
71 152 12
152 197 177
197 62 29
62 20 6
20 53 121
53 63 174
63 156 184
156 72 17
72 82 53
82 78 37
78 52 94
52 183 163
183 105 160
105 110 99
110 70 8
70 164 69
164 149 102
149 191 141
191 92 131
92 125 68
125 26 57
26 58 62
58 79 148
79 154 30
154 139 70
139 141 28
141 13 126
13 144 39
144 42 78
42 176 136
176 7 80
7 106 7
106 10 99
10 142 72
142 160 32
160 208 188
208 4 47
4 36 79
36 87 82
87 107 186
107 187 159
187 46 112
46 153 20
153 41 47
41 57 122
57 68 163
68 95 108
95 28 135
28 127 151
127 210 173
210 146 92
146 96 44
96 60 172
60 211 148
211 177 145
177 196 60
196 204 103
204 200 173
200 118 41
118 14 116
14 80 71
80 133 78
133 112 70
112 170 185
170 135 91
135 43 159
43 207 191
207 90 175
90 206 79
206 129 70
129 1 113
1 182 93
182 136 84
136 128 87
128 50 27
50 132 189
132 17 33
17 126 19
126 104 14
104 18 25
18 130 54
130 157 41
157 8 63
8 145 61
145 178 37
178 166 163
166 194 126
194 3 81
3 35 49
35 190 27
190 195 49
195 86 154
86 185 159
185 99 34
99 37 176
37 167 8
167 121 48
121 101 64
101 205 104
205 184 166
184 201 104
201 11 42
11 134 18
134 209 78
209 15 32
15 64 164
64 103 6
103 203 66
203 122 64
122 56 83
56 173 83
173 49 155
49 120 189
120 88 156
88 84 150
84 67 184
67 193 15
193 181 57
181 55 187
55 131 80
131 9 185
9 137 99
137 189 144
189 171 192
171 54 151
54 163 34
163 111 178
111 143 42
143 6 110
6 97 109
97 31 25
31 159 143
159 98 106
98 147 191
147 140 6
140 25 85
25 198 127
198 44 154
44 169 33
169 114 163
114 150 119
150 24 23
24 93 111
93 100 65
100 212 169
212 170 147
170 26 188
26 188 29
188 206 47
206 70 170
70 5 4
5 114 27
114 83 130
83 51 90
51 204 11
204 8 56
8 87 178
87 199 174
199 130 183
130 128 71
128 155 99
155 192 110
192 193 183
193 155 78
155 18 186
18 80 38
80 2 138
2 116 37
116 117 45
117 7 140
7 127 51
127 37 62
37 98 137
98 164 189
164 184 34
184 156 18
156 30 110
30 203 4
203 138 169
138 117 85
117 55 123
55 11 145
11 176 88
176 209 69
209 180 5
180 100 56
100 168 39
168 39 191
39 122 112
122 65 152
65 128 90
128 174 69
174 40 149
40 130 2
130 93 28
93 134 140
134 206 34
206 142 115
142 107 67
107 182 113
182 5 27
5 210 70
210 12 14
12 119 110
119 131 186
131 12 117
12 30 30
30 69 103
69 171 150
171 126 141
126 141 105
141 201 43
201 74 55
74 36 42
36 189 21
189 144 191
144 141 105
141 122 139
122 213 64
213 62 25
62 33 108
33 167 41
167 2 13
2 107 108
107 37 165
37 48 89
48 194 64
194 180 161
180 191 144
191 56 116
56 60 63
60 150 17
150 141 139
141 67 150
67 153 104
153 166 76
166 67 56
67 64 152
64 97 112
97 87 92
87 212 5
212 23 189
23 125 3
125 129 188
129 183 174
183 79 74
79 208 143
208 147 148
147 192 74
192 213 94
213 116 62
116 136 157
136 37 52
37 192 87
192 72 58
72 100 133
100 210 77
210 178 175
178 133 43
133 142 26
142 29 172
29 156 138
156 74 6
74 77 109
77 168 37
168 55 181
55 121 42
121 168 20
168 167 71
167 7 172
7 27 88
27 5 33
5 87 116
87 176 47
176 125 191
125 165 103
165 192 36
192 183 84
183 178 83
178 139 74
139 54 72
54 28 26
28 140 65
140 74 97
74 120 185
120 114 136
114 167 100
167 19 181
19 93 25
93 24 158
24 93 140
93 24 113
24 146 61
146 15 19
15 136 10
136 36 179
36 200 179
200 81 184
81 113 31
113 5 137
5 66 17
66 111 19
111 22 162
22 130 140
130 58 94
58 101 21
101 125 190
125 151 181
151 115 68
115 63 97
63 33 50
33 81 155
81 138 190
138 62 150
62 43 16
43 38 109
38 175 152
175 101 123
101 157 77
157 108 77
108 142 25
142 208 17
208 137 103
137 71 124
71 49 53
49 132 65
132 63 140
63 79 136
79 36 163
36 136 129
136 114 6
114 140 142
140 143 149
143 74 191
74 89 110
89 96 118
96 72 23
72 122 162
122 187 175
187 145 135
145 204 20
204 203 35
203 183 80
183 201 43
201 19 143
19 154 94
154 178 53
178 32 118
32 145 138
145 20 117
20 21 102
21 35 6
35 130 140
130 97 47
97 116 122
116 183 173
183 89 74
89 168 155
168 64 174
64 188 7
188 3 101
3 153 106
153 92 101
92 79 28
79 5 122
5 153 117
153 77 185
77 58 182
58 50 184
50 123 15
123 163 163
163 44 38
44 119 54
119 204 164
204 166 150
166 44 145
44 109 3
109 142 120
142 39 13
39 27 143
27 172 52
172 34 30
34 18 132
18 184 23
184 98 25
98 95 50
95 64 24
64 102 182
102 53 16
53 132 150
132 115 72
115 84 25
84 83 50
83 1 97
1 139 4
139 26 188
26 91 71
91 100 184
100 121 115
121 185 18
185 140 40
140 154 178
154 33 88
33 184 49
184 155 126
155 52 158
52 106 112
106 173 130
173 128 79
128 51 18
51 97 14
97 83 22
83 75 13
75 112 45
112 67 14
67 159 139
159 65 55
65 184 93
184 12 94
12 72 150
72 186 37
186 86 94
86 110 128
110 17 104
17 51 95
51 204 21
204 198 44
198 113 19
113 65 38
65 197 45
197 111 137
111 8 119
8 138 63
138 158 136
158 167 104
167 50 163
50 80 147
80 154 41
154 183 75
183 203 59
203 81 110
81 163 29
163 95 84
95 111 68
111 154 125
154 121 165
121 127 148
127 42 14
42 193 24
193 115 62
115 201 60
201 112 151
112 76 167
76 62 164
62 113 32
113 159 185
159 55 93
55 95 172
95 174 65
174 145 191
145 153 20
153 68 91
68 110 122
110 117 91
117 96 54
96 97 58
97 54 22
54 125 132
125 1 18
1 43 73
43 87 117
87 30 61
30 90 85
90 66 108
66 168 26
168 96 138
96 39 32
39 158 136
158 121 116
121 134 26
134 73 41
73 82 121
82 197 140
197 134 134
134 120 168
120 74 47
74 132 148
132 12 10
12 7 15
7 166 108
166 45 120
45 17 69
17 13 179
13 63 32
63 176 84
176 133 127
133 18 98
18 95 118
95 37 81
37 98 166
98 196 110
196 183 172
183 133 145
133 97 11
97 142 173
142 165 59
165 120 65
120 45 81
45 138 103
138 111 43
111 73 16
73 66 28
66 63 128
63 130 42
130 162 116
162 210 6
210 40 8
40 32 5
32 50 142
50 71 53
71 123 146
123 2 99
2 189 109
189 103 182
103 95 11
95 121 125
121 53 97
53 115 111
115 152 20
152 149 55
149 69 11
69 113 87
113 149 3
149 176 151
176 153 136
153 41 12
41 21 106
21 57 176
57 206 22
206 113 95
113 24 81
24 205 136
205 147 111
147 73 87
73 40 34
40 173 139
173 81 59
81 162 51
162 54 129
54 191 187
191 29 120
29 200 92
200 134 78
134 86 8
86 97 51
97 39 33
39 23 3
23 209 53
209 76 120
76 65 113
65 183 171
183 133 149
133 155 35
155 20 135
20 126 12
126 132 28
132 209 79
209 205 39
205 11 157
11 18 81
18 27 175
27 128 147
128 16 59
16 57 186
57 44 166
44 59 36
59 94 123
94 51 75
51 20 177
20 148 124
148 9 127
9 5 133
5 167 163
167 62 20
62 210 189
210 156 181
156 86 117
86 79 27
79 74 19
74 54 101
54 57 178
57 181 45
181 163 40
163 19 81
19 162 159
162 115 157
115 89 99
89 107 133
107 32 6
32 168 108
168 166 8
166 192 103
192 124 142
124 69 74
69 80 65
80 55 114
55 53 168
53 185 53
185 29 70
29 132 96
132 12 43
12 122 46
122 67 189
67 43 80
43 53 169
53 210 36
210 80 94
80 55 107
55 140 40
140 205 73
205 2 40
2 8 119
8 43 117
43 103 8
103 32 107
32 93 36
93 113 131
113 153 182
153 43 29
43 141 64
141 111 184
111 47 136
47 182 53
182 202 114
202 176 2
176 209 133
209 105 105
105 104 13
104 98 131
98 35 139
35 179 129
179 127 75
127 137 26
137 114 106
114 43 63
43 89 40
89 197 176
197 187 18
187 14 114
14 143 186
143 211 7
211 172 27
172 213 145
213 33 161
33 90 192
90 181 171
181 29 71
29 169 160
169 189 48
189 171 162
171 86 90
86 165 46
165 162 32
162 183 126
183 124 5
124 67 154
67 69 114
69 78 185
78 176 25
176 50 115
50 95 85
95 53 31
53 123 73
123 189 74
189 60 114
60 109 44
109 36 122
36 52 92
52 134 159
134 122 109
122 132 90
132 91 58
91 114 165
114 146 176
146 24 97
24 194 128
194 206 26
206 125 81
125 27 12
27 199 165
199 143 130
143 80 58
80 139 56
139 197 3
197 15 163
15 115 147
115 36 130
36 128 187
128 118 60
118 136 114
136 33 10
33 15 182
15 58 21
58 161 145
161 132 169
132 172 86
172 183 23
183 112 101
112 43 30
43 124 92
124 194 79
194 210 69
210 7 118
7 188 39
188 194 88
194 31 44
31 23 98
23 101 61
101 183 74
183 201 33
201 106 8
106 115 161
115 122 15
122 62 129
62 111 115
111 13 129
13 63 18
63 25 184
25 129 17
129 40 127
40 158 21
158 209 63
209 31 86
31 166 101
166 146 173
146 200 167
200 117 89
117 175 82
175 157 118
157 38 13
38 22 8
22 173 46
173 162 19
162 104 86
104 121 62
121 58 119
58 32 70
32 122 94
122 110 169
110 93 165
93 13 43
13 107 99
107 86 91
86 21 24
21 145 109
145 118 74
118 99 190
99 9 55
9 37 160
37 193 63
193 148 192
148 133 124
133 203 53
203 83 182
83 210 127
210 108 164
108 114 64
114 212 59
212 173 104
173 179 41
179 136 145
136 13 178
13 177 153
177 45 120
45 207 182
207 102 104
102 27 62
27 16 143
