357 207 728
309 4 252
4 8 372
8 257 175
257 58 555
58 271 510
271 276 308
276 224 314
224 160 320
160 270 387
270 49 175
49 316 254
316 337 20
337 324 257
324 120 326
120 186 49
186 95 338
95 325 694
325 156 9
156 277 312
277 39 354
39 60 411
60 341 658
341 41 535
41 142 113
142 223 445
223 254 115
254 215 114
215 248 511
248 296 25
296 46 640
46 229 540
229 283 708
283 85 198
85 240 500
240 86 213
86 260 566
260 252 125
252 211 146
211 153 33
153 93 621
93 311 523
311 82 121
82 43 377
43 74 372
74 143 598
143 290 347
290 13 74
13 128 390
128 327 643
327 98 698
98 280 462
280 297 675
297 129 296
129 212 151
212 6 146
6 23 619
23 209 255
209 352 657
352 96 82
96 202 563
202 334 495
334 106 4
106 67 63
67 100 613
100 216 337
216 225 172
225 40 151
40 21 589
21 185 12
185 139 139
139 57 145
57 300 344
300 88 599
88 349 240
349 61 111
61 124 367
124 90 467
90 147 434
147 340 87
340 194 211
194 272 127
272 318 184
318 199 329
199 218 98
218 114 398
114 152 523
152 214 288
214 134 710
134 178 615
178 195 342
195 197 24
197 292 6
292 123 265
123 151 317
151 355 89
355 2 608
2 1 165
1 201 9
201 107 442
107 144 82
144 265 590
265 261 202
261 233 332
233 29 355
29 77 395
77 263 477
263 345 153
345 146 715
146 205 122
205 313 407
313 231 561
231 9 677
9 84 21
84 221 393
221 122 105
122 115 2
115 331 123
331 141 197
141 203 263
203 133 411
133 351 562
351 34 419
34 17 595
17 73 144
73 101 474
101 7 566
7 24 547
24 343 419
343 26 53
26 51 132
51 163 257
163 35 414
35 273 321
273 354 320
354 291 672
291 111 377
111 148 646
148 356 252
356 117 300
117 140 380
140 167 252
167 12 193
12 278 214
278 99 173
99 230 464
230 322 523
322 295 661
295 71 471
71 279 103
279 171 614
171 310 697
310 259 544
259 281 382
281 92 334
92 289 323
289 266 602
266 18 263
18 176 137
176 166 603
166 45 309
45 37 53
37 187 460
187 11 634
11 165 212
165 250 623
250 79 227
79 175 436
175 48 292
48 269 609
269 36 378
36 328 370
328 255 667
255 38 403
38 180 141
180 78 277
78 346 166
346 332 123
332 16 699
16 81 63
81 267 423
267 262 712
262 52 34
52 315 385
315 103 398
103 253 727
253 319 243
319 3 123
3 241 360
241 80 17
80 256 709
256 287 245
287 284 408
284 125 110
125 353 47
353 298 374
298 181 251
181 329 498
329 312 164
312 234 136
234 307 674
307 113 400
113 179 427
179 219 403
219 227 603
227 191 62
191 217 254
217 309 6
