37 119 430
22 27 195
27 7 215
7 19 150
19 2 263
2 9 141
9 26 26
26 6 86
6 31 380
31 35 316
35 21 78
21 34 322
34 25 27
25 20 77
20 28 382
28 18 349
18 8 18
8 24 94
24 14 371
14 17 367
17 1 203
1 36 65
36 4 367
4 10 256
10 37 88
37 33 424
33 5 22
5 29 108
29 13 392
13 16 54
16 12 182
12 32 25
32 11 52
11 15 104
15 30 43
30 3 148
3 23 171
23 14 314
14 18 234
18 19 118
19 21 152
21 15 405
15 2 138
2 30 69
30 7 414
7 15 78
15 29 173
29 1 281
1 32 313
32 34 405
34 21 285
21 23 200
23 13 25
13 9 294
9 18 36
18 23 208
23 29 396
29 32 126
32 31 47
31 36 34
36 24 56
24 2 208
2 14 257
14 21 291
21 8 154
8 23 405
23 1 289
1 12 353
12 8 116
8 25 76
25 8 399
8 22 6
22 24 355
24 30 218
30 10 326
10 13 337
13 18 360
18 27 339
27 12 168
12 4 241
4 18 65
18 32 177
32 36 183
36 18 186
18 16 204
16 18 343
18 10 307
10 6 283
6 36 49
36 26 211
26 9 176
9 30 73
30 7 301
7 8 304
8 19 266
19 23 255
23 18 397
18 6 5
6 12 373
12 8 220
8 25 407
25 21 321
21 6 191
6 3 78
3 19 326
19 34 274
34 24 97
24 8 44
8 33 86
33 7 119
7 23 176
23 6 36
6 27 322
27 26 350
26 28 253
28 35 379
35 9 258
9 12 393
12 36 10
36 22 336
