213 821 687
4 157 321
157 124 556
124 67 638
67 20 347
20 96 89
96 13 349
13 122 47
122 52 468
52 37 278
37 132 335
132 136 498
136 145 668
145 35 549
35 156 647
156 142 423
142 117 33
117 144 185
144 208 209
208 186 245
186 199 501
199 80 465
80 22 658
22 185 511
185 174 42
174 33 10
33 150 198
150 14 540
14 140 283
140 163 121
163 30 569
30 179 5
179 86 569
86 95 327
95 63 526
63 62 200
62 187 362
187 131 635
131 172 536
172 29 336
29 153 507
153 65 32
65 93 187
93 23 459
23 200 78
200 129 436
129 154 137
154 192 573
192 189 192
189 44 421
44 133 675
133 19 119
19 73 328
73 18 70
18 176 259
176 209 183
209 190 146
190 110 118
110 120 293
120 5 256
5 143 467
143 184 481
184 139 158
139 169 628
169 75 334
75 168 686
168 27 551
27 12 102
12 53 602
53 32 474
32 15 260
15 183 499
183 105 292
105 11 505
11 64 607
64 24 453
24 158 48
158 213 221
213 45 529
45 92 288
92 210 227
210 203 523
203 182 391
182 178 284
178 82 369
82 126 56
126 175 48
175 111 537
111 94 303
94 71 466
71 55 481
55 134 309
134 8 125
8 66 153
66 70 144
70 104 353
104 119 607
119 7 366
7 195 401
195 147 487
147 74 534
74 164 1
164 180 242
180 78 142
78 138 22
138 58 464
58 197 363
197 97 352
97 16 468
16 2 565
2 3 486
3 123 592
123 54 85
54 198 576
198 151 130
151 127 119
127 161 430
161 173 65
173 162 570
162 34 529
34 112 68
112 170 272
170 106 672
106 81 300
81 118 211
118 98 482
98 6 623
6 113 245
113 77 508
77 171 470
171 51 243
51 100 543
100 125 378
125 181 14
181 212 59
212 128 109
128 211 63
211 26 632
26 50 370
50 60 364
60 201 631
201 121 109
121 193 205
193 28 214
28 47 322
47 43 580
43 87 572
87 49 410
49 40 661
40 159 295
159 46 530
46 116 577
116 41 416
41 1 656
1 57 562
57 114 263
114 56 448
56 72 368
72 204 465
204 10 378
10 152 20
152 68 611
68 89 315
89 90 535
90 207 394
207 38 133
38 69 548
69 141 586
141 160 107
160 36 13
36 85 323
85 137 559
137 166 673
166 61 494
61 177 581
177 109 432
109 76 168
76 83 122
83 206 530
206 167 195
167 91 45
91 108 349
108 88 361
88 148 540
148 103 19
103 99 367
99 155 450
155 146 104
146 196 631
196 42 312
42 165 687
165 149 114
149 102 626
102 135 504
135 205 264
205 101 101
101 9 646
9 25 233
25 59 483
59 130 637
130 17 79
17 79 674
79 48 576
48 194 427
194 21 573
21 188 196
188 191 48
191 31 291
31 84 3
84 115 96
115 202 7
202 39 569
39 107 31
107 92 260
92 54 43
54 147 368
147 12 29
12 13 151
13 54 222
54 174 554
174 173 249
173 59 207
59 75 521
75 83 613
83 132 32
132 201 380
201 82 354
82 131 671
131 21 405
21 14 287
14 138 570
138 188 521
188 175 226
175 69 532
69 157 123
157 102 582
102 41 380
41 90 163
90 186 424
186 157 449
157 92 255
92 132 139
132 186 4
186 125 365
125 59 240
59 168 163
168 125 48
125 90 75
90 145 379
145 105 528
105 151 654
151 70 35
70 95 378
95 15 82
15 142 578
142 50 306
50 199 426
199 20 499
20 163 243
163 36 469
36 82 532
82 175 20
175 3 161
3 89 29
89 9 170
9 83 344
83 62 465
62 63 38
63 39 670
39 92 157
92 27 210
27 169 441
169 26 633
26 138 538
138 203 547
203 71 80
71 22 13
22 91 248
91 32 684
32 49 153
49 172 605
172 100 318
100 6 245
6 109 547
109 80 353
80 187 79
187 125 14
125 5 500
5 113 673
113 156 656
156 39 192
39 66 143
66 22 271
22 105 30
105 18 45
18 54 473
54 207 685
207 162 618
162 58 657
58 167 142
167 138 336
138 137 317
137 1 480
1 167 326
167 97 274
97 11 229
11 100 388
100 15 515
15 174 109
174 20 239
20 93 464
93 178 336
178 156 305
156 150 686
150 31 577
31 38 349
38 152 662
152 122 427
122 22 352
22 204 386
204 77 379
77 43 42
43 205 176
205 147 566
147 25 648
25 136 567
136 150 670
150 120 75
120 56 524
56 75 219
75 153 31
153 104 579
104 156 184
156 175 332
175 137 649
137 211 519
211 210 683
210 126 156
126 1 275
1 201 304
201 175 251
175 36 142
36 135 483
135 197 421
197 166 233
166 24 67
24 146 244
146 105 92
105 116 280
116 200 8
200 181 180
181 75 255
75 175 194
175 138 572
138 210 524
210 119 230
119 206 672
206 122 577
122 110 147
110 30 118
30 8 549
8 84 196
84 192 546
192 126 580
126 208 380
208 30 530
30 173 599
173 58 684
58 39 684
39 96 406
96 161 232
161 1 34
1 105 633
105 72 434
72 54 392
54 42 533
42 184 323
184 43 157
43 1 20
1 158 162
158 72 481
72 82 642
82 12 124
12 185 111
185 104 290
104 132 397
132 208 358
208 67 455
67 74 91
74 154 308
154 37 391
37 65 680
65 107 357
107 27 510
27 139 140
139 21 138
21 4 74
4 140 57
140 144 217
144 62 459
62 53 273
53 164 653
164 128 588
128 185 490
185 122 136
122 136 289
136 7 257
7 33 253
33 84 525
84 69 575
69 80 30
80 71 656
71 200 194
200 112 134
112 69 515
69 27 63
27 105 481
105 124 314
124 78 175
78 135 241
135 63 67
63 131 192
131 118 675
118 201 110
201 210 64
210 14 149
14 84 524
84 116 380
116 54 274
54 208 20
208 10 21
10 63 475
63 30 389
30 97 112
97 27 192
27 116 350
116 153 204
153 78 165
78 7 402
7 103 23
103 201 616
201 147 276
147 94 680
94 163 210
163 45 318
45 168 670
168 52 162
52 15 295
15 118 343
118 104 277
104 135 303
135 52 15
52 64 145
64 32 69
32 113 315
113 193 481
193 114 420
114 3 562
3 132 501
132 139 365
139 173 313
173 2 128
2 158 13
158 146 624
146 48 256
48 172 550
172 179 88
179 44 78
44 112 346
112 110 493
110 43 522
43 147 464
147 112 221
112 133 100
133 207 364
207 49 136
49 48 151
48 212 293
212 33 375
33 121 71
121 69 255
69 57 315
57 140 46
140 84 365
84 8 630
8 66 144
66 92 342
92 177 378
177 210 225
210 181 674
181 204 438
204 130 230
130 114 238
114 54 501
54 148 629
148 104 683
104 127 559
127 12 646
12 200 437
200 44 192
44 159 349
159 192 9
192 138 267
138 36 426
36 93 614
93 129 613
129 99 173
99 180 413
180 52 556
52 83 152
83 150 239
150 184 357
184 71 1
71 116 550
116 65 529
65 196 462
196 91 334
91 166 513
166 40 357
40 210 523
210 53 357
53 154 64
154 197 135
197 105 238
105 109 654
109 93 138
93 61 220
61 208 627
208 193 636
193 162 299
162 203 89
203 4 111
4 119 640
119 43 252
43 107 306
107 95 546
95 67 334
67 175 154
175 73 49
73 111 291
111 140 543
140 81 207
81 197 242
197 205 417
205 44 351
44 160 491
160 11 636
11 98 93
98 7 616
7 106 576
106 176 174
176 92 120
92 65 495
65 74 679
74 41 296
41 82 556
82 126 279
126 89 539
89 33 92
33 37 96
37 162 21
162 81 196
81 131 669
131 119 365
119 5 33
5 2 262
2 61 287
61 193 637
193 130 384
130 30 133
30 179 455
179 110 26
110 205 287
205 127 218
127 133 660
133 92 274
92 3 574
3 149 479
149 62 191
62 98 327
98 150 42
150 149 11
149 129 499
129 84 225
84 131 464
131 65 56
65 135 431
135 89 8
89 201 368
201 205 378
205 197 457
197 83 631
83 122 129
122 143 531
143 176 196
176 146 403
146 113 10
113 163 116
163 79 290
79 17 466
17 26 317
26 163 227
163 140 540
140 186 277
186 151 496
151 54 588
54 153 610
153 156 9
156 202 565
202 88 121
88 143 570
143 152 220
152 187 75
187 94 445
94 175 82
175 162 380
162 116 42
116 110 463
110 64 179
64 88 407
88 44 348
44 48 372
48 167 368
167 197 61
197 74 370
74 16 591
16 27 212
27 11 238
11 206 348
206 212 413
212 189 303
189 200 346
200 103 669
103 202 526
202 209 514
209 158 442
158 133 398
133 68 459
68 174 615
174 26 169
26 64 481
64 36 315
36 180 531
180 26 552
26 50 175
50 200 457
200 191 211
191 185 346
185 129 56
129 10 569
10 43 159
43 205 548
205 81 601
81 10 546
10 147 204
147 152 265
152 124 36
124 138 510
138 154 296
154 137 272
137 71 542
71 140 496
140 79 252
79 128 73
128 19 384
19 91 302
91 113 681
113 165 282
165 2 357
2 100 29
100 131 221
131 150 147
150 172 435
172 125 270
125 42 49
42 40 610
40 7 117
7 127 178
127 54 385
54 156 655
156 50 654
50 206 27
206 186 634
186 105 302
105 162 322
162 115 578
115 164 299
164 113 518
113 175 360
175 40 279
40 81 7
81 213 271
213 50 492
50 185 635
185 193 198
193 206 471
206 177 119
177 44 449
44 176 100
176 183 606
183 93 149
93 165 131
165 179 399
179 34 523
34 189 316
189 65 27
65 175 186
175 205 530
205 212 44
212 72 501
72 31 685
31 67 108
67 109 211
109 6 368
6 114 29
114 70 370
70 67 211
67 85 440
85 183 29
183 17 658
17 99 184
99 100 414
100 184 207
184 16 174
16 105 103
105 78 555
78 76 366
76 73 234
73 121 580
121 42 300
42 57 364
57 173 176
173 175 643
175 109 365
109 60 537
60 82 536
82 133 405
133 34 452
34 174 60
174 205 487
205 5 478
5 117 24
117 173 174
173 175 343
175 178 588
178 83 53
83 123 582
123 71 156
71 99 160
99 72 160
72 78 168
78 149 680
149 136 202
136 199 625
199 2 55
2 31 168
31 29 493
29 22 263
22 177 559
177 62 24
62 113 173
113 68 409
68 24 345
24 177 307
177 46 150
46 98 676
98 91 186
91 127 306
127 92 231
92 74 432
74 206 127
206 6 182
6 199 385
199 139 149
139 187 88
187 99 110
99 160 324
160 190 476
190 64 234
64 166 143
166 213 214
213 93 497
93 196 385
196 130 633
130 188 389
188 104 525
104 50 579
50 19 335
19 185 270
185 79 18
79 94 52
94 51 146
51 31 394
31 114 674
114 206 591
206 149 216
149 121 512
121 92 91
92 2 508
2 60 89
60 151 363
151 106 77
106 193 484
193 212 662
212 189 317
189 138 510
138 203 533
203 48 61
48 62 561
62 105 622
105 8 338
8 138 449
138 66 217
66 10 258
10 15 208
15 11 564
11 116 458
116 29 70
29 151 19
151 91 185
91 89 310
89 4 287
