855 120 613
636 387 595
387 641 44
641 843 167
843 458 507
458 180 364
180 169 65
169 3 299
3 281 262
281 35 552
35 657 135
657 364 416
364 227 268
227 486 387
486 56 498
56 348 46
348 406 320
406 675 551
675 586 9
586 824 242
824 681 502
681 803 266
803 218 242
218 553 510
553 113 515
113 662 605
662 738 336
738 371 242
371 356 271
356 714 154
714 765 308
765 617 350
617 786 598
786 319 250
319 428 571
428 303 224
303 515 347
515 123 295
123 351 20
351 425 499
425 316 291
316 47 27
47 194 333
194 593 533
593 632 512
632 388 224
388 460 302
460 11 199
11 469 17
469 708 271
708 587 138
587 32 572
32 9 431
9 238 4
238 475 8
475 686 612
686 335 288
335 109 368
109 155 49
155 558 225
558 19 210
19 55 410
55 162 163
162 289 379
289 401 210
401 202 39
202 445 324
445 41 15
41 583 425
583 312 276
312 788 6
788 528 54
528 436 349
436 751 261
751 814 159
814 66 520
66 254 223
254 695 437
695 99 288
99 379 393
379 201 461
201 207 590
207 753 467
753 52 268
52 437 317
437 370 475
370 604 407
604 195 344
195 462 354
462 689 301
689 696 77
696 408 545
408 78 48
78 170 43
170 325 297
325 822 89
822 417 70
417 135 531
135 326 209
326 773 192
773 137 180
137 827 247
827 158 598
158 516 23
516 176 445
176 495 85
495 519 397
519 222 512
222 549 91
549 349 86
349 101 561
101 853 258
853 485 500
485 783 351
783 655 161
655 594 250
594 76 341
76 70 396
70 96 370
96 768 319
768 636 374
