926 943 872
843 700 533
700 39 436
39 367 82
367 826 690
826 71 183
71 441 750
441 678 436
678 489 532
489 346 274
346 859 349
859 517 114
517 617 138
617 698 253
698 222 165
222 439 756
439 500 111
500 667 171
667 499 635
499 887 495
887 844 354
844 922 8
922 809 703
809 373 711
373 296 812
296 4 627
4 262 826
262 553 580
553 297 306
297 811 161
811 504 474
504 680 183
680 111 215
111 378 86
378 816 708
816 227 259
227 684 858
684 719 457
719 364 732
364 795 120
795 780 442
780 180 526
180 270 336
270 55 843
55 165 321
165 495 296
495 485 594
485 179 678
179 404 753
404 574 444
574 451 518
451 860 213
860 842 618
842 670 175
670 224 729
224 16 261
16 2 702
2 477 214
477 715 584
715 93 254
93 687 313
687 410 310
410 529 124
529 430 379
430 280 829
280 217 715
217 771 295
771 706 365
706 878 521
878 544 348
544 343 382
343 183 821
183 545 755
545 671 264
671 211 31
211 750 293
750 555 372
555 322 625
322 431 406
431 301 259
301 133 294
133 595 868
595 839 706
839 91 618
91 235 473
235 69 821
69 556 326
556 505 559
505 876 612
876 107 618
107 14 303
14 789 44
789 875 831
875 66 345
66 438 57
438 360 421
360 353 653
353 915 365
915 512 736
512 639 538
639 98 230
98 833 721
833 230 147
230 323 356
323 234 564
234 815 569
815 492 657
492 475 441
475 571 28
571 642 124
642 782 296
782 829 774
829 578 505
578 75 409
75 616 386
616 355 287
355 866 540
866 357 653
357 324 80
324 245 389
245 335 295
335 747 604
747 7 477
7 654 789
654 580 727
580 456 548
456 864 683
864 408 323
408 903 341
903 621 499
621 749 545
749 486 696
486 118 503
118 583 407
583 693 667
693 171 85
171 925 384
925 86 122
86 327 129
327 153 27
153 60 507
60 589 342
589 233 505
233 184 380
184 740 466
740 196 838
196 354 549
354 463 142
463 646 630
646 304 80
304 813 790
813 432 818
432 513 58
513 428 693
428 877 66
877 459 270
459 784 526
784 36 318
36 759 809
759 676 319
676 633 440
633 108 872
108 283 616
283 253 574
253 734 347
734 24 283
24 551 224
551 681 207
681 50 849
50 316 624
316 172 18
172 300 860
300 851 114
851 453 358
453 28 243
28 862 787
862 148 800
148 424 775
424 613 261
613 916 642
916 117 628
117 871 213
871 824 759
824 232 767
232 339 806
339 219 225
219 246 643
246 585 365
585 58 49
58 128 245
128 758 155
758 521 816
521 765 158
765 702 94
702 575 713
575 825 738
825 319 801
319 212 810
212 267 216
267 541 428
541 149 687
149 736 56
736 820 303
820 752 655
752 663 43
663 398 464
398 658 375
658 309 847
309 317 737
317 440 178
440 9 845
9 582 564
582 182 870
182 74 331
74 464 546
464 361 29
361 644 71
644 320 368
320 587 377
587 185 11
185 483 811
483 77 698
77 159 21
159 311 280
311 853 108
853 334 521
334 806 563
806 508 451
508 340 199
340 35 599
35 422 826
422 799 612
799 918 22
918 142 458
142 503 799
503 242 143
242 386 750
386 807 520
807 665 381
665 393 618
393 1 783
1 861 33
861 588 299
588 643 321
643 564 327
564 812 18
812 121 620
121 191 678
191 162 824
162 732 694
732 841 285
841 160 5
160 664 79
664 823 323
823 348 461
348 622 672
622 496 150
496 838 480
838 685 215
685 550 225
550 647 785
647 840 153
840 223 466
223 122 514
122 85 179
85 619 497
619 332 730
332 666 748
666 777 862
777 538 251
538 392 299
392 907 94
907 82 867
82 624 287
624 140 668
140 193 285
193 390 154
390 894 480
894 176 646
176 147 123
147 482 200
482 479 811
479 561 104
561 152 380
152 869 768
869 568 478
568 302 53
302 886 513
886 145 359
145 178 540
178 526 164
526 552 390
552 660 765
660 802 625
802 686 587
686 837 312
837 115 777
115 433 692
433 604 561
604 718 38
718 592 416
592 923 380
923 640 789
640 904 62
904 509 811
509 88 850
88 19 11
19 846 123
846 415 814
415 751 744
751 926 768
926 250 443
250 914 542
914 169 434
169 213 682
213 6 191
6 387 526
387 712 304
712 620 523
620 41 571
41 767 105
767 15 212
15 462 835
462 490 173
490 920 147
920 371 409
371 276 491
276 703 193
703 570 494
570 80 537
80 264 794
264 465 152
465 899 389
899 488 335
488 870 757
870 741 173
741 472 705
472 731 666
731 849 708
849 405 321
405 209 313
209 874 227
874 207 492
207 576 457
576 43 558
43 106 270
106 263 236
263 385 96
385 376 562
376 96 854
96 423 409
423 668 731
668 468 390
468 565 565
565 349 696
349 625 182
625 855 323
855 636 487
636 190 66
190 314 409
314 898 608
898 474 326
474 514 598
514 46 324
46 109 336
109 511 648
511 520 159
520 429 859
429 5 575
5 342 134
342 416 322
416 30 759
30 546 683
546 278 377
278 87 832
87 399 76
399 696 814
696 525 98
525 321 11
321 369 257
369 34 394
34 598 90
598 690 205
690 374 91
374 713 576
713 315 392
315 834 377
834 738 641
738 694 782
694 381 548
381 394 406
394 305 144
305 417 818
417 814 263
814 572 336
572 796 699
796 558 747
558 59 385
59 208 832
208 724 413
724 254 499
254 480 687
480 49 751
49 173 108
173 220 725
220 356 179
356 573 710
573 135 213
135 265 755
265 476 376
476 457 349
457 154 732
154 347 758
347 239 377
239 458 65
458 605 770
605 744 715
744 188 163
188 494 348
494 228 659
228 910 447
910 919 437
919 20 697
20 649 139
649 757 762
757 775 44
775 609 80
609 455 28
455 716 89
716 827 804
827 286 721
286 566 501
566 164 642
164 519 250
519 110 740
110 635 351
635 54 384
54 84 444
84 772 690
772 318 223
318 783 591
783 632 253
632 285 46
285 205 31
205 677 163
677 409 162
409 421 360
421 881 108
881 778 26
778 61 269
61 534 860
534 628 449
628 880 502
880 726 476
726 249 818
249 754 554
754 634 411
634 192 480
192 581 827
581 365 239
365 31 664
31 203 722
203 362 440
362 226 334
226 808 871
808 3 329
3 524 152
524 781 305
781 116 814
116 779 22
779 27 94
27 282 841
282 868 490
868 120 769
120 737 676
737 467 866
467 336 631
336 798 106
798 11 395
11 672 348
672 655 241
655 787 595
787 506 403
506 70 393
70 157 282
157 338 192
338 850 788
850 44 282
44 298 580
298 618 11
618 308 104
308 682 473
682 708 356
708 326 349
326 266 718
266 45 581
45 403 663
403 865 726
865 413 861
413 594 194
594 735 548
735 653 539
653 426 461
426 225 228
225 237 399
237 638 751
638 448 768
448 543 777
543 469 384
469 313 41
313 21 694
21 893 50
893 611 587
611 730 360
730 197 354
197 501 718
501 288 224
288 23 45
23 389 830
389 531 750
531 603 155
603 761 657
761 785 2
785 294 656
294 727 214
727 420 842
420 769 6
769 168 680
168 828 781
828 437 288
437 596 694
596 281 649
281 746 763
746 847 40
847 711 816
711 762 356
762 395 349
395 29 801
29 344 337
344 105 583
105 396 70
396 452 754
452 831 409
831 906 104
906 446 257
446 163 777
163 144 278
144 743 775
743 112 281
112 206 529
206 189 291
189 631 584
631 481 576
481 540 384
540 333 721
333 63 154
63 22 566
22 268 411
268 81 277
81 895 246
895 102 23
102 56 679
56 119 489
119 372 372
372 407 559
407 380 287
380 358 579
358 12 478
12 835 3
835 167 281
167 600 853
600 383 783
383 742 669
742 200 333
200 905 732
905 830 736
830 454 349
454 427 130
427 291 370
291 83 173
83 17 69
17 701 65
701 303 427
303 445 691
445 198 734
198 18 778
18 461 109
461 331 44
331 53 249
53 720 56
720 292 371
292 137 749
137 419 413
419 912 14
912 363 765
363 258 230
258 536 637
536 721 390
721 194 54
194 651 89
651 397 35
397 65 280
65 293 830
293 832 745
832 818 517
818 515 536
515 745 334
745 97 568
97 491 373
491 177 668
177 530 153
530 279 61
279 610 250
610 411 636
411 788 374
788 202 358
202 124 528
124 532 190
532 756 610
756 630 253
630 201 641
201 103 624
103 804 293
804 714 308
714 79 161
79 123 244
123 863 368
863 42 856
42 768 754
768 661 741
661 637 766
637 260 579
260 590 406
590 255 774
255 567 387
567 470 127
470 33 334
33 913 21
913 885 493
885 810 291
810 146 147
146 471 559
471 210 170
210 271 504
271 257 523
257 295 346
295 794 757
794 542 439
542 473 179
473 645 178
645 352 722
352 52 502
52 691 629
691 662 122
662 244 422
244 306 278
306 272 43
272 269 688
269 535 466
535 857 11
857 674 178
674 76 376
76 388 246
388 10 413
10 615 336
615 867 105
867 129 770
129 132 256
132 187 508
187 518 637
518 699 849
699 368 239
368 790 492
790 114 420
114 287 439
287 559 343
559 100 559
100 382 667
382 57 19
57 717 207
717 527 772
527 586 509
586 8 130
8 911 721
911 548 120
548 797 18
797 897 590
897 73 174
73 289 310
289 466 575
466 13 424
13 214 161
214 650 256
650 143 800
143 478 181
478 26 490
26 366 325
366 652 344
652 247 561
247 924 594
924 136 816
136 72 635
72 909 436
909 817 300
817 602 334
602 231 593
231 591 497
591 484 393
484 62 837
62 892 686
892 275 610
275 695 164
695 425 44
425 284 626
284 821 543
821 773 458
773 689 112
689 238 525
238 845 692
845 307 672
307 547 586
547 221 334
221 412 271
412 753 636
753 641 175
641 273 45
273 800 66
800 725 847
725 379 572
379 94 579
94 328 67
328 770 55
770 498 580
498 158 433
158 248 695
248 562 680
562 707 753
707 891 798
891 252 520
252 95 384
95 32 804
32 502 801
502 401 290
401 359 692
359 174 92
174 48 381
48 186 409
186 688 671
688 414 694
414 89 451
89 330 460
330 554 311
554 766 785
766 156 422
156 78 655
78 608 247
608 760 368
760 450 375
450 67 652
67 341 571
341 879 182
879 113 95
113 101 387
101 325 438
325 577 448
577 442 578
442 434 157
434 723 206
723 623 672
623 873 693
873 900 844
900 229 619
229 669 435
669 858 637
858 375 825
375 722 58
722 657 814
657 792 698
792 139 64
139 510 21
510 692 613
692 523 419
523 329 739
329 679 169
679 709 607
709 659 188
659 345 250
345 872 758
872 256 731
256 597 694
597 890 342
890 704 651
704 435 558
435 130 476
130 64 65
64 38 448
38 444 36
444 888 144
888 793 324
793 852 776
852 921 303
921 836 657
836 400 669
400 134 60
134 68 289
68 884 788
884 882 410
882 377 377
377 447 112
447 175 92
175 748 744
748 310 828
310 391 289
391 822 293
822 733 684
733 126 816
126 774 39
774 299 311
299 627 413
627 648 488
648 487 723
487 801 643
801 497 805
497 40 299
40 240 741
240 729 821
729 537 694
537 601 125
601 599 819
599 557 38
557 763 99
763 370 108
370 579 317
579 533 109
533 593 307
593 522 126
522 819 471
819 683 520
683 125 856
125 443 120
443 406 526
406 151 785
151 889 324
889 563 248
563 155 55
155 436 816
436 138 769
138 805 369
805 728 150
728 539 418
539 614 509
614 612 625
612 195 678
195 337 376
337 218 758
218 705 529
705 786 596
786 90 264
90 166 82
166 883 468
883 606 562
606 560 349
560 384 345
384 251 8
251 51 155
51 37 133
37 917 394
917 290 706
290 402 105
402 755 655
755 241 457
241 216 845
216 236 678
236 607 717
607 507 802
507 199 608
199 569 77
569 516 591
516 901 689
901 104 418
104 856 80
856 449 185
449 350 489
350 626 64
626 181 237
181 204 647
204 150 273
150 460 218
460 99 564
99 161 553
161 675 678
675 92 461
92 673 397
673 629 503
629 739 870
739 584 45
584 656 296
656 312 415
312 848 778
848 25 300
25 170 100
170 791 258
791 549 225
549 896 701
896 259 464
259 697 718
697 243 91
243 127 499
127 274 835
274 418 785
418 854 658
854 776 72
776 710 561
710 215 207
215 141 243
141 908 843
908 493 56
493 261 614
261 764 706
764 131 57
131 902 411
902 351 849
351 47 338
47 803 734
803 528 370
528 277 703
277 738 100
738 332 625
332 460 389
460 525 497
525 839 195
839 385 472
385 702 95
702 596 522
596 549 708
549 764 533
764 265 406
265 400 298
400 5 532
5 234 849
234 767 47
767 354 8
354 84 827
84 843 146
