500 998 2
100 134 1
15 23 2
228 338 1
427 392 1
254 313 2
370 79 2
50 152 1
343 434 1
34 137 1
464 491 1
459 457 1
42 14 1
125 475 1
88 492 1
285 465 1
219 382 2
412 379 1
325 194 1
56 138 2
378 298 1
404 456 1
319 240 1
242 197 2
167 350 2
224 183 2
495 100 1
189 395 2
304 358 1
9 428 2
98 156 2
315 265 1
460 246 2
292 107 2
214 283 2
9 428 1
314 466 1
275 208 2
283 51 2
178 443 2
64 333 2
116 150 2
227 381 2
251 219 1
446 128 1
55 461 1
232 478 2
289 308 2
451 136 1
410 266 1
390 453 2
254 313 1
324 83 2
350 135 1
454 447 1
185 277 1
118 237 1
92 149 2
93 84 2
44 117 2
439 377 1
345 42 2
92 149 1
362 170 2
320 297 1
307 327 2
108 95 2
208 498 2
282 477 1
454 447 2
334 216 1
353 34 2
37 169 1
231 480 2
58 75 1
226 356 2
109 391 1
425 60 2
7 108 2
69 120 1
272 417 2
243 351 1
46 163 2
96 364 2
22 124 2
107 148 2
253 454 2
478 168 2
467 210 1
66 129 1
48 10 2
491 295 2
24 81 2
23 256 1
372 412 2
424 383 1
64 333 1
286 213 2
274 67 1
473 407 2
196 494 2
267 304 1
463 483 1
396 442 2
115 151 2
278 272 2
21 238 1
229 419 1
344 291 2
468 450 1
490 268 2
342 178 1
67 171 1
6 248 2
456 49 2
467 210 2
94 112 1
447 191 1
156 48 1
256 276 2
113 27 1
94 112 2
104 244 2
101 430 1
414 261 1
403 61 1
399 118 1
363 157 2
409 158 2
388 365 1
337 325 1
459 457 2
369 354 1
334 216 2
147 390 2
82 202 2
475 29 1
78 424 2
143 36 2
328 11 2
51 361 1
498 243 2
3 172 1
104 244 1
452 343 1
38 314 2
287 6 1
57 258 1
230 342 1
386 1 2
379 230 1
491 295 1
402 5 2
200 280 1
61 312 1
453 234 1
115 151 1
202 290 2
407 431 1
229 419 2
191 438 2
297 161 1
83 488 1
376 479 1
52 224 1
95 174 1
458 487 2
285 465 2
497 103 1
477 122 1
110 435 2
41 319 1
62 264 1
223 209 2
235 293 2
100 134 2
324 83 1
15 23 1
168 432 2
60 236 2
227 381 1
34 137 2
367 310 1
189 395 1
421 387 2
383 329 1
71 50 2
114 348 1
372 412 1
180 287 1
281 139 2
392 320 1
458 487 1
102 91 1
390 453 1
435 311 2
91 205 1
10 233 2
139 441 2
38 314 1
401 346 2
160 374 2
5 335 2
165 69 1
422 316 2
397 330 2
225 25 2
220 63 1
211 215 1
19 57 2
130 21 2
32 307 2
241 334 2
201 52 2
486 249 1
182 433 2
40 324 1
201 52 1
186 405 2
49 467 1
83 488 2
155 332 1
166 186 2
268 259 1
221 426 2
136 78 2
492 17 1
339 384 1
86 345 1
197 4 1
103 328 2
380 278 2
486 249 2
233 7 1
365 30 1
284 44 1
494 189 2
86 345 2
2 484 2
428 207 2
242 197 1
57 258 2
462 410 2
30 62 1
197 4 2
167 350 1
127 154 1
68 127 1
82 202 1
116 150 1
370 79 1
438 331 1
76 471 1
135 336 2
158 221 1
266 165 2
440 462 2
328 11 1
273 179 1
260 301 2
293 294 2
151 176 1
432 101 1
73 116 1
209 375 1
270 251 1
68 127 2
432 101 2
162 125 2
150 132 1
133 38 1
156 48 2
476 144 1
284 44 2
381 43 2
463 483 2
119 104 2
26 349 1
89 499 1
36 446 1
163 190 2
338 187 1
198 413 1
303 414 1
59 423 2
237 286 2
346 281 2
87 495 2
289 308 1
81 99 2
178 443 1
224 183 1
500 452 1
412 379 2
259 20 2
257 147 1
45 448 1
25 339 1
276 239 1
154 155 1
407 431 2
449 13 1
144 33 2
352 180 1
199 196 1
296 211 1
450 306 1
28 46 1
379 230 2
406 269 2
106 193 2
322 19 1
418 110 2
134 188 2
232 478 1
187 344 2
233 7 2
333 401 1
226 356 1
249 241 2
76 471 2
408 459 2
341 82 1
117 292 1
484 418 1
345 42 1
469 18 2
12 372 1
476 144 2
241 334 1
436 299 2
61 312 2
212 254 1
482 263 2
323 167 1
365 30 2
380 278 1
318 228 2
105 159 1
6 248 1
357 41 1
84 199 2
130 21 1
112 96 2
181 367 1
31 378 1
135 336 1
441 252 1
202 290 1
312 368 2
384 415 2
398 363 1
184 482 2
483 97 1
126 337 1
47 9 2
20 464 2
39 227 1
377 385 2
107 148 1
159 406 2
266 165 1
56 138 1
17 408 1
37 169 2
174 481 2
494 189 1
291 31 1
58 75 2
140 123 2
466 271 2
470 393 2
430 326 1
417 133 2
356 89 2
170 444 1
136 78 1
148 92 1
462 410 1
277 8 1
66 129 2
395 309 1
343 434 2
490 268 1
277 8 2
446 128 2
171 72 2
276 239 2
29 198 1
349 85 1
113 27 2
419 24 2
302 274 2
290 218 2
282 477 2
369 354 2
406 269 1
461 121 2
49 467 2
327 66 2
32 307 1
318 228 1
416 394 1
75 37 1
323 167 2
460 246 1
492 17 2
405 88 1
445 65 2
240 143 1
421 387 1
422 316 1
373 245 2
438 331 2
351 231 1
389 242 1
420 476 2
496 451 2
350 135 2
430 326 2
97 59 1
353 34 1
144 33 1
157 386 2
218 53 2
53 195 1
74 440 1
359 119 1
435 311 1
457 105 1
236 200 2
265 182 1
455 106 1
260 301 1
479 347 1
173 422 2
137 2 2
11 317 1
200 280 2
125 475 2
63 16 1
448 449 2
80 376 1
271 235 1
208 498 1
336 68 1
36 446 2
239 427 1
212 254 2
437 445 1
444 371 1
143 36 1
209 375 2
347 153 1
385 340 2
361 164 1
138 77 2
330 500 2
261 493 2
426 73 1
335 173 2
132 472 2
235 293 1
312 368 1
340 140 1
51 361 2
307 327 1
351 231 2
120 26 2
483 97 2
31 378 2
384 415 1
166 186 1
398 363 2
333 401 2
413 250 1
161 175 2
434 300 2
194 146 2
238 114 1
120 26 1
417 133 1
297 161 2
161 175 1
331 399 1
385 340 1
386 1 1
223 209 1
220 63 2
119 104 1
81 99 1
255 436 2
257 147 2
137 2 1
128 22 1
52 224 2
225 25 1
497 103 2
332 98 1
146 204 1
278 272 1
425 60 1
499 279 1
103 328 1
151 176 2
160 374 1
230 342 2
99 76 2
326 369 1
428 207 1
337 325 2
176 141 1
363 157 1
394 341 2
177 416 2
123 3 1
272 417 1
487 362 1
5 335 1
317 201 1
8 366 1
165 69 2
124 429 1
141 102 1
191 438 1
316 322 1
78 424 1
193 56 1
306 270 1
236 200 1
214 283 1
213 109 1
434 300 1
3 172 2
456 49 1
150 132 2
98 156 1
309 184 1
393 288 1
371 323 1
121 40 2
185 277 2
489 398 1
263 485 2
244 267 2
247 473 1
95 174 2
339 384 2
376 479 2
27 55 2
192 284 2
147 390 1
10 233 1
357 41 2
360 396 2
329 497 2
111 411 1
93 84 1
244 267 1
43 460 1
474 247 2
16 94 1
294 131 2
464 491 2
322 19 2
183 45 1
500 452 2
470 393 1
174 481 1
203 282 2
305 32 1
188 71 1
498 243 1
204 285 2
411 222 1
258 232 1
310 54 2
346 281 1
27 55 1
234 469 2
310 54 1
358 64 1
359 119 2
141 102 2
79 357 1
213 109 2
480 463 2
44 117 1
413 250 2
85 203 2
60 236 1
281 139 1
342 178 2
290 218 1
70 409 1
471 253 1
196 494 1
25 339 2
485 162 1
180 287 2
280 404 2
274 67 2
279 181 1
215 425 2
91 205 2
84 199 1
481 177 2
431 220 2
472 273 1
340 140 2
418 110 1
302 274 1
198 413 2
466 271 1
177 416 1
433 260 1
2 484 1
482 263 1
245 360 2
153 142 1
330 500 1
170 444 2
114 348 2
358 64 2
315 265 2
218 53 1
348 39 1
216 113 1
252 489 2
175 289 1
442 359 2
261 493 1
382 262 2
409 158 1
404 456 2
145 115 2
280 404 1
301 15 1
468 450 2
408 459 1
184 482 1
349 85 2
50 152 2
203 282 1
314 466 2
175 289 2
219 382 1
102 91 2
126 337 2
298 389 2
47 9 1
131 420 2
391 455 2
299 90 1
319 240 2
142 74 1
382 262 1
436 299 1
371 323 2
268 259 2
19 57 1
269 12 1
399 118 2
72 352 1
205 402 2
495 100 2
192 284 1
469 18 1
176 141 2
283 51 1
309 184 2
375 302 2
112 96 1
169 388 1
300 130 2
23 256 2
77 400 1
368 437 2
355 35 1
216 113 2
423 206 1
287 6 2
110 435 1
18 58 2
183 45 2
210 185 2
311 223 1
28 46 2
158 221 2
245 360 1
419 24 1
291 31 2
321 421 2
193 56 2
336 68 2
313 93 1
179 86 2
332 98 2
8 366 2
16 94 2
429 126 2
65 212 2
388 365 2
129 490 1
364 70 1
447 191 2
253 454 1
354 458 2
17 408 2
140 123 1
499 279 2
146 204 2
262 321 1
308 111 1
73 116 2
80 376 2
270 251 2
154 155 2
420 476 1
13 214 2
105 159 2
162 125 1
96 364 1
131 420 1
74 440 2
22 124 1
264 474 2
489 398 2
206 226 2
59 423 1
317 201 2
237 286 1
33 353 2
480 463 1
286 213 1
30 62 2
109 391 2
397 330 1
145 115 1
327 66 1
90 145 2
106 193 1
487 362 2
457 105 2
77 400 2
87 495 1
374 229 1
142 74 2
373 245 1
72 352 2
455 106 2
356 89 1
300 130 1
194 146 1
217 28 1
259 20 1
63 16 2
395 309 2
215 425 1
121 40 1
488 318 1
442 359 1
473 407 1
375 302 1
46 163 1
471 253 2
207 315 1
148 92 2
472 273 2
118 237 2
152 255 1
303 414 2
402 5 1
453 234 2
414 261 2
275 208 1
452 343 2
416 394 2
85 203 1
247 473 2
238 114 2
288 160 1
316 322 2
152 255 2
243 351 2
377 385 1
127 154 2
69 120 2
53 195 2
271 235 2
206 226 1
24 81 1
222 217 2
29 198 2
71 50 1
396 442 1
246 303 1
149 87 2
186 405 1
111 411 2
295 439 1
211 215 2
429 126 1
341 82 2
313 93 2
240 143 2
172 257 2
70 409 2
394 341 1
40 324 2
496 451 1
405 88 2
299 90 2
65 212 1
354 458 1
122 355 2
288 160 2
75 37 2
250 47 1
163 190 1
258 232 2
448 449 1
352 180 2
355 35 2
90 145 1
374 229 2
443 275 1
134 188 1
239 427 2
362 170 1
325 194 2
128 22 2
164 468 1
411 222 2
172 257 1
366 403 2
149 87 1
326 369 2
461 121 1
264 474 1
444 371 2
344 291 1
295 439 2
305 32 2
441 252 2
1 166 2
381 43 1
415 486 1
14 370 1
123 3 2
301 15 2
485 162 2
35 305 2
424 383 2
14 370 2
308 111 2
43 460 2
348 39 2
431 220 1
269 12 2
205 402 1
366 403 1
222 217 1
445 65 1
7 108 1
55 461 2
153 142 2
304 358 2
368 437 1
298 389 1
231 480 1
474 247 1
306 270 2
168 432 1
481 177 1
1 166 1
267 304 2
248 80 1
159 406 1
26 349 2
378 298 2
347 153 2
124 429 2
122 355 1
21 238 2
45 448 2
273 179 2
450 306 2
79 357 2
279 181 2
4 373 1
199 196 2
62 264 2
389 242 2
465 296 2
423 206 2
187 344 1
484 418 2
493 192 2
188 71 2
157 386 1
321 421 1
155 332 2
263 485 1
234 469 1
228 338 2
132 472 1
449 13 2
179 86 1
221 426 1
217 28 2
181 367 2
97 59 2
88 492 2
265 182 2
477 122 2
364 70 2
42 14 2
367 310 2
182 433 1
195 225 1
437 445 2
249 241 1
250 47 2
101 430 2
54 496 1
443 275 2
164 468 2
117 292 2
361 164 2
207 315 2
54 496 2
169 388 2
262 321 2
439 377 2
401 346 1
4 373 2
387 380 2
12 372 2
129 490 2
294 131 1
383 329 2
99 76 1
387 380 1
311 223 2
210 185 1
292 107 1
133 38 2
415 486 2
18 58 1
393 288 2
440 462 1
465 296 1
13 214 1
256 276 1
20 464 1
173 422 1
139 441 1
410 266 2
488 318 2
493 192 1
89 499 2
41 319 2
338 187 2
48 10 1
190 470 2
251 219 2
246 303 2
329 497 1
331 399 2
67 171 2
475 29 2
360 396 1
33 353 1
335 173 1
479 347 2
35 305 1
391 455 1
320 297 2
427 392 2
204 285 1
451 136 2
11 317 2
138 77 1
296 211 2
255 436 1
171 72 1
478 168 1
108 95 1
195 225 2
293 294 1
426 73 2
190 470 1
433 260 2
252 489 1
39 227 2
392 320 2
248 80 2
403 61 2
