250 996 2
221 12 1
72 202 1
111 151 2
34 104 2
212 132 2
40 185 2
126 165 1
190 115 1
241 236 1
59 103 2
224 130 1
232 62 2
21 233 1
216 164 2
122 4 1
157 139 2
121 213 1
150 79 1
209 203 2
84 133 2
158 78 2
104 177 1
40 185 1
7 19 2
201 96 1
228 80 2
182 225 1
179 170 1
235 215 1
95 30 2
27 26 2
113 1 1
66 27 2
217 109 2
187 74 1
41 224 1
170 123 2
166 153 1
169 75 2
74 35 1
185 142 2
169 75 1
13 135 2
216 164 1
15 114 1
157 139 2
241 236 2
44 246 1
192 52 1
33 117 2
52 82 2
92 232 1
79 167 2
182 225 2
29 140 1
215 131 1
247 33 2
188 178 1
174 143 2
76 16 2
210 112 1
84 133 2
225 160 1
51 22 2
3 34 2
246 200 1
185 142 2
177 126 2
123 136 2
52 82 2
144 195 2
176 70 1
47 122 1
216 164 1
108 89 1
36 129 2
83 157 1
201 96 2
35 8 2
119 11 2
193 183 2
115 69 2
204 190 2
31 24 1
121 213 2
152 67 2
220 137 2
91 181 1
170 123 1
113 1 2
23 144 2
70 217 1
68 97 2
142 68 1
152 67 1
197 150 2
73 72 2
1 107 2
30 77 1
61 20 1
198 247 1
233 91 1
200 166 2
94 100 2
83 157 1
48 127 2
180 3 2
130 59 2
207 64 1
22 40 2
73 72 2
176 70 2
8 60 1
73 72 1
51 22 1
244 14 2
36 129 1
69 9 2
163 110 1
172 175 1
174 143 2
70 217 2
95 30 2
147 108 2
132 206 2
100 172 1
64 239 2
78 53 2
140 238 1
212 132 1
242 65 1
23 144 1
219 176 1
35 8 1
65 227 1
135 10 2
131 162 2
3 34 1
233 91 2
203 245 2
199 58 1
156 111 1
218 76 1
115 69 2
235 215 2
5 182 1
246 200 2
25 101 1
143 223 2
152 67 2
228 80 1
21 233 2
118 85 1
211 207 1
57 234 1
130 59 1
180 3 2
110 249 2
213 134 2
166 153 2
188 178 2
154 13 2
107 39 2
175 18 2
229 189 2
86 90 2
180 3 1
205 81 1
129 54 2
103 208 2
183 88 2
138 179 2
111 151 1
88 55 2
125 159 1
24 44 1
149 194 2
119 11 2
247 33 1
202 169 1
48 127 1
158 78 1
194 201 2
150 79 2
140 238 1
147 108 2
91 181 2
59 103 1
124 121 1
146 237 1
45 191 1
224 130 2
190 115 2
1 107 1
132 206 1
7 19 2
24 44 2
86 90 2
143 223 1
150 79 2
85 7 1
97 193 1
146 237 2
93 158 2
61 20 2
211 207 1
229 189 1
46 71 1
181 15 1
242 65 1
28 32 1
197 150 1
105 248 2
135 10 1
74 35 2
112 124 2
52 82 1
244 14 1
164 204 1
171 118 2
236 105 1
148 149 1
186 184 1
242 65 2
117 51 1
173 145 2
211 207 2
120 197 1
17 220 1
234 42 2
133 161 2
16 146 1
138 179 1
181 15 2
79 167 2
178 242 2
195 186 1
21 233 1
39 29 2
137 228 1
147 108 1
193 183 1
124 121 2
67 250 1
139 48 1
7 19 1
238 192 2
193 183 2
218 76 1
91 181 1
202 169 1
168 147 2
18 173 2
165 128 1
178 242 2
88 55 1
176 70 2
43 138 1
165 128 2
138 179 2
153 180 2
127 6 2
101 38 1
106 37 1
66 27 1
163 110 1
149 194 1
94 100 2
204 190 1
245 154 2
28 32 1
249 94 1
239 84 1
237 41 2
179 170 2
249 94 2
56 45 1
104 177 1
62 168 2
110 249 1
214 66 1
14 2 2
171 118 1
98 87 2
96 222 1
94 100 1
103 208 1
93 158 2
128 210 1
117 51 2
148 149 2
205 81 2
184 56 2
33 117 1
14 2 1
141 240 2
59 103 2
226 214 1
118 85 1
244 14 2
98 87 2
213 134 1
225 160 2
136 46 2
201 96 1
248 218 1
221 12 2
133 161 1
155 174 2
35 8 2
11 155 1
146 237 2
42 47 2
19 244 1
61 20 1
123 136 1
26 83 2
248 218 1
50 125 1
64 239 1
57 234 2
221 12 2
194 201 2
58 116 2
96 222 2
203 245 1
228 80 1
124 121 1
81 120 2
183 88 1
51 22 1
174 143 1
109 61 2
38 221 1
54 119 1
225 160 2
103 208 2
65 227 2
199 58 2
202 169 2
6 196 1
212 132 2
53 199 2
66 27 2
204 190 2
62 168 1
74 35 2
239 84 2
208 231 2
45 191 2
171 118 1
4 49 1
50 125 1
37 98 2
140 238 2
169 75 2
16 146 2
184 56 1
19 244 2
124 121 2
32 229 2
43 138 2
85 7 2
12 187 1
93 158 1
161 219 2
247 33 1
82 212 2
28 32 2
120 197 2
167 102 1
90 188 1
69 9 1
101 38 2
248 218 2
177 126 1
5 182 1
137 228 1
220 137 2
166 153 2
72 202 2
143 223 1
74 35 1
97 193 1
64 239 2
95 30 1
227 235 2
215 131 1
192 52 2
235 215 2
68 97 1
63 25 2
198 247 2
71 156 2
31 24 2
136 46 1
232 62 1
168 147 1
172 175 2
42 47 1
117 51 1
142 68 2
155 174 2
196 163 1
47 122 2
75 216 1
14 2 1
87 21 1
190 115 2
149 194 1
68 97 1
167 102 2
191 5 1
133 161 2
219 176 2
238 192 1
160 99 2
250 226 1
6 196 1
118 85 2
186 184 1
56 45 1
44 246 2
209 203 1
137 228 2
108 89 1
90 188 2
100 172 2
72 202 2
134 106 2
177 126 2
137 228 2
196 163 2
236 105 2
181 15 2
155 174 1
83 157 2
60 57 2
75 216 1
208 231 1
161 219 1
217 109 1
60 57 1
75 216 2
23 144 2
202 169 2
146 237 1
17 220 2
173 145 1
240 211 2
85 7 2
228 80 2
205 81 1
105 248 1
247 33 2
222 241 1
32 229 1
71 156 1
98 87 1
166 153 1
241 236 1
20 28 2
145 93 1
80 230 1
107 39 1
229 189 1
135 10 1
218 76 2
186 184 2
15 114 2
93 158 1
10 113 2
47 122 1
55 43 2
84 133 1
63 25 1
56 45 2
8 60 2
128 210 2
219 176 2
68 97 2
10 113 2
34 104 1
210 112 1
104 177 2
109 61 1
109 61 2
240 211 1
220 137 1
154 13 2
144 195 1
90 188 1
232 62 1
54 119 2
71 156 2
77 148 2
89 243 2
41 224 2
160 99 1
198 247 1
207 64 1
107 39 1
90 188 2
197 150 1
57 234 1
1 107 2
187 74 2
100 172 1
11 155 2
141 240 1
217 109 2
72 202 1
180 3 1
8 60 2
250 226 2
98 87 1
111 151 1
219 176 1
69 9 1
127 6 2
213 134 2
230 209 2
145 93 2
169 75 1
70 217 1
162 73 1
80 230 2
233 91 1
148 149 2
158 78 1
49 198 1
144 195 2
230 209 2
151 141 1
225 160 1
176 70 1
31 24 2
105 248 1
156 111 2
48 127 1
178 242 1
99 17 1
99 17 1
165 128 1
30 77 1
223 31 2
151 141 1
131 162 1
239 84 1
75 216 2
177 126 1
69 9 2
214 66 1
250 226 2
170 123 1
191 5 1
160 99 1
78 53 2
200 166 1
71 156 1
13 135 1
227 235 1
234 42 1
4 49 2
192 52 1
115 69 1
184 56 1
36 129 2
87 21 2
222 241 2
49 198 1
12 187 1
10 113 1
58 116 1
127 6 1
207 64 2
15 114 2
9 23 2
32 229 1
96 222 2
42 47 2
151 141 2
77 148 1
102 63 1
48 127 2
128 210 2
108 89 2
231 50 2
200 166 1
249 94 1
58 116 2
189 152 1
1 107 1
117 51 2
226 214 2
36 129 1
237 41 1
76 16 1
187 74 1
3 34 2
78 53 1
179 170 1
194 201 1
250 226 1
233 91 2
28 32 2
46 71 2
223 31 1
109 61 1
19 244 2
131 162 1
148 149 1
120 197 2
201 96 2
17 220 1
61 20 2
222 241 1
139 48 1
105 248 2
153 180 1
162 73 2
171 118 2
158 78 2
147 108 1
126 165 1
194 201 1
10 113 1
43 138 2
236 105 2
21 233 2
206 205 1
243 36 2
170 123 2
168 147 1
37 98 2
185 142 1
88 55 2
230 209 1
189 152 1
106 37 2
232 62 2
113 1 2
229 189 2
30 77 2
187 74 2
227 235 2
39 29 1
46 71 1
142 68 1
46 71 2
242 65 2
107 39 2
136 46 1
161 219 1
159 171 1
80 230 1
230 209 1
33 117 2
226 214 1
243 36 2
87 21 1
13 135 1
210 112 2
130 59 2
138 179 1
189 152 2
101 38 1
206 205 2
78 53 1
161 219 2
38 221 2
132 206 2
244 14 1
76 16 2
149 194 2
102 63 1
104 177 2
118 85 2
241 236 2
12 187 2
123 136 1
35 8 1
25 101 1
223 31 2
145 93 1
27 26 1
3 34 1
206 205 1
92 232 2
39 29 2
195 186 2
188 178 1
37 98 1
160 99 2
24 44 2
243 36 1
234 42 1
86 90 1
18 173 1
211 207 2
127 6 1
121 213 2
102 63 2
190 115 1
128 210 1
86 90 1
87 21 2
20 28 1
205 81 2
130 59 1
99 17 2
91 181 2
122 4 1
222 241 2
156 111 2
189 152 2
114 95 2
97 193 2
22 40 1
106 37 2
6 196 2
59 103 1
56 45 2
132 206 1
63 25 1
125 159 1
129 54 1
29 140 2
246 200 2
97 193 2
8 60 1
129 54 2
193 183 1
199 58 1
20 28 2
84 133 1
231 50 1
139 48 2
15 114 1
33 117 1
182 225 1
213 134 1
63 25 2
45 191 2
192 52 2
216 164 2
25 101 2
52 82 1
50 125 2
81 120 1
64 239 1
54 119 1
134 106 1
172 175 1
157 139 1
184 56 2
2 86 2
45 191 1
62 168 1
141 240 2
150 79 1
14 2 2
175 18 1
119 11 1
227 235 1
2 86 2
168 147 2
195 186 1
5 182 2
245 154 1
134 106 1
55 43 1
144 195 1
58 116 1
38 221 1
133 161 1
70 217 2
245 154 1
179 170 2
156 111 1
238 192 2
89 243 1
165 128 2
13 135 2
167 102 2
38 221 2
53 199 2
199 58 2
173 145 2
214 66 2
236 105 1
32 229 2
26 83 1
217 109 1
24 44 1
65 227 2
207 64 2
100 172 2
231 50 1
67 250 2
43 138 1
231 50 2
153 180 1
119 11 1
9 23 1
50 125 2
89 243 1
27 26 1
154 13 1
248 218 2
54 119 2
11 155 2
82 212 2
206 205 2
79 167 1
20 28 1
164 204 2
37 98 1
215 131 2
17 220 2
114 95 2
112 124 1
30 77 2
57 234 2
51 22 2
135 10 2
83 157 2
113 1 1
102 63 2
49 198 2
53 199 1
237 41 2
31 24 1
188 178 2
234 42 2
191 5 2
126 165 2
29 140 2
181 15 1
178 242 1
60 57 2
65 227 1
77 148 2
159 171 2
209 203 2
81 120 1
121 213 1
49 198 2
215 131 2
208 231 1
4 49 2
103 208 1
195 186 2
62 168 2
9 23 2
114 95 1
66 27 1
196 163 1
2 86 1
203 245 1
175 18 2
125 159 2
221 12 1
191 5 2
6 196 2
40 185 1
237 41 1
80 230 2
16 146 2
204 190 1
152 67 1
41 224 1
218 76 2
142 68 2
2 86 1
112 124 2
26 83 1
115 69 1
7 19 1
96 222 1
82 212 1
9 23 1
111 151 2
246 200 1
163 110 2
18 173 2
197 150 2
136 46 2
125 159 2
19 244 1
110 249 1
114 95 1
175 18 1
162 73 2
214 66 2
4 49 1
151 141 2
159 171 1
42 47 1
22 40 2
153 180 2
126 165 2
238 192 1
140 238 2
240 211 2
77 148 1
239 84 2
92 232 2
145 93 2
186 184 2
89 243 2
172 175 2
224 130 2
164 204 2
182 225 2
243 36 1
27 26 2
88 55 1
40 185 2
60 57 1
212 132 1
5 182 2
203 245 2
167 102 1
209 203 1
26 83 2
34 104 1
220 137 1
11 155 1
53 199 1
122 4 2
240 211 1
95 30 1
245 154 2
18 173 1
79 167 1
141 240 1
200 166 2
16 146 1
44 246 2
134 106 2
249 94 2
122 4 2
208 231 2
67 250 2
185 142 1
157 139 1
110 249 2
76 16 1
123 136 2
94 100 1
34 104 2
55 43 1
159 171 2
174 143 1
163 110 2
224 130 1
85 7 1
39 29 1
226 214 2
131 162 2
162 73 1
112 124 1
183 88 1
196 163 2
25 101 2
139 48 2
173 145 1
55 43 2
143 223 2
106 37 1
198 247 2
81 120 2
155 174 1
92 232 1
67 250 1
101 38 2
73 72 1
12 187 2
210 112 2
41 224 2
235 215 1
154 13 1
44 246 1
82 212 1
29 140 1
108 89 2
164 204 1
120 197 1
99 17 2
23 144 1
223 31 1
183 88 2
47 122 2
129 54 1
22 40 1
