150 894 4
40 78 1
30 138 1
116 85 2
99 7 1
16 80 1
4 81 1
111 95 4
29 131 1
113 16 1
94 24 2
2 98 1
111 95 3
31 107 4
8 42 1
50 146 1
101 70 4
147 15 1
90 121 2
136 5 1
61 1 1
98 128 1
105 102 3
101 70 3
146 149 2
95 69 1
7 82 1
5 89 1
17 76 3
28 22 3
50 146 4
48 106 1
96 33 3
148 126 1
132 110 1
117 62 3
121 30 1
118 8 1
145 34 3
1 142 1
88 148 1
86 134 3
143 136 3
143 136 2
32 4 3
50 146 3
139 109 4
68 143 2
80 77 1
32 4 1
125 133 1
52 144 2
48 106 3
97 116 1
129 61 2
27 139 1
6 38 4
40 78 1
24 67 1
25 122 1
14 130 4
12 101 4
22 46 4
58 41 1
16 80 3
113 16 4
38 103 2
13 127 3
78 10 1
78 10 1
67 36 1
59 141 1
23 73 1
70 71 1
79 59 1
121 30 1
61 1 1
130 132 1
121 30 1
145 34 4
33 145 1
20 135 4
28 22 2
23 73 2
16 80 2
88 148 2
67 36 1
40 78 1
125 133 4
70 71 4
115 6 3
60 57 4
27 139 1
119 147 4
38 103 1
83 90 2
66 150 1
60 57 1
11 18 1
14 130 1
129 61 1
143 136 1
92 40 1
38 103 4
69 124 3
120 111 2
133 68 2
68 143 3
148 126 3
108 113 1
64 74 4
3 79 2
83 90 1
137 11 1
23 73 4
136 5 1
50 146 2
47 20 1
56 26 1
23 73 3
41 105 1
118 8 3
30 138 4
35 123 3
133 68 3
127 75 1
80 77 3
52 144 1
84 58 1
64 74 3
26 48 1
67 36 3
64 74 2
45 60 1
36 29 1
56 26 2
106 99 3
94 24 4
30 138 1
45 60 1
100 14 3
123 49 1
27 139 1
49 3 3
95 69 2
37 97 2
150 32 1
42 27 1
10 120 1
91 93 3
41 105 2
51 66 4
37 97 1
55 45 1
106 99 1
30 138 3
128 12 3
80 77 4
108 113 3
16 80 1
63 118 1
150 32 3
27 139 4
124 140 2
18 91 4
33 145 2
114 96 1
48 106 2
12 101 2
9 39 4
2 98 3
99 7 4
99 7 3
148 126 1
119 147 2
137 11 2
11 18 1
98 128 4
37 97 3
93 28 1
141 47 1
144 35 4
138 100 3
31 107 1
55 45 1
98 128 1
6 38 3
128 12 1
112 115 1
138 100 4
7 82 2
33 145 1
139 109 1
5 89 4
114 96 1
8 42 4
4 81 4
137 11 4
4 81 1
30 138 2
91 93 2
129 61 1
149 86 2
26 48 1
73 88 1
51 66 1
8 42 1
146 149 4
34 104 1
3 79 3
85 13 3
102 31 4
105 102 1
117 62 1
45 60 3
107 63 3
49 3 1
142 53 2
72 83 4
95 69 4
65 37 3
68 143 4
70 71 3
85 13 1
97 116 2
24 67 1
144 35 1
88 148 3
148 126 2
84 58 2
74 117 4
15 19 4
49 3 2
45 60 2
61 1 1
35 123 4
112 115 4
145 34 2
21 2 1
10 120 1
73 88 3
59 141 1
38 103 1
29 131 3
48 106 1
107 63 1
116 85 1
27 139 2
123 49 4
131 50 3
101 70 1
13 127 2
9 39 3
26 48 2
43 112 3
75 114 1
125 133 1
110 84 1
134 55 3
100 14 4
72 83 3
65 37 1
44 51 1
131 50 1
86 134 1
114 96 1
42 27 1
84 58 1
55 45 3
144 35 2
128 12 4
121 30 3
143 136 1
129 61 1
32 4 4
78 10 2
127 75 1
87 129 1
20 135 1
28 22 4
80 77 1
51 66 3
9 39 1
120 111 3
79 59 3
54 21 2
69 124 1
107 63 2
145 34 1
92 40 2
64 74 1
22 46 1
101 70 1
74 117 1
11 18 3
82 119 1
129 61 4
142 53 4
10 120 3
11 18 4
58 41 1
109 94 1
3 79 4
8 42 1
39 56 4
29 131 1
104 17 2
63 118 3
84 58 4
106 99 1
100 14 1
7 82 4
62 9 1
22 46 3
69 124 2
13 127 1
122 92 2
4 81 2
134 55 2
31 107 1
128 12 1
70 71 1
69 124 4
41 105 3
59 141 1
106 99 4
100 14 1
8 42 2
144 35 3
38 103 3
123 49 2
53 137 1
53 137 1
34 104 2
131 50 4
135 43 4
119 147 1
17 76 2
122 92 1
86 134 1
107 63 1
52 144 1
102 31 1
148 126 4
77 44 1
85 13 2
31 107 3
92 40 3
3 79 1
69 124 1
92 40 4
89 65 1
19 72 2
19 72 1
39 56 2
103 125 1
82 119 1
103 125 2
138 100 1
95 69 1
40 78 4
58 41 4
93 28 2
103 125 4
132 110 2
66 150 2
45 60 1
22 46 2
50 146 1
52 144 3
109 94 1
36 29 2
116 85 1
20 135 1
86 134 1
135 43 1
32 4 1
43 112 4
76 87 1
89 65 4
12 101 3
41 105 4
142 53 3
35 123 1
18 91 2
39 56 1
32 4 2
13 127 1
71 25 1
37 97 1
102 31 1
58 41 1
139 109 1
9 39 2
85 13 1
19 72 4
7 82 1
123 49 3
81 64 1
59 141 2
15 19 1
89 65 3
110 84 3
139 109 2
117 62 1
49 3 1
6 38 1
136 5 4
147 15 1
87 129 1
74 117 1
142 53 1
142 53 1
85 13 4
69 124 1
54 21 4
105 102 1
115 6 1
62 9 4
19 72 1
145 34 1
46 23 4
107 63 1
3 79 1
63 118 1
36 29 1
19 72 3
61 1 4
137 11 1
102 31 2
127 75 2
44 51 1
24 67 3
115 6 1
44 51 1
116 85 4
18 91 3
49 3 1
44 51 4
59 141 3
87 129 4
115 6 2
47 20 2
123 49 1
40 78 3
14 130 1
91 93 1
92 40 1
60 57 2
53 137 2
91 93 4
56 26 3
135 43 2
116 85 1
109 94 1
52 144 4
10 120 4
51 66 1
34 104 1
73 88 2
98 128 3
150 32 1
133 68 1
19 72 1
87 129 2
48 106 4
67 36 4
80 77 2
114 96 4
18 91 1
70 71 1
97 116 4
24 67 2
122 92 1
121 30 4
111 95 2
93 28 1
96 33 2
83 90 1
54 21 1
46 23 1
56 26 1
65 37 1
64 74 1
66 150 3
108 113 2
96 33 4
131 50 1
115 6 4
33 145 3
62 9 1
135 43 3
42 27 2
27 139 3
73 88 1
72 83 1
42 27 1
52 144 1
140 52 4
75 114 2
46 23 2
90 121 3
3 79 1
84 58 3
90 121 1
150 32 2
82 119 1
130 132 4
5 89 1
55 45 1
18 91 1
135 43 1
53 137 4
73 88 4
113 16 1
147 15 1
118 8 2
21 2 4
81 64 1
55 45 2
103 125 1
39 56 1
51 66 1
118 8 4
66 150 4
112 115 1
127 75 3
110 84 4
148 126 1
146 149 1
30 138 1
94 24 1
57 54 4
58 41 3
122 92 4
98 128 2
67 36 1
68 143 1
10 120 1
140 52 1
128 12 1
60 57 3
33 145 4
65 37 1
92 40 1
89 65 1
12 101 1
24 67 1
90 121 1
144 35 1
61 1 2
82 119 4
75 114 3
132 110 3
62 9 1
25 122 2
112 115 3
25 122 4
31 107 1
35 123 1
93 28 1
1 142 3
41 105 1
104 17 4
60 57 1
54 21 3
5 89 3
16 80 4
145 34 1
74 117 3
116 85 3
130 132 1
34 104 1
12 101 1
46 23 1
111 95 1
15 19 2
79 59 4
16 80 1
134 55 4
141 47 3
77 44 1
9 39 1
139 109 3
54 21 1
29 131 1
25 122 3
39 56 1
95 69 1
138 100 1
56 26 1
149 86 1
134 55 1
47 20 1
141 47 1
118 8 1
103 125 3
149 86 3
88 148 4
72 83 2
7 82 1
45 60 4
143 136 1
13 127 4
25 122 1
66 150 1
87 129 1
81 64 1
143 136 4
43 112 1
125 133 2
41 105 1
17 76 1
68 143 1
53 137 3
71 25 3
68 143 1
114 96 3
141 47 2
94 24 1
113 16 1
77 44 2
63 118 1
137 11 1
102 31 1
110 84 1
72 83 1
24 67 4
36 29 4
78 10 3
73 88 1
86 134 4
120 111 1
35 123 2
74 117 1
66 150 1
29 131 2
140 52 1
32 4 1
71 25 4
85 13 1
60 57 1
140 52 2
146 149 3
108 113 4
112 115 1
104 17 1
1 142 1
117 62 4
90 121 4
124 140 1
122 92 1
1 142 2
124 140 1
57 54 2
89 65 1
36 29 3
23 73 1
48 106 1
149 86 1
84 58 1
37 97 4
97 116 1
67 36 2
46 23 1
120 111 1
29 131 4
46 23 3
131 50 1
64 74 1
83 90 3
150 32 1
121 30 2
124 140 4
137 11 3
102 31 3
40 78 2
115 6 1
105 102 1
54 21 1
71 25 1
147 15 2
65 37 2
96 33 1
149 86 4
94 24 3
134 55 1
136 5 1
118 8 1
99 7 1
51 66 2
6 38 2
62 9 2
20 135 2
21 2 2
47 20 1
132 110 1
82 119 3
138 100 2
63 118 4
133 68 1
15 19 3
76 87 1
26 48 3
132 110 1
86 134 2
21 2 1
119 147 3
95 69 3
8 42 3
57 54 1
25 122 1
14 130 3
42 27 4
72 83 1
75 114 1
39 56 3
97 116 1
99 7 2
56 26 4
124 140 3
136 5 3
26 48 1
101 70 2
93 28 3
90 121 1
75 114 4
99 7 1
71 25 1
2 98 2
37 97 1
128 12 2
130 132 2
114 96 2
1 142 4
112 115 2
15 19 1
14 130 1
44 51 2
109 94 2
53 137 1
150 32 4
76 87 1
28 22 1
76 87 4
17 76 4
57 54 1
147 15 4
59 141 4
6 38 1
89 65 2
7 82 3
139 109 1
130 132 1
74 117 2
78 10 4
133 68 1
119 147 1
123 49 1
34 104 4
120 111 4
18 91 1
4 81 3
31 107 2
81 64 2
135 43 1
11 18 1
77 44 4
10 120 2
146 149 1
108 113 1
147 15 3
96 33 1
106 99 2
77 44 3
17 76 1
110 84 2
125 133 3
4 81 1
91 93 1
2 98 1
138 100 1
149 86 1
79 59 2
140 52 1
83 90 4
93 28 4
80 77 1
9 39 1
83 90 1
20 135 1
136 5 2
44 51 3
122 92 3
109 94 4
88 148 1
81 64 4
91 93 1
6 38 1
76 87 3
22 46 1
110 84 1
47 20 4
70 71 2
104 17 3
88 148 1
79 59 1
120 111 1
97 116 3
78 10 1
28 22 1
146 149 1
100 14 1
58 41 2
144 35 1
61 1 3
26 48 4
106 99 1
38 103 1
34 104 3
57 54 1
105 102 2
28 22 1
134 55 1
81 64 3
130 132 3
22 46 1
35 123 1
1 142 1
117 62 2
103 125 1
104 17 1
129 61 3
96 33 1
15 19 1
36 29 1
13 127 1
47 20 3
111 95 1
125 133 1
87 129 3
2 98 1
17 76 1
23 73 1
42 27 3
124 140 1
76 87 2
57 54 3
12 101 1
127 75 1
108 113 1
2 98 4
77 44 1
65 37 4
43 112 1
71 25 2
62 9 3
14 130 2
119 147 1
117 62 1
33 145 1
133 68 4
105 102 4
127 75 4
20 135 3
21 2 1
79 59 1
141 47 1
140 52 3
104 17 1
113 16 2
5 89 1
55 45 4
111 95 1
5 89 2
43 112 1
94 24 1
132 110 4
49 3 4
82 119 2
107 63 4
11 18 2
21 2 3
109 94 3
75 114 1
100 14 2
98 128 1
43 112 2
113 16 3
142 53 1
101 70 1
131 50 2
50 146 1
141 47 4
63 118 2
