601 1000 402
1 2 1
1 2 2
1 3 3
1 3 4
1 4 5
1 4 6
1 5 7
1 5 8
1 6 9
1 6 10
1 7 11
1 7 12
1 8 13
1 8 14
1 9 15
1 9 16
1 10 17
1 10 18
1 11 19
1 11 20
1 12 21
1 12 22
1 13 23
1 13 24
1 14 25
1 14 26
1 15 27
1 15 28
1 16 29
1 16 30
1 17 31
1 17 32
1 18 33
1 18 34
1 19 35
1 19 36
1 20 37
1 20 38
1 21 39
1 21 40
1 22 41
1 22 42
1 23 43
1 23 44
1 24 45
1 24 46
1 25 47
1 25 48
1 26 49
1 26 50
1 27 51
1 27 52
1 28 53
1 28 54
1 29 55
1 29 56
1 30 57
1 30 58
1 31 59
1 31 60
1 32 61
1 32 62
1 33 63
1 33 64
1 34 65
1 34 66
1 35 67
1 35 68
1 36 69
1 36 70
1 37 71
1 37 72
1 38 73
1 38 74
1 39 75
1 39 76
1 40 77
1 40 78
1 41 79
1 41 80
1 42 81
1 42 82
1 43 83
1 43 84
1 44 85
1 44 86
1 45 87
1 45 88
1 46 89
1 46 90
1 47 91
1 47 92
1 48 93
1 48 94
1 49 95
1 49 96
1 50 97
1 50 98
1 51 99
1 51 100
1 52 101
1 52 102
1 53 103
1 53 104
1 54 105
1 54 106
1 55 107
1 55 108
1 56 109
1 56 110
1 57 111
1 57 112
1 58 113
1 58 114
1 59 115
1 59 116
1 60 117
1 60 118
1 61 119
1 61 120
1 62 121
1 62 122
1 63 123
1 63 124
1 64 125
1 64 126
1 65 127
1 65 128
1 66 129
1 66 130
1 67 131
1 67 132
1 68 133
1 68 134
1 69 135
1 69 136
1 70 137
1 70 138
1 71 139
1 71 140
1 72 141
1 72 142
1 73 143
1 73 144
1 74 145
1 74 146
1 75 147
1 75 148
1 76 149
1 76 150
1 77 151
1 77 152
1 78 153
1 78 154
1 79 155
1 79 156
1 80 157
1 80 158
1 81 159
1 81 160
1 82 161
1 82 162
1 83 163
1 83 164
1 84 165
1 84 166
1 85 167
1 85 168
1 86 169
1 86 170
1 87 171
1 87 172
1 88 173
1 88 174
1 89 175
1 89 176
1 90 177
1 90 178
1 91 179
1 91 180
1 92 181
1 92 182
1 93 183
1 93 184
1 94 185
1 94 186
1 95 187
1 95 188
1 96 189
1 96 190
1 97 191
1 97 192
1 98 193
1 98 194
1 99 195
1 99 196
1 100 197
1 100 198
1 101 199
1 101 200
1 102 201
1 102 202
1 103 203
1 103 204
1 104 205
1 104 206
1 105 207
1 105 208
1 106 209
1 106 210
1 107 211
1 107 212
1 108 213
1 108 214
1 109 215
1 109 216
1 110 217
1 110 218
1 111 219
1 111 220
1 112 221
1 112 222
1 113 223
1 113 224
1 114 225
1 114 226
1 115 227
1 115 228
1 116 229
1 116 230
1 117 231
1 117 232
1 118 233
1 118 234
1 119 235
1 119 236
1 120 237
1 120 238
1 121 239
1 121 240
1 122 241
1 122 242
1 123 243
1 123 244
1 124 245
1 124 246
1 125 247
1 125 248
1 126 249
1 126 250
1 127 251
1 127 252
1 128 253
1 128 254
1 129 255
1 129 256
1 130 257
1 130 258
1 131 259
1 131 260
1 132 261
1 132 262
1 133 263
1 133 264
1 134 265
1 134 266
1 135 267
1 135 268
1 136 269
1 136 270
1 137 271
1 137 272
1 138 273
1 138 274
1 139 275
1 139 276
1 140 277
1 140 278
1 141 279
1 141 280
1 142 281
1 142 282
1 143 283
1 143 284
1 144 285
1 144 286
1 145 287
1 145 288
1 146 289
1 146 290
1 147 291
1 147 292
1 148 293
1 148 294
1 149 295
1 149 296
1 150 297
1 150 298
1 151 299
1 151 300
1 152 301
1 152 302
1 153 303
1 153 304
1 154 305
1 154 306
1 155 307
1 155 308
1 156 309
1 156 310
1 157 311
1 157 312
1 158 313
1 158 314
1 159 315
1 159 316
1 160 317
1 160 318
1 161 319
1 161 320
1 162 321
1 162 322
1 163 323
1 163 324
1 164 325
1 164 326
1 165 327
1 165 328
1 166 329
1 166 330
1 167 331
1 167 332
1 168 333
1 168 334
1 169 335
1 169 336
1 170 337
1 170 338
1 171 339
1 171 340
1 172 341
1 172 342
1 173 343
1 173 344
1 174 345
1 174 346
1 175 347
1 175 348
1 176 349
1 176 350
1 177 351
1 177 352
1 178 353
1 178 354
1 179 355
1 179 356
1 180 357
1 180 358
1 181 359
1 181 360
1 182 361
1 182 362
1 183 363
1 183 364
1 184 365
1 184 366
1 185 367
1 185 368
1 186 369
1 186 370
1 187 371
1 187 372
1 188 373
1 188 374
1 189 375
1 189 376
1 190 377
1 190 378
1 191 379
1 191 380
1 192 381
1 192 382
1 193 383
1 193 384
1 194 385
1 194 386
1 195 387
1 195 388
1 196 389
1 196 390
1 197 391
1 197 392
1 198 393
1 198 394
1 199 395
1 199 396
1 200 397
1 200 398
1 201 399
1 201 400
1 202 401
1 402 401
202 402 402
1 203 401
1 403 401
203 403 402
1 204 401
1 404 401
204 404 402
1 205 401
1 405 401
205 405 402
1 206 401
1 406 401
206 406 402
1 207 401
1 407 401
207 407 402
1 208 401
1 408 401
208 408 402
1 209 401
1 409 401
209 409 402
1 210 401
1 410 401
210 410 402
1 211 401
1 411 401
211 411 402
1 212 401
1 412 401
212 412 402
1 213 401
1 413 401
213 413 402
1 214 401
1 414 401
214 414 402
1 215 401
1 415 401
215 415 402
1 216 401
1 416 401
216 416 402
1 217 401
1 417 401
217 417 402
1 218 401
1 418 401
218 418 402
1 219 401
1 419 401
219 419 402
1 220 401
1 420 401
220 420 402
1 221 401
1 421 401
221 421 402
1 222 401
1 422 401
222 422 402
1 223 401
1 423 401
223 423 402
1 224 401
1 424 401
224 424 402
1 225 401
1 425 401
225 425 402
1 226 401
1 426 401
226 426 402
1 227 401
1 427 401
227 427 402
1 228 401
1 428 401
228 428 402
1 229 401
1 429 401
229 429 402
1 230 401
1 430 401
230 430 402
1 231 401
1 431 401
231 431 402
1 232 401
1 432 401
232 432 402
1 233 401
1 433 401
233 433 402
1 234 401
1 434 401
234 434 402
1 235 401
1 435 401
235 435 402
1 236 401
1 436 401
236 436 402
1 237 401
1 437 401
237 437 402
1 238 401
1 438 401
238 438 402
1 239 401
1 439 401
239 439 402
1 240 401
1 440 401
240 440 402
1 241 401
1 441 401
241 441 402
1 242 401
1 442 401
242 442 402
1 243 401
1 443 401
243 443 402
1 244 401
1 444 401
244 444 402
1 245 401
1 445 401
245 445 402
1 246 401
1 446 401
246 446 402
1 247 401
1 447 401
247 447 402
1 248 401
1 448 401
248 448 402
1 249 401
1 449 401
249 449 402
1 250 401
1 450 401
250 450 402
1 251 401
1 451 401
251 451 402
1 252 401
1 452 401
252 452 402
1 253 401
1 453 401
253 453 402
1 254 401
1 454 401
254 454 402
1 255 401
1 455 401
255 455 402
1 256 401
1 456 401
256 456 402
1 257 401
1 457 401
257 457 402
1 258 401
1 458 401
258 458 402
1 259 401
1 459 401
259 459 402
1 260 401
1 460 401
260 460 402
1 261 401
1 461 401
261 461 402
1 262 401
1 462 401
262 462 402
1 263 401
1 463 401
263 463 402
1 264 401
1 464 401
264 464 402
1 265 401
1 465 401
265 465 402
1 266 401
1 466 401
266 466 402
1 267 401
1 467 401
267 467 402
1 268 401
1 468 401
268 468 402
1 269 401
1 469 401
269 469 402
1 270 401
1 470 401
270 470 402
1 271 401
1 471 401
271 471 402
1 272 401
1 472 401
272 472 402
1 273 401
1 473 401
273 473 402
1 274 401
1 474 401
274 474 402
1 275 401
1 475 401
275 475 402
1 276 401
1 476 401
276 476 402
1 277 401
1 477 401
277 477 402
1 278 401
1 478 401
278 478 402
1 279 401
1 479 401
279 479 402
1 280 401
1 480 401
280 480 402
1 281 401
1 481 401
281 481 402
1 282 401
1 482 401
282 482 402
1 283 401
1 483 401
283 483 402
1 284 401
1 484 401
284 484 402
1 285 401
1 485 401
285 485 402
1 286 401
1 486 401
286 486 402
1 287 401
1 487 401
287 487 402
1 288 401
1 488 401
288 488 402
1 289 401
1 489 401
289 489 402
1 290 401
1 490 401
290 490 402
1 291 401
1 491 401
291 491 402
1 292 401
1 492 401
292 492 402
1 293 401
1 493 401
293 493 402
1 294 401
1 494 401
294 494 402
1 295 401
1 495 401
295 495 402
1 296 401
1 496 401
296 496 402
1 297 401
1 497 401
297 497 402
1 298 401
1 498 401
298 498 402
1 299 401
1 499 401
299 499 402
1 300 401
1 500 401
300 500 402
1 301 401
1 501 401
301 501 402
1 302 401
1 502 401
302 502 402
1 303 401
1 503 401
303 503 402
1 304 401
1 504 401
304 504 402
1 305 401
1 505 401
305 505 402
1 306 401
1 506 401
306 506 402
1 307 401
1 507 401
307 507 402
1 308 401
1 508 401
308 508 402
1 309 401
1 509 401
309 509 402
1 310 401
1 510 401
310 510 402
1 311 401
1 511 401
311 511 402
1 312 401
1 512 401
312 512 402
1 313 401
1 513 401
313 513 402
1 314 401
1 514 401
314 514 402
1 315 401
1 515 401
315 515 402
1 316 401
1 516 401
316 516 402
1 317 401
1 517 401
317 517 402
1 318 401
1 518 401
318 518 402
1 319 401
1 519 401
319 519 402
1 320 401
1 520 401
320 520 402
1 321 401
1 521 401
321 521 402
1 322 401
1 522 401
322 522 402
1 323 401
1 523 401
323 523 402
1 324 401
1 524 401
324 524 402
1 325 401
1 525 401
325 525 402
1 326 401
1 526 401
326 526 402
1 327 401
1 527 401
327 527 402
1 328 401
1 528 401
328 528 402
1 329 401
1 529 401
329 529 402
1 330 401
1 530 401
330 530 402
1 331 401
1 531 401
331 531 402
1 332 401
1 532 401
332 532 402
1 333 401
1 533 401
333 533 402
1 334 401
1 534 401
334 534 402
1 335 401
1 535 401
335 535 402
1 336 401
1 536 401
336 536 402
1 337 401
1 537 401
337 537 402
1 338 401
1 538 401
338 538 402
1 339 401
1 539 401
339 539 402
1 340 401
1 540 401
340 540 402
1 341 401
1 541 401
341 541 402
1 342 401
1 542 401
342 542 402
1 343 401
1 543 401
343 543 402
1 344 401
1 544 401
344 544 402
1 345 401
1 545 401
345 545 402
1 346 401
1 546 401
346 546 402
1 347 401
1 547 401
347 547 402
1 348 401
1 548 401
348 548 402
1 349 401
1 549 401
349 549 402
1 350 401
1 550 401
350 550 402
1 351 401
1 551 401
351 551 402
1 352 401
1 552 401
352 552 402
1 353 401
1 553 401
353 553 402
1 354 401
1 554 401
354 554 402
1 355 401
1 555 401
355 555 402
1 356 401
1 556 401
356 556 402
1 357 401
1 557 401
357 557 402
1 358 401
1 558 401
358 558 402
1 359 401
1 559 401
359 559 402
1 360 401
1 560 401
360 560 402
1 361 401
1 561 401
361 561 402
1 362 401
1 562 401
362 562 402
1 363 401
1 563 401
363 563 402
1 364 401
1 564 401
364 564 402
1 365 401
1 565 401
365 565 402
1 366 401
1 566 401
366 566 402
1 367 401
1 567 401
367 567 402
1 368 401
1 568 401
368 568 402
1 369 401
1 569 401
369 569 402
1 370 401
1 570 401
370 570 402
1 371 401
1 571 401
371 571 402
1 372 401
1 572 401
372 572 402
1 373 401
1 573 401
373 573 402
1 374 401
1 574 401
374 574 402
1 375 401
1 575 401
375 575 402
1 376 401
1 576 401
376 576 402
1 377 401
1 577 401
377 577 402
1 378 401
1 578 401
378 578 402
1 379 401
1 579 401
379 579 402
1 380 401
1 580 401
380 580 402
1 381 401
1 581 401
381 581 402
1 382 401
1 582 401
382 582 402
1 383 401
1 583 401
383 583 402
1 384 401
1 584 401
384 584 402
1 385 401
1 585 401
385 585 402
1 386 401
1 586 401
386 586 402
1 387 401
1 587 401
387 587 402
1 388 401
1 588 401
388 588 402
1 389 401
1 589 401
389 589 402
1 390 401
1 590 401
390 590 402
1 391 401
1 591 401
391 591 402
1 392 401
1 592 401
392 592 402
1 393 401
1 593 401
393 593 402
1 394 401
1 594 401
394 594 402
1 395 401
1 595 401
395 595 402
1 396 401
1 596 401
396 596 402
1 397 401
1 597 401
397 597 402
1 398 401
1 598 401
398 598 402
1 399 401
1 599 401
399 599 402
1 400 401
1 600 401
400 600 402
1 401 401
1 601 401
401 601 402
