601 1000 402
163 370 401
163 496 401
462 105 402
359 456 402
163 39 401
163 461 312
163 266 401
464 279 402
163 175 279
163 580 401
163 217 401
452 587 402
163 101 58
256 325 402
560 382 402
163 248 401
163 375 17
163 408 401
163 424 401
163 219 54
163 421 401
370 43 402
163 160 198
163 59 401
163 271 401
163 44 24
5 146 402
163 288 401
163 132 265
163 136 401
163 316 401
418 589 402
163 514 401
163 99 384
51 178 402
183 529 402
163 2 396
163 339 401
163 341 401
203 193 402
429 154 402
490 95 402
403 303 402
163 467 338
163 140 401
345 324 402
163 583 346
163 1 331
163 329 25
163 498 16
163 80 401
163 29 401
561 271 402
163 282 401
163 464 401
163 379 401
97 330 402
163 551 401
163 127 52
163 452 401
163 55 85
531 320 402
163 437 249
322 571 402
169 81 402
163 5 401
163 315 397
163 43 401
163 360 401
163 225 401
163 323 401
163 503 91
163 334 159
152 367 402
163 566 401
163 337 401
163 106 56
163 212 35
548 48 402
163 430 380
163 414 401
163 275 189
8 590 402
163 472 401
163 407 350
163 94 401
163 335 401
163 13 325
163 512 401
163 148 401
163 299 150
492 535 402
163 274 152
163 532 401
163 398 401
163 513 401
166 148 402
425 501 402
163 589 401
163 173 342
163 489 205
163 497 33
163 568 401
520 266 402
163 558 401
163 144 401
163 429 401
396 585 402
163 172 374
33 225 402
163 319 253
232 468 402
163 265 381
163 353 132
163 100 401
163 89 286
163 209 130
163 159 401
163 121 401
163 539 263
163 166 401
163 450 401
163 170 401
163 458 401
163 569 401
163 478 401
4 292 402
163 488 78
163 154 401
163 564 401
594 294 402
163 517 69
163 489 206
163 267 401
163 243 401
163 418 401
163 470 401
163 235 270
525 593 402
163 386 401
163 457 231
163 96 401
163 151 401
163 164 118
163 252 181
163 268 401
163 74 401
563 427 402
163 504 401
163 311 389
163 251 45
163 459 276
163 31 200
513 500 402
163 449 401
163 35 401
163 200 8
163 209 129
163 499 401
163 318 174
163 416 9
333 310 402
163 262 244
555 84 402
270 227 402
163 375 18
163 326 401
163 245 251
139 180 402
163 395 401
284 512 402
163 500 401
163 392 367
163 232 401
163 218 401
163 82 401
163 45 32
163 269 401
163 104 290
163 153 401
163 281 133
163 228 293
163 577 401
163 415 401
163 502 401
163 315 398
163 201 401
163 275 190
163 363 328
163 547 401
163 440 297
163 423 401
163 26 401
18 194 402
163 494 307
163 438 401
163 117 262
163 1 332
163 171 316
163 521 183
163 91 245
163 224 156
163 58 401
163 112 401
163 404 401
163 193 401
163 175 280
163 173 341
163 79 113
163 250 22
163 485 356
595 118 402
163 401 50
163 340 401
163 160 197
163 422 28
163 73 401
163 436 401
163 582 401
163 182 248
163 468 401
534 568 402
415 216 402
163 454 357
163 138 230
510 357 402
163 50 303
582 188 402
144 339 402
163 463 401
163 567 169
163 72 62
163 359 401
61 326 402
163 410 401
163 67 302
420 133 402
163 219 53
163 361 401
163 42 240
163 191 401
163 198 401
163 505 401
163 107 364
163 332 401
163 441 93
163 312 19
163 34 209
506 207 402
163 538 401
163 2 395
163 572 219
163 400 378
163 105 401
163 261 348
163 529 401
163 461 311
442 189 402
372 153 402
163 562 401
163 102 401
163 384 401
163 177 401
565 337 402
163 596 135
163 389 329
163 573 97
163 427 401
163 369 361
163 9 401
163 168 401
191 14 402
170 283 402
163 554 401
163 79 114
116 426 402
163 422 27
163 511 300
327 242 402
163 317 351
553 591 402
163 89 285
163 570 146
54 268 402
86 381 402
163 65 401
163 125 401
163 586 401
163 524 401
163 230 96
163 385 43
163 352 320
354 88 402
90 253 402
163 545 310
163 172 373
163 480 267
163 244 401
163 544 295
163 400 377
163 492 401
163 190 401
163 220 139
156 397 402
554 202 402
163 477 110
163 234 80
163 27 401
163 10 288
163 443 401
163 345 401
447 536 402
163 302 278
163 303 401
465 158 402
163 33 401
28 29 402
163 439 401
163 314 401
112 580 402
163 373 391
163 318 173
163 142 194
163 300 393
163 156 401
163 460 401
562 38 402
163 484 401
119 316 402
163 98 177
163 64 236
163 186 87
163 179 401
243 526 402
163 284 401
586 358 402
26 341 402
163 373 392
163 229 371
163 127 51
163 565 401
344 577 402
163 364 100
163 145 401
39 313 402
163 465 401
85 495 402
163 235 269
163 200 7
211 463 402
163 383 401
74 140 402
163 111 126
163 367 401
163 372 401
386 161 402
505 509 402
163 141 401
163 68 158
263 537 402
163 457 232
163 392 368
163 24 141
163 520 401
163 355 401
163 22 82
163 356 375
77 524 402
163 327 401
321 264 402
163 491 105
163 157 121
163 334 160
163 498 15
163 402 401
163 12 401
163 581 401
115 129 402
163 239 223
163 374 401
163 240 401
163 328 401
163 187 75
62 27 402
163 252 182
163 343 120
269 131 402
12 201 402
163 101 57
163 526 401
163 329 26
163 305 401
163 419 401
163 508 401
163 131 401
163 519 401
163 13 326
163 363 327
163 530 38
163 302 277
163 128 314
579 286 402
163 143 401
163 109 401
163 309 401
527 305 402
163 50 304
163 17 101
163 515 2
592 458 402
163 491 106
163 46 322
163 207 401
163 576 207
134 443 402
163 224 155
163 570 145
163 325 401
123 82 402
163 162 401
163 278 401
163 531 401
163 387 401
551 450 402
163 30 258
135 432 402
163 536 401
163 214 401
163 254 128
184 361 402
163 576 208
163 67 301
60 73 402
163 206 401
163 63 401
163 40 60
96 460 402
163 204 401
163 78 154
163 197 369
130 411 402
163 560 401
163 146 401
163 4 401
136 431 402
163 289 401
163 467 337
163 182 247
137 7 402
163 516 333
163 237 172
163 180 401
163 362 401
163 497 34
163 84 401
163 231 64
163 542 187
163 17 102
163 601 401
163 199 401
163 574 74
163 149 401
163 22 81
433 597 402
163 178 401
163 549 29
163 516 334
493 384 402
163 42 239
163 459 275
163 264 401
163 313 401
163 587 401
163 509 401
163 474 401
163 522 344
163 358 401
163 272 14
163 161 401
163 122 388
533 307 402
163 308 401
445 267 402
163 549 30
163 236 12
163 118 401
163 578 165
163 274 151
163 469 68
163 188 401
163 7 401
163 346 401
163 279 401
163 307 401
66 566 402
163 479 401
163 401 49
163 11 221
163 365 84
163 430 379
163 382 401
163 319 254
163 111 125
163 32 401
163 342 401
163 583 345
348 564 402
163 292 401
163 454 358
163 93 386
163 552 234
163 371 401
163 72 61
163 250 21
163 407 349
163 212 36
163 351 255
163 455 283
163 129 401
163 365 83
163 553 401
163 23 116
288 177 402
374 168 402
163 515 1
163 595 401
163 99 383
163 91 246
163 25 401
163 69 401
557 472 402
163 600 401
163 286 401
163 185 124
163 343 119
163 391 306
163 196 401
163 304 401
335 113 402
163 104 289
163 95 401
404 448 402
206 25 402
538 417 402
163 139 401
163 389 330
163 556 401
163 62 401
163 486 400
163 537 401
163 238 401
163 83 164
163 273 227
340 100 402
163 344 401
163 133 401
163 591 401
163 221 195
174 556 402
163 116 401
163 445 401
163 147 354
163 251 46
163 544 296
163 442 401
102 550 402
163 563 401
163 385 44
163 543 180
402 196 402
163 276 274
163 126 401
163 324 401
163 530 37
163 3 401
163 417 401
163 255 5
163 550 401
163 338 335
163 350 401
504 360 402
163 559 401
163 213 192
163 579 401
163 66 401
163 511 299
163 249 226
163 19 401
163 222 359
163 239 224
163 301 202
163 588 237
163 8 401
163 599 340
163 352 319
601 296 402
163 93 385
75 453 402
163 260 401
163 249 225
47 600 402
163 68 157
163 124 401
496 355 402
217 103 402
163 113 401
163 270 401
371 428 402
163 174 401
163 142 193
163 406 401
163 490 401
163 475 401
240 218 402
163 210 48
248 439 402
163 517 70
163 494 308
94 58 402
163 107 363
163 115 401
163 283 401
163 599 339
347 57 402
163 169 401
76 260 402
163 399 401
163 578 166
368 125 402
163 117 261
163 222 360
163 444 401
163 572 220
9 290 402
289 278 402
163 71 401
163 30 257
424 436 402
204 52 402
163 36 66
163 295 401
163 506 401
163 510 401
163 333 401
163 233 271
163 119 401
378 223 402
163 220 140
163 495 401
163 90 401
163 211 401
163 575 401
65 277 402
163 485 355
163 507 401
163 44 23
163 393 401
163 356 376
163 431 401
259 109 402
163 255 6
163 451 401
163 433 401
258 70 402
163 158 401
163 88 401
163 152 401
163 598 401
163 155 401
163 40 59
466 92 402
163 351 256
21 247 402
163 57 401
163 64 235
409 487 402
163 306 72
163 574 73
287 446 402
150 32 402
163 259 401
280 69 402
163 403 401
163 257 365
163 215 291
470 547 402
163 540 401
163 310 401
141 298 402
163 571 401
163 432 401
163 437 250
163 192 401
163 446 401
63 423 402
145 350 402
163 523 215
408 388 402
163 16 401
163 122 387
159 349 402
163 10 287
163 210 47
163 52 401
546 149 402
163 60 401
35 238 402
163 397 401
163 54 401
163 377 143
163 187 76
163 203 401
163 48 401
163 388 401
163 523 216
163 228 294
163 588 238
163 585 401
471 532 402
328 3 402
163 176 4
163 368 401
163 377 144
163 428 401
163 70 401
163 53 218
163 312 20
390 406 402
163 487 401
163 533 401
399 421 402
383 479 402
163 546 401
163 471 401
163 78 153
163 6 282
449 475 402
163 462 401
163 573 98
241 435 402
59 569 402
163 236 11
163 317 352
163 261 347
163 336 401
15 192 402
163 416 10
244 438 402
163 11 222
163 548 401
163 535 401
163 483 167
163 297 401
163 331 112
163 567 170
163 38 401
16 162 402
304 19 402
163 245 252
163 226 137
163 291 260
163 130 401
163 165 401
163 518 104
163 477 109
451 114 402
163 53 217
163 331 111
163 205 214
163 455 284
163 440 298
163 330 401
163 354 401
163 413 89
163 83 163
163 469 67
163 185 123
163 114 401
163 349 401
163 380 401
163 320 401
163 272 13
163 522 343
163 539 264
163 92 401
163 482 401
163 108 401
163 36 65
163 542 188
163 147 353
481 444 402
181 155 402
163 473 241
163 76 401
163 49 186
163 493 401
502 598 402
163 81 401
163 486 399
163 15 401
163 534 401
163 480 268
163 56 203
163 20 401
163 338 336
414 410 402
163 176 3
163 321 401
163 528 401
478 499 402
163 229 372
163 369 362
163 120 148
163 597 401
163 364 99
584 393 402
163 51 401
163 56 204
163 34 210
163 301 201
163 234 79
163 273 228
163 197 370
163 18 401
163 405 161
309 379 402
163 299 149
163 311 390
163 164 117
163 381 401
163 47 401
163 453 401
163 215 292
323 362 402
163 426 401
163 110 401
163 253 401
163 226 138
163 501 401
163 448 401
163 46 321
163 293 401
163 85 401
163 128 313
558 342 402
163 366 401
163 123 401
163 230 95
163 592 401
163 150 401
508 434 402
163 241 401
163 390 401
163 476 318
163 525 401
163 441 94
366 514 402
163 262 243
163 456 401
519 528 402
108 559 402
163 593 401
163 183 401
163 552 233
163 596 136
163 584 401
163 555 401
163 447 401
163 247 401
163 435 401
163 594 401
163 167 108
163 561 401
163 545 309
163 412 41
163 41 323
163 186 88
163 280 401
143 474 402
163 138 229
163 348 401
163 434 401
163 21 401
163 86 401
163 322 401
163 290 401
163 171 315
163 23 115
394 581 402
163 75 401
163 135 401
163 237 171
163 157 122
163 483 168
163 194 401
163 287 401
163 208 401
163 134 401
387 151 402
199 295 402
163 376 39
163 216 401
163 277 401
163 246 401
163 412 42
163 233 272
163 347 401
163 541 176
163 195 401
163 77 401
163 405 162
163 265 382
163 97 401
163 28 401
163 300 394
163 137 401
163 184 401
163 285 212
163 256 401
163 263 401
346 540 402
80 124 402
163 120 147
163 205 213
163 488 77
163 306 71
121 246 402
163 41 324
163 394 401
163 106 55
163 518 103
163 357 401
380 190 402
163 223 401
179 395 402
163 242 401
163 298 401
163 353 131
163 98 178
163 413 90
163 231 63
163 103 401
163 227 401
163 391 305
20 198 402
87 482 402
163 466 401
314 484 402
163 254 127
163 285 211
575 336 402
163 521 184
308 398 402
163 291 259
163 476 317
163 541 175
163 181 401
37 195 402
163 396 401
163 49 185
126 165 402
163 258 401
163 31 199
163 24 142
163 425 401
163 257 366
163 213 191
163 481 401
110 419 402
163 167 107
163 37 401
163 294 401
163 503 92
163 281 134
163 14 401
163 378 401
163 55 86
163 473 242
163 590 401
163 132 266
163 45 31
163 61 401
163 557 401
163 543 179
332 71 402
282 214 402
163 376 40
163 276 273
163 221 196
163 296 401
163 411 401
163 87 401
163 420 401
208 297 402
163 202 401
293 507 402
163 409 401
163 527 401
163 6 281
163 189 401
