500 998 500
312 480 499
312 4 182
312 280 130
312 274 270
312 104 234
312 355 366
312 279 111
312 3 499
312 264 499
312 225 499
312 361 125
312 126 499
312 376 46
312 402 112
312 474 499
312 263 499
312 298 499
312 383 499
312 385 499
312 62 499
312 21 499
312 349 499
312 349 395
312 136 499
312 216 499
312 363 499
312 123 173
312 272 337
312 408 499
312 291 499
312 410 127
312 232 499
312 103 291
312 126 33
312 362 499
312 420 499
312 209 200
312 410 499
312 473 499
312 262 499
312 191 353
312 266 499
312 144 13
312 444 1
312 283 499
312 247 499
312 467 499
312 224 87
312 17 499
312 6 499
312 178 499
312 201 406
312 413 120
312 139 499
312 128 499
312 180 64
312 228 499
312 296 47
312 316 499
312 377 115
312 401 425
312 318 213
312 18 499
312 247 185
312 3 103
312 314 183
312 47 220
312 191 499
312 177 12
312 94 499
312 116 178
312 462 499
312 135 499
312 338 424
312 334 499
312 238 499
312 320 499
312 488 249
312 5 49
312 234 499
312 399 405
312 446 169
312 404 475
312 394 499
312 217 134
312 290 142
312 355 499
312 110 22
312 141 499
312 28 30
312 363 21
312 447 499
312 142 26
312 69 499
312 353 499
312 31 499
312 59 104
312 275 121
312 334 42
312 415 354
312 456 499
312 287 499
312 150 499
312 413 499
312 267 499
312 169 275
312 60 499
312 56 499
312 198 311
312 98 499
312 427 499
312 70 7
312 159 499
312 20 92
312 45 340
312 52 499
312 317 108
312 266 358
312 214 78
312 325 295
312 294 499
312 465 205
312 73 491
312 4 499
312 461 499
312 189 499
312 265 454
312 299 499
312 190 499
312 351 499
312 252 499
312 341 474
312 148 499
312 93 302
312 85 57
312 453 499
312 117 299
312 393 499
312 220 499
312 121 499
312 472 287
312 11 499
312 260 499
312 319 499
312 439 284
312 326 499
312 258 499
312 252 251
312 106 499
312 79 499
312 99 123
312 487 499
312 169 499
312 253 499
312 284 481
312 113 396
312 138 499
312 76 499
312 360 222
312 299 210
312 497 4
312 97 499
312 282 499
312 268 250
312 193 390
312 326 323
312 12 499
312 440 499
312 409 3
312 154 58
312 186 499
312 133 499
312 437 499
312 310 113
312 33 499
312 287 450
312 455 499
312 293 499
312 388 499
312 483 499
312 499 52
312 466 499
312 435 135
312 456 36
312 44 499
312 278 499
312 194 318
312 233 177
312 335 208
312 389 89
312 179 407
312 465 499
312 400 393
312 395 297
312 232 286
312 445 499
312 49 421
312 342 499
312 200 322
312 431 499
312 12 66
312 481 499
312 231 499
312 76 437
312 37 499
312 434 53
312 111 427
312 269 167
312 442 499
312 291 316
312 307 499
312 144 499
312 35 159
312 148 244
312 174 486
312 485 155
312 211 499
312 281 225
312 264 255
312 409 499
312 153 499
312 202 459
312 193 499
312 2 56
312 133 467
312 459 499
312 92 325
312 369 499
312 436 499
312 402 499
312 95 499
312 118 239
312 333 499
312 438 499
312 364 499
312 195 148
312 171 2
312 350 499
312 218 440
312 397 499
312 257 180
312 477 110
312 360 499
312 306 499
312 373 184
312 270 195
312 58 499
312 91 144
312 220 414
312 236 499
312 230 499
312 439 499
312 305 465
312 217 499
312 102 499
312 383 254
312 129 243
312 137 328
312 227 411
312 361 499
312 63 61
312 55 497
312 13 17
312 80 499
312 404 499
312 194 499
312 461 86
312 46 422
312 455 386
312 155 416
312 63 499
312 61 342
312 164 98
312 187 499
312 43 499
312 275 499
312 2 499
312 57 224
312 40 258
312 341 499
312 40 499
312 429 181
312 199 499
312 227 499
312 64 156
312 67 347
312 125 499
312 453 431
312 268 499
312 156 321
312 17 348
312 20 499
312 68 219
312 329 69
312 75 499
312 417 499
312 122 418
312 53 262
312 61 499
312 311 192
312 107 50
312 315 499
312 33 236
312 79 212
312 300 25
312 218 499
312 462 114
312 164 499
312 240 499
312 323 499
312 379 499
312 344 499
312 105 499
312 115 448
312 451 214
312 137 499
312 420 164
312 30 158
312 467 476
312 477 499
312 99 499
312 23 499
312 199 351
312 182 499
312 454 499
312 212 499
312 303 499
312 72 499
312 97 329
312 330 499
312 130 499
312 476 242
312 131 499
312 493 196
312 112 172
312 310 499
312 173 294
312 324 14
312 303 363
312 42 499
312 128 252
312 161 493
312 151 499
312 471 499
312 446 499
312 478 106
312 315 73
312 421 499
312 338 499
312 103 499
312 333 186
312 254 361
312 300 499
312 229 434
312 438 447
312 400 499
312 83 499
312 78 499
312 24 499
312 222 499
312 173 499
312 143 96
312 469 473
312 457 499
312 201 499
312 337 359
312 13 499
312 336 334
312 22 499
312 256 499
312 386 451
312 89 499
312 236 338
312 49 499
312 419 499
312 427 273
312 188 499
312 486 499
312 11 320
312 213 95
312 228 237
312 490 330
312 265 499
312 378 499
312 434 499
312 406 499
312 65 32
312 52 160
312 352 499
312 395 499
312 32 367
312 492 119
312 51 499
312 225 490
312 34 379
312 295 499
312 96 499
312 75 387
312 385 495
312 197 141
312 482 499
312 399 499
312 320 146
312 81 381
312 219 499
312 139 394
312 66 499
312 51 310
312 426 499
312 174 499
312 224 499
312 172 27
312 47 499
312 179 499
312 405 499
312 163 380
312 162 499
312 381 485
312 354 401
312 74 499
312 375 499
312 118 499
312 158 499
312 161 499
312 82 499
312 84 469
312 464 499
312 490 499
312 141 145
312 207 499
312 285 54
312 1 388
312 376 499
312 231 126
312 235 499
312 192 499
312 119 499
312 7 72
312 297 149
312 278 168
312 7 499
312 484 499
312 206 157
312 182 268
312 100 499
312 88 499
312 110 499
312 39 81
312 241 499
312 90 484
312 365 499
312 329 499
312 495 499
312 140 482
312 474 371
312 496 151
312 407 438
312 293 313
312 83 191
312 140 499
312 359 499
312 89 193
312 358 499
312 124 453
312 304 223
312 418 345
312 66 28
312 314 499
312 208 499
312 316 131
312 295 170
312 441 16
312 377 499
312 284 499
312 185 397
312 406 277
312 205 499
312 242 499
312 249 499
312 156 499
312 132 15
312 279 499
312 440 198
312 145 499
312 389 499
312 82 10
312 494 118
312 119 446
312 22 298
312 339 471
312 257 499
312 354 499
312 359 276
312 86 444
312 160 499
312 60 194
312 70 499
312 183 499
312 307 68
312 424 18
312 318 499
312 250 499
312 149 261
312 294 269
312 19 499
312 286 499
312 313 307
312 428 499
312 165 499
312 382 499
312 253 498
312 384 499
147 444 499
312 479 499
312 288 221
312 114 90
312 368 211
312 332 346
312 391 306
312 346 80
312 488 499
312 428 408
312 200 499
312 328 5
312 331 109
312 374 147
312 14 499
312 489 499
312 181 94
312 370 499
312 457 133
312 215 499
312 146 456
312 56 230
312 25 499
312 213 499
312 470 455
312 226 499
312 481 378
312 403 282
312 106 19
312 271 260
312 482 38
312 170 364
312 472 499
312 430 499
312 398 499
312 223 139
312 479 445
312 160 333
312 297 499
312 445 59
312 369 324
312 422 499
312 444 499
312 271 499
312 151 430
312 437 402
312 54 499
312 214 499
312 202 499
312 276 79
312 358 65
312 407 499
312 433 499
312 115 499
312 162 63
312 386 499
312 419 460
312 330 300
147 444 500
312 37 75
312 134 499
312 449 341
312 204 499
312 212 461
312 108 499
312 176 389
312 367 248
312 241 102
312 484 105
312 394 377
312 403 499
312 176 499
312 117 499
312 273 253
312 127 499
312 152 443
312 109 499
312 468 417
312 277 206
312 459 24
312 36 187
312 289 499
312 21 435
312 210 271
312 8 117
312 364 357
312 77 499
312 449 499
312 464 31
312 498 466
312 18 382
312 380 499
312 365 246
312 352 162
312 10 499
312 69 35
312 136 136
312 71 101
312 26 499
312 371 332
312 414 499
312 167 499
312 132 499
312 198 499
312 175 499
312 480 215
312 489 362
312 345 441
312 90 499
312 267 479
312 165 138
312 283 226
312 272 499
312 328 499
312 384 285
312 112 499
312 429 499
312 254 499
312 59 499
312 411 499
312 281 499
312 304 499
312 371 499
312 421 314
312 500 499
312 452 412
312 417 6
312 292 45
312 245 433
312 207 436
312 451 499
312 245 499
312 441 499
312 248 499
312 263 355
312 431 235
312 246 499
312 332 499
312 448 499
312 178 124
312 469 499
312 494 499
312 50 238
312 340 499
312 412 499
312 62 188
312 23 383
312 130 327
312 1 499
312 471 288
312 146 499
312 276 499
312 221 499
312 458 132
312 230 439
312 424 499
312 157 143
312 473 216
312 85 499
312 10 107
312 500 140
312 324 499
312 172 499
312 343 499
312 8 499
312 163 499
312 127 264
312 154 499
312 321 71
312 343 303
312 305 499
312 317 499
312 362 468
312 270 499
312 470 499
312 34 499
312 492 499
312 30 499
312 6 413
312 412 426
312 373 499
312 350 179
312 450 499
312 91 499
312 145 93
312 296 499
312 25 429
312 243 499
312 78 339
312 240 267
312 435 499
312 495 457
312 248 376
312 196 499
312 356 499
312 45 499
312 443 499
312 129 499
312 239 499
312 216 91
312 351 463
312 348 499
312 370 392
312 233 499
312 196 245
312 418 499
312 9 499
312 274 499
312 185 499
312 458 499
312 309 499
312 308 228
312 302 499
312 135 229
312 405 315
312 325 499
312 50 499
312 131 161
312 450 290
312 57 499
312 414 494
312 347 499
312 269 499
312 32 499
312 331 499
312 398 29
312 189 309
312 476 499
312 308 499
312 319 478
312 120 499
312 255 403
312 448 84
312 16 263
312 378 280
312 366 499
312 39 499
312 432 274
312 55 499
312 206 499
312 120 227
312 382 370
312 432 499
312 204 217
312 111 499
312 340 415
312 143 499
312 498 499
312 71 499
312 306 404
312 447 189
312 353 344
312 348 489
312 101 499
312 483 74
312 460 232
312 209 499
312 27 492
312 153 399
312 121 368
312 244 499
312 124 499
312 108 9
312 211 256
312 94 257
312 166 343
312 109 335
312 381 499
312 372 292
312 26 477
312 237 499
312 259 499
312 493 499
312 93 499
312 280 499
312 397 464
312 390 259
312 123 499
312 372 499
312 335 499
312 246 352
312 285 499
312 235 331
312 387 293
312 14 153
312 491 428
312 357 499
312 181 499
312 463 88
312 43 48
312 87 499
312 168 349
312 379 100
312 408 356
312 357 11
312 346 499
312 302 372
312 425 499
312 251 40
312 195 499
312 250 410
312 497 499
312 298 197
312 380 23
312 65 499
312 186 204
312 475 499
312 98 128
312 309 152
312 251 499
312 390 499
312 321 499
312 374 499
312 15 499
312 442 326
312 183 150
312 192 470
312 149 499
312 327 499
312 288 499
312 184 296
312 222 384
312 177 499
312 425 116
312 166 499
312 125 70
312 244 82
312 188 423
312 114 499
312 223 499
312 282 43
312 260 207
312 96 34
312 203 499
312 95 480
312 205 304
312 259 85
312 416 67
312 113 499
312 392 432
312 38 499
312 58 305
312 88 51
312 454 369
312 322 190
312 393 317
312 16 499
312 301 391
312 74 350
312 122 499
312 289 77
312 138 458
312 28 499
312 150 209
312 391 499
312 323 202
312 24 442
312 54 171
312 159 165
312 155 499
312 430 129
312 396 420
312 84 499
312 415 499
312 262 373
312 387 499
312 356 488
312 242 97
312 239 496
312 87 449
312 433 99
312 466 312
312 81 499
312 261 360
312 411 375
312 375 137
312 258 385
312 368 499
312 116 499
312 327 163
312 237 241
312 422 289
312 255 499
312 73 499
312 77 62
312 48 365
312 36 499
312 468 499
312 238 462
312 347 278
312 478 499
312 322 499
312 423 247
312 107 499
312 170 499
312 249 60
312 53 499
312 234 83
312 256 199
312 31 122
312 175 240
312 134 308
312 142 499
312 190 20
312 104 499
312 157 499
312 452 499
312 219 41
312 499 499
312 42 154
312 339 499
312 197 499
312 9 203
312 19 374
312 366 319
312 367 499
312 101 419
312 426 55
312 475 76
312 345 499
312 86 499
312 487 176
312 208 301
312 5 499
312 203 8
312 210 499
312 301 499
312 491 499
312 388 409
312 105 218
312 72 336
312 313 499
312 416 499
312 68 499
312 229 499
312 221 281
312 48 499
312 92 499
312 344 265
312 67 499
312 44 400
312 35 499
312 46 499
312 277 499
312 311 499
312 290 499
312 292 499
312 187 166
312 180 499
312 337 499
312 38 233
312 158 283
312 41 39
312 167 279
312 401 499
312 396 499
312 100 37
312 336 499
312 27 499
312 184 499
312 436 44
312 460 499
312 286 472
312 392 499
312 168 499
312 496 499
312 64 499
312 273 499
312 463 499
312 152 499
312 102 487
312 226 174
312 215 398
312 29 175
312 41 499
312 443 483
312 423 499
312 15 231
312 342 452
312 29 499
312 486 272
312 261 499
312 485 499
312 243 201
312 80 266
312 171 499
