3 999 1000
1 2 277
1 2 472
1 2 156
1 2 334
1 2 510
1 2 215
1 2 503
1 2 928
1 2 958
1 2 466
1 2 992
1 2 168
1 2 988
1 2 75
1 2 109
1 2 516
1 2 456
1 2 638
1 2 786
1 2 5
1 2 950
1 2 12
1 2 595
1 2 236
1 2 265
1 2 617
1 2 666
1 2 59
1 2 26
1 2 642
1 2 880
1 2 620
1 2 813
1 2 136
1 2 119
1 2 994
1 2 143
1 2 794
1 2 252
1 2 764
1 2 55
1 2 404
1 2 399
1 2 817
1 2 697
1 2 560
1 2 428
1 2 985
1 2 380
1 2 524
1 2 686
1 2 576
1 2 636
1 2 420
1 2 538
1 2 212
1 2 111
1 2 711
1 2 374
1 2 463
1 2 335
1 2 818
1 2 53
1 2 318
1 2 684
1 2 343
1 2 223
1 2 207
1 2 870
1 2 567
1 2 801
1 2 748
1 2 395
1 2 218
1 2 756
1 2 981
1 2 531
1 2 9
1 2 543
1 2 811
1 2 869
1 2 195
1 2 769
1 2 154
1 2 742
1 2 673
1 2 643
1 2 780
1 2 534
1 2 932
1 2 709
1 2 570
1 2 488
1 2 957
1 2 833
1 2 53
1 2 184
1 2 409
1 2 157
1 2 371
1 2 900
1 2 4
1 2 370
1 2 339
1 2 543
1 2 966
1 2 290
1 2 567
1 2 472
1 2 373
1 2 216
1 2 28
1 2 243
1 2 586
1 2 136
1 2 789
1 2 399
1 2 685
1 2 307
1 2 959
1 2 101
1 2 490
1 2 730
1 2 552
1 2 551
1 2 339
1 2 919
1 2 859
1 2 594
1 2 847
1 2 304
1 2 925
1 2 664
1 2 674
1 2 739
1 2 574
1 2 425
1 2 27
1 2 146
1 2 49
1 2 719
1 2 274
1 2 620
1 2 280
1 2 966
1 2 63
1 2 435
1 2 945
1 2 708
1 2 867
1 2 110
1 2 926
1 2 484
1 2 649
1 2 447
1 2 497
1 2 65
1 2 650
1 2 989
1 2 640
1 2 190
1 2 844
1 2 967
1 2 745
1 2 592
1 2 294
1 2 821
1 2 714
1 2 466
1 2 809
1 2 425
1 2 733
1 2 834
1 2 547
1 2 966
1 2 592
1 2 653
1 2 265
1 2 271
1 2 657
1 2 87
1 2 645
1 2 152
1 2 180
1 2 582
1 2 522
1 2 756
1 2 77
1 2 700
1 2 612
1 2 712
1 2 225
1 2 970
1 2 391
1 2 914
1 2 872
1 2 954
1 2 38
1 2 378
1 2 273
1 2 976
1 2 229
1 2 52
1 2 238
1 2 101
1 2 632
1 2 390
1 2 975
1 2 50
1 2 42
1 2 166
1 2 956
1 2 810
1 2 840
1 2 565
1 2 539
1 2 761
1 2 390
1 2 635
1 2 553
1 2 825
1 2 665
1 2 113
1 2 142
1 2 133
1 2 925
1 2 534
1 2 568
1 2 978
1 2 718
1 2 620
1 2 682
1 2 872
1 2 930
1 2 580
1 2 69
1 2 227
1 2 935
1 2 861
1 2 52
1 2 102
1 2 630
1 2 274
1 2 760
1 2 897
1 2 743
1 2 50
1 2 897
1 2 891
1 2 624
1 2 186
1 2 748
1 2 331
1 2 18
1 2 611
1 2 83
1 2 271
1 2 62
1 2 943
1 2 286
1 2 292
1 2 182
1 2 903
1 2 983
1 2 809
1 2 737
1 2 390
1 2 355
1 2 450
1 2 282
1 2 314
1 2 899
1 2 994
1 2 191
1 2 496
1 2 405
1 2 17
1 2 409
1 2 80
1 2 190
1 2 702
1 2 789
1 2 964
1 2 972
1 2 773
1 2 345
1 2 38
1 2 251
1 2 267
1 2 966
1 2 351
1 2 552
1 2 504
1 2 915
1 2 302
1 2 503
1 2 562
1 2 597
1 2 179
1 2 839
1 2 338
1 2 510
1 2 859
1 2 257
1 2 328
1 2 702
1 2 600
1 2 578
1 2 672
1 2 147
1 2 894
1 2 37
1 2 842
1 2 721
1 2 723
1 2 399
1 2 524
1 2 539
1 2 418
1 2 24
1 2 509
1 2 459
1 2 458
1 2 109
1 2 579
1 2 438
1 2 673
1 2 42
1 2 597
1 2 156
1 2 343
1 2 902
1 2 406
2 3 1
2 3 1
2 3 1
2 3 1
2 3 1
2 3 1
2 3 1
2 3 1
2 3 1
2 3 1
2 3 1
2 3 1
2 3 1
2 3 1
2 3 1
2 3 1
2 3 1
2 3 1
2 3 1
2 3 1
2 3 1
2 3 1
2 3 1
2 3 1
2 3 1
2 3 1
2 3 1
2 3 1
2 3 1
2 3 1
2 3 1
2 3 1
2 3 1
2 3 1
2 3 1
2 3 1
2 3 1
2 3 1
2 3 1
2 3 1
2 3 1
2 3 1
2 3 1
2 3 1
2 3 1
2 3 1
2 3 1
2 3 1
2 3 1
2 3 1
2 3 1
2 3 1
2 3 1
2 3 1
2 3 1
2 3 1
2 3 1
2 3 1
2 3 1
2 3 1
2 3 1
2 3 1
2 3 1
2 3 1
2 3 1
2 3 1
2 3 1
2 3 1
2 3 1
2 3 1
2 3 1
2 3 1
2 3 1
2 3 1
2 3 1
2 3 1
2 3 1
2 3 1
2 3 1
2 3 1
2 3 1
2 3 1
2 3 1
2 3 1
2 3 1
2 3 1
2 3 1
2 3 1
2 3 1
2 3 1
2 3 1
2 3 1
2 3 1
2 3 1
2 3 1
2 3 1
2 3 1
2 3 1
2 3 1
2 3 1
2 3 1
2 3 1
2 3 1
2 3 1
2 3 1
2 3 1
2 3 1
2 3 1
2 3 1
2 3 1
2 3 1
2 3 1
2 3 1
2 3 1
2 3 1
2 3 1
2 3 1
2 3 1
2 3 1
2 3 1
2 3 1
2 3 1
2 3 1
2 3 1
2 3 1
2 3 1
2 3 1
2 3 1
2 3 1
2 3 1
2 3 1
2 3 1
2 3 1
2 3 1
2 3 1
2 3 1
2 3 1
2 3 1
2 3 1
2 3 1
2 3 1
2 3 1
2 3 1
2 3 1
2 3 1
2 3 1
2 3 1
2 3 1
2 3 1
2 3 1
2 3 1
2 3 1
2 3 1
2 3 1
2 3 1
2 3 1
2 3 1
2 3 1
2 3 1
2 3 1
2 3 1
2 3 1
2 3 1
2 3 1
2 3 1
2 3 1
2 3 1
2 3 1
2 3 1
2 3 1
2 3 1
2 3 1
2 3 1
2 3 1
2 3 1
2 3 1
2 3 1
2 3 1
2 3 1
2 3 1
2 3 1
2 3 1
2 3 1
2 3 1
2 3 1
2 3 1
2 3 1
2 3 1
2 3 1
2 3 1
2 3 1
2 3 1
2 3 1
2 3 1
2 3 1
2 3 1
2 3 1
2 3 1
2 3 1
2 3 1
2 3 1
2 3 1
2 3 1
2 3 1
2 3 1
2 3 1
2 3 1
2 3 1
2 3 1
2 3 1
2 3 1
2 3 1
2 3 1
2 3 1
2 3 1
2 3 1
2 3 1
2 3 1
2 3 1
2 3 1
2 3 1
2 3 1
2 3 1
2 3 1
2 3 1
2 3 1
2 3 1
2 3 1
2 3 1
2 3 1
2 3 1
2 3 1
2 3 1
2 3 1
2 3 1
2 3 1
2 3 1
2 3 1
2 3 1
2 3 1
2 3 1
2 3 1
2 3 1
2 3 1
2 3 1
2 3 1
2 3 1
2 3 1
2 3 1
2 3 1
2 3 1
2 3 1
2 3 1
2 3 1
2 3 1
2 3 1
2 3 1
2 3 1
2 3 1
2 3 1
2 3 1
2 3 1
2 3 1
2 3 1
2 3 1
2 3 1
2 3 1
2 3 1
2 3 1
2 3 1
2 3 1
2 3 1
2 3 1
2 3 1
2 3 1
2 3 1
2 3 1
2 3 1
2 3 1
2 3 1
2 3 1
2 3 1
2 3 1
2 3 1
2 3 1
2 3 1
2 3 1
2 3 1
2 3 1
2 3 1
2 3 1
2 3 1
2 3 1
2 3 1
2 3 1
2 3 1
2 3 1
2 3 1
2 3 1
2 3 1
2 3 1
2 3 1
2 3 1
2 3 1
2 3 1
2 3 1
2 3 1
2 3 1
2 3 1
2 3 1
2 3 1
2 3 1
2 3 1
2 3 1
2 3 1
2 3 1
2 3 1
2 3 1
2 3 1
2 3 1
2 3 1
2 3 1
2 3 1
2 3 1
2 3 1
2 3 1
2 3 1
2 3 1
2 3 1
2 3 1
2 3 1
2 3 1
2 3 1
3 1 2
3 1 2
3 1 2
3 1 2
3 1 2
3 1 2
3 1 2
3 1 2
3 1 2
3 1 2
3 1 2
3 1 2
3 1 2
3 1 2
3 1 2
3 1 2
3 1 2
3 1 2
3 1 2
3 1 2
3 1 2
3 1 2
3 1 2
3 1 2
3 1 2
3 1 2
3 1 2
3 1 2
3 1 2
3 1 2
3 1 2
3 1 2
3 1 2
3 1 2
3 1 2
3 1 2
3 1 2
3 1 2
3 1 2
3 1 2
3 1 2
3 1 2
3 1 2
3 1 2
3 1 2
3 1 2
3 1 2
3 1 2
3 1 2
3 1 2
3 1 2
3 1 2
3 1 2
3 1 2
3 1 2
3 1 2
3 1 2
3 1 2
3 1 2
3 1 2
3 1 2
3 1 2
3 1 2
3 1 2
3 1 2
3 1 2
3 1 2
3 1 2
3 1 2
3 1 2
3 1 2
3 1 2
3 1 2
3 1 2
3 1 2
3 1 2
3 1 2
3 1 2
3 1 2
3 1 2
3 1 2
3 1 2
3 1 2
3 1 2
3 1 2
3 1 2
3 1 2
3 1 2
3 1 2
3 1 2
3 1 2
3 1 2
3 1 2
3 1 2
3 1 2
3 1 2
3 1 2
3 1 2
3 1 2
3 1 2
3 1 2
3 1 2
3 1 2
3 1 2
3 1 2
3 1 2
3 1 2
3 1 2
3 1 2
3 1 2
3 1 2
3 1 2
3 1 2
3 1 2
3 1 2
3 1 2
3 1 2
3 1 2
3 1 2
3 1 2
3 1 2
3 1 2
3 1 2
3 1 2
3 1 2
3 1 2
3 1 2
3 1 2
3 1 2
3 1 2
3 1 2
3 1 2
3 1 2
3 1 2
3 1 2
3 1 2
3 1 2
3 1 2
3 1 2
3 1 2
3 1 2
3 1 2
3 1 2
3 1 2
3 1 2
3 1 2
3 1 2
3 1 2
3 1 2
3 1 2
3 1 2
3 1 2
3 1 2
3 1 2
3 1 2
3 1 2
3 1 2
3 1 2
3 1 2
3 1 2
3 1 2
3 1 2
3 1 2
3 1 2
3 1 2
3 1 2
3 1 2
3 1 2
3 1 2
3 1 2
3 1 2
3 1 2
3 1 2
3 1 2
3 1 2
3 1 2
3 1 2
3 1 2
3 1 2
3 1 2
3 1 2
3 1 2
3 1 2
3 1 2
3 1 2
3 1 2
3 1 2
3 1 2
3 1 2
3 1 2
3 1 2
3 1 2
3 1 2
3 1 2
3 1 2
3 1 2
3 1 2
3 1 2
3 1 2
3 1 2
3 1 2
3 1 2
3 1 2
3 1 2
3 1 2
3 1 2
3 1 2
3 1 2
3 1 2
3 1 2
3 1 2
3 1 2
3 1 2
3 1 2
3 1 2
3 1 2
3 1 2
3 1 2
3 1 2
3 1 2
3 1 2
3 1 2
3 1 2
3 1 2
3 1 2
3 1 2
3 1 2
3 1 2
3 1 2
3 1 2
3 1 2
3 1 2
3 1 2
3 1 2
3 1 2
3 1 2
3 1 2
3 1 2
3 1 2
3 1 2
3 1 2
3 1 2
3 1 2
3 1 2
3 1 2
3 1 2
3 1 2
3 1 2
3 1 2
3 1 2
3 1 2
3 1 2
3 1 2
3 1 2
3 1 2
3 1 2
3 1 2
3 1 2
3 1 2
3 1 2
3 1 2
3 1 2
3 1 2
3 1 2
3 1 2
3 1 2
3 1 2
3 1 2
3 1 2
3 1 2
3 1 2
3 1 2
3 1 2
3 1 2
3 1 2
3 1 2
3 1 2
3 1 2
3 1 2
3 1 2
3 1 2
3 1 2
3 1 2
3 1 2
3 1 2
3 1 2
3 1 2
3 1 2
3 1 2
3 1 2
3 1 2
3 1 2
3 1 2
3 1 2
3 1 2
3 1 2
3 1 2
3 1 2
3 1 2
3 1 2
3 1 2
3 1 2
3 1 2
3 1 2
3 1 2
3 1 2
3 1 2
3 1 2
3 1 2
3 1 2
3 1 2
3 1 2
3 1 2
3 1 2
3 1 2
3 1 2
3 1 2
3 1 2
3 1 2
3 1 2
3 1 2
3 1 2
3 1 2
3 1 2
3 1 2
3 1 2
3 1 2
3 1 2
3 1 2
3 1 2
3 1 2
3 1 2
3 1 2
