3 999 1000
1 3 933
1 3 672
1 3 688
3 2 1
2 1 2
1 3 585
2 1 2
1 3 874
2 1 2
3 2 1
3 2 1
3 2 1
2 1 2
2 1 2
3 2 1
2 1 2
3 2 1
3 2 1
2 1 2
1 3 420
3 2 1
3 2 1
1 3 126
3 2 1
1 3 158
3 2 1
3 2 1
3 2 1
3 2 1
3 2 1
1 3 844
1 3 776
3 2 1
2 1 2
1 3 950
2 1 2
1 3 785
1 3 762
2 1 2
3 2 1
2 1 2
1 3 414
3 2 1
2 1 2
1 3 689
1 3 761
2 1 2
1 3 967
1 3 155
1 3 839
1 3 955
3 2 1
2 1 2
3 2 1
3 2 1
3 2 1
2 1 2
1 3 234
2 1 2
3 2 1
3 2 1
1 3 330
3 2 1
1 3 355
1 3 586
1 3 787
3 2 1
1 3 150
2 1 2
2 1 2
3 2 1
3 2 1
3 2 1
2 1 2
3 2 1
1 3 246
2 1 2
3 2 1
2 1 2
2 1 2
3 2 1
3 2 1
2 1 2
3 2 1
1 3 167
2 1 2
3 2 1
1 3 72
2 1 2
3 2 1
3 2 1
3 2 1
2 1 2
1 3 380
1 3 924
3 2 1
3 2 1
2 1 2
3 2 1
1 3 29
1 3 619
2 1 2
3 2 1
2 1 2
1 3 360
1 3 412
2 1 2
2 1 2
1 3 362
3 2 1
1 3 521
1 3 202
2 1 2
3 2 1
2 1 2
1 3 279
2 1 2
3 2 1
2 1 2
3 2 1
2 1 2
2 1 2
3 2 1
2 1 2
3 2 1
1 3 351
1 3 798
1 3 761
1 3 976
2 1 2
2 1 2
2 1 2
3 2 1
2 1 2
3 2 1
2 1 2
2 1 2
3 2 1
2 1 2
2 1 2
1 3 737
2 1 2
1 3 494
1 3 205
2 1 2
1 3 834
3 2 1
3 2 1
2 1 2
2 1 2
3 2 1
2 1 2
3 2 1
2 1 2
1 3 776
2 1 2
3 2 1
3 2 1
1 3 317
1 3 85
2 1 2
2 1 2
3 2 1
2 1 2
2 1 2
3 2 1
1 3 255
3 2 1
1 3 555
3 2 1
3 2 1
1 3 739
1 3 506
1 3 645
2 1 2
2 1 2
2 1 2
1 3 644
2 1 2
1 3 794
1 3 543
3 2 1
2 1 2
1 3 442
2 1 2
3 2 1
1 3 487
1 3 155
3 2 1
1 3 753
2 1 2
3 2 1
1 3 877
2 1 2
3 2 1
3 2 1
1 3 395
1 3 776
3 2 1
1 3 336
1 3 343
3 2 1
2 1 2
1 3 382
2 1 2
2 1 2
3 2 1
2 1 2
2 1 2
1 3 716
3 2 1
2 1 2
1 3 540
3 2 1
2 1 2
3 2 1
2 1 2
2 1 2
2 1 2
1 3 811
3 2 1
2 1 2
1 3 613
3 2 1
1 3 908
3 2 1
1 3 121
2 1 2
2 1 2
3 2 1
1 3 999
2 1 2
1 3 144
3 2 1
3 2 1
3 2 1
2 1 2
1 3 852
2 1 2
3 2 1
3 2 1
2 1 2
3 2 1
1 3 534
3 2 1
2 1 2
3 2 1
3 2 1
2 1 2
1 3 517
1 3 153
2 1 2
3 2 1
2 1 2
2 1 2
1 3 897
1 3 769
3 2 1
2 1 2
1 3 105
1 3 320
3 2 1
3 2 1
1 3 297
3 2 1
2 1 2
3 2 1
3 2 1
3 2 1
3 2 1
2 1 2
3 2 1
2 1 2
3 2 1
3 2 1
1 3 673
2 1 2
2 1 2
3 2 1
3 2 1
3 2 1
1 3 897
2 1 2
3 2 1
2 1 2
1 3 308
2 1 2
2 1 2
2 1 2
2 1 2
3 2 1
1 3 163
2 1 2
3 2 1
2 1 2
2 1 2
3 2 1
1 3 828
1 3 899
2 1 2
1 3 435
2 1 2
3 2 1
3 2 1
2 1 2
1 3 338
2 1 2
3 2 1
1 3 910
3 2 1
1 3 393
1 3 791
3 2 1
2 1 2
1 3 722
2 1 2
2 1 2
2 1 2
1 3 449
3 2 1
3 2 1
3 2 1
3 2 1
3 2 1
2 1 2
1 3 182
3 2 1
1 3 445
2 1 2
1 3 668
2 1 2
2 1 2
2 1 2
1 3 628
1 3 813
3 2 1
2 1 2
2 1 2
1 3 79
3 2 1
1 3 236
2 1 2
3 2 1
3 2 1
2 1 2
1 3 564
2 1 2
3 2 1
1 3 827
1 3 519
2 1 2
1 3 868
3 2 1
2 1 2
3 2 1
3 2 1
3 2 1
1 3 708
1 3 66
2 1 2
1 3 548
3 2 1
3 2 1
2 1 2
1 3 905
2 1 2
3 2 1
2 1 2
3 2 1
1 3 464
2 1 2
2 1 2
2 1 2
2 1 2
3 2 1
2 1 2
1 3 544
2 1 2
3 2 1
3 2 1
1 3 117
1 3 59
1 3 84
3 2 1
3 2 1
2 1 2
3 2 1
1 3 484
3 2 1
2 1 2
2 1 2
2 1 2
3 2 1
3 2 1
2 1 2
3 2 1
3 2 1
1 3 911
2 1 2
1 3 174
3 2 1
1 3 493
3 2 1
3 2 1
2 1 2
1 3 425
3 2 1
1 3 81
2 1 2
1 3 121
3 2 1
2 1 2
3 2 1
2 1 2
1 3 262
1 3 960
1 3 934
2 1 2
3 2 1
1 3 737
3 2 1
2 1 2
2 1 2
2 1 2
2 1 2
3 2 1
1 3 608
1 3 290
1 3 16
3 2 1
1 3 709
1 3 154
2 1 2
1 3 177
1 3 712
2 1 2
1 3 176
1 3 102
1 3 289
1 3 431
1 3 255
2 1 2
2 1 2
2 1 2
1 3 261
1 3 957
3 2 1
1 3 139
2 1 2
3 2 1
1 3 911
3 2 1
3 2 1
3 2 1
1 3 55
1 3 679
1 3 125
3 2 1
1 3 952
3 2 1
1 3 745
3 2 1
3 2 1
1 3 420
1 3 286
3 2 1
1 3 907
1 3 118
2 1 2
1 3 854
3 2 1
3 2 1
3 2 1
1 3 431
2 1 2
3 2 1
2 1 2
2 1 2
1 3 483
1 3 586
2 1 2
3 2 1
1 3 697
1 3 367
3 2 1
2 1 2
2 1 2
1 3 654
3 2 1
1 3 660
1 3 939
1 3 546
3 2 1
1 3 860
3 2 1
1 3 836
1 3 333
3 2 1
1 3 777
1 3 279
2 1 2
3 2 1
1 3 588
2 1 2
1 3 898
2 1 2
2 1 2
1 3 458
2 1 2
1 3 116
1 3 711
2 1 2
3 2 1
1 3 695
3 2 1
3 2 1
3 2 1
3 2 1
3 2 1
3 2 1
2 1 2
2 1 2
2 1 2
3 2 1
1 3 467
1 3 122
1 3 760
1 3 486
2 1 2
1 3 429
1 3 406
2 1 2
1 3 217
2 1 2
1 3 54
3 2 1
3 2 1
2 1 2
1 3 655
3 2 1
3 2 1
2 1 2
1 3 985
2 1 2
2 1 2
2 1 2
2 1 2
3 2 1
2 1 2
2 1 2
3 2 1
1 3 524
2 1 2
1 3 440
3 2 1
3 2 1
2 1 2
3 2 1
2 1 2
2 1 2
2 1 2
2 1 2
1 3 209
1 3 65
3 2 1
2 1 2
2 1 2
1 3 567
3 2 1
2 1 2
3 2 1
3 2 1
2 1 2
1 3 727
1 3 224
2 1 2
1 3 243
1 3 955
2 1 2
2 1 2
3 2 1
3 2 1
1 3 882
2 1 2
2 1 2
1 3 309
2 1 2
3 2 1
1 3 43
2 1 2
3 2 1
2 1 2
2 1 2
2 1 2
2 1 2
1 3 309
2 1 2
1 3 832
3 2 1
1 3 724
2 1 2
1 3 210
1 3 740
3 2 1
2 1 2
2 1 2
1 3 295
1 3 724
1 3 371
2 1 2
2 1 2
1 3 835
1 3 155
1 3 885
3 2 1
3 2 1
3 2 1
2 1 2
3 2 1
3 2 1
1 3 313
3 2 1
1 3 563
1 3 916
2 1 2
2 1 2
2 1 2
3 2 1
3 2 1
1 3 113
2 1 2
2 1 2
1 3 370
1 3 497
1 3 724
1 3 989
2 1 2
2 1 2
1 3 180
3 2 1
3 2 1
3 2 1
1 3 586
1 3 381
2 1 2
1 3 512
1 3 86
1 3 922
3 2 1
1 3 103
3 2 1
3 2 1
3 2 1
2 1 2
3 2 1
3 2 1
1 3 909
3 2 1
3 2 1
1 3 122
2 1 2
3 2 1
1 3 526
1 3 318
3 2 1
1 3 788
2 1 2
3 2 1
2 1 2
2 1 2
3 2 1
2 1 2
3 2 1
2 1 2
2 1 2
1 3 605
3 2 1
3 2 1
2 1 2
3 2 1
3 2 1
1 3 727
2 1 2
1 3 405
3 2 1
3 2 1
3 2 1
1 3 224
3 2 1
3 2 1
1 3 546
3 2 1
3 2 1
3 2 1
2 1 2
2 1 2
2 1 2
2 1 2
1 3 465
3 2 1
3 2 1
3 2 1
2 1 2
2 1 2
1 3 369
3 2 1
2 1 2
1 3 207
2 1 2
3 2 1
2 1 2
1 3 315
1 3 755
1 3 162
3 2 1
1 3 538
2 1 2
3 2 1
3 2 1
2 1 2
1 3 391
3 2 1
2 1 2
3 2 1
1 3 447
1 3 416
2 1 2
3 2 1
3 2 1
3 2 1
3 2 1
2 1 2
2 1 2
3 2 1
2 1 2
2 1 2
2 1 2
1 3 707
1 3 85
2 1 2
3 2 1
2 1 2
2 1 2
1 3 692
1 3 152
1 3 90
3 2 1
3 2 1
3 2 1
1 3 616
3 2 1
1 3 570
1 3 272
2 1 2
1 3 364
2 1 2
3 2 1
1 3 867
1 3 203
2 1 2
3 2 1
1 3 747
2 1 2
3 2 1
1 3 542
1 3 269
3 2 1
3 2 1
2 1 2
1 3 993
2 1 2
1 3 632
3 2 1
3 2 1
3 2 1
2 1 2
2 1 2
3 2 1
3 2 1
1 3 511
2 1 2
3 2 1
2 1 2
2 1 2
1 3 748
1 3 473
3 2 1
2 1 2
1 3 580
1 3 84
2 1 2
1 3 811
1 3 838
2 1 2
1 3 568
2 1 2
2 1 2
2 1 2
2 1 2
3 2 1
1 3 852
2 1 2
3 2 1
3 2 1
1 3 941
3 2 1
2 1 2
2 1 2
2 1 2
1 3 863
3 2 1
3 2 1
2 1 2
2 1 2
2 1 2
1 3 488
1 3 683
2 1 2
3 2 1
3 2 1
1 3 650
2 1 2
1 3 9
2 1 2
3 2 1
2 1 2
1 3 232
1 3 483
1 3 181
2 1 2
3 2 1
1 3 33
2 1 2
1 3 583
3 2 1
1 3 68
1 3 113
1 3 342
1 3 994
2 1 2
2 1 2
1 3 699
2 1 2
3 2 1
2 1 2
2 1 2
1 3 983
3 2 1
3 2 1
3 2 1
3 2 1
1 3 284
2 1 2
1 3 661
3 2 1
1 3 344
1 3 307
1 3 355
3 2 1
1 3 880
1 3 425
3 2 1
1 3 485
2 1 2
2 1 2
1 3 989
2 1 2
1 3 727
2 1 2
1 3 106
3 2 1
3 2 1
2 1 2
1 3 264
1 3 54
2 1 2
2 1 2
1 3 540
2 1 2
3 2 1
1 3 52
3 2 1
3 2 1
1 3 361
2 1 2
3 2 1
2 1 2
3 2 1
2 1 2
1 3 38
1 3 56
2 1 2
1 3 852
2 1 2
3 2 1
3 2 1
2 1 2
3 2 1
3 2 1
3 2 1
2 1 2
3 2 1
2 1 2
1 3 282
2 1 2
2 1 2
1 3 31
1 3 939
1 3 938
2 1 2
1 3 882
1 3 649
2 1 2
2 1 2
1 3 285
3 2 1
1 3 822
1 3 668
1 3 562
1 3 536
2 1 2
1 3 832
2 1 2
1 3 113
2 1 2
2 1 2
1 3 689
3 2 1
2 1 2
3 2 1
3 2 1
2 1 2
2 1 2
3 2 1
2 1 2
3 2 1
1 3 868
3 2 1
1 3 372
3 2 1
3 2 1
1 3 48
3 2 1
3 2 1
3 2 1
3 2 1
2 1 2
3 2 1
1 3 306
2 1 2
3 2 1
1 3 804
3 2 1
3 2 1
2 1 2
2 1 2
1 3 753
2 1 2
1 3 327
2 1 2
2 1 2
2 1 2
3 2 1
1 3 785
2 1 2
3 2 1
3 2 1
2 1 2
3 2 1
2 1 2
2 1 2
3 2 1
1 3 182
3 2 1
3 2 1
1 3 506
3 2 1
3 2 1
2 1 2
1 3 557
2 1 2
3 2 1
3 2 1
3 2 1
2 1 2
1 3 766
2 1 2
1 3 287
3 2 1
2 1 2
2 1 2
1 3 714
2 1 2
3 2 1
3 2 1
3 2 1
3 2 1
2 1 2
1 3 567
