43 903 4
1 2 4
1 3 3
1 4 2
1 5 2
1 6 4
1 7 1
1 8 3
1 9 3
1 10 1
1 11 2
1 12 4
1 13 3
1 14 1
1 15 1
1 16 3
1 17 4
1 18 1
1 19 1
1 20 1
1 21 3
1 22 4
1 23 2
1 24 4
1 25 2
1 26 3
1 27 3
1 28 2
1 29 2
1 30 2
1 31 1
1 32 3
1 33 1
1 34 2
1 35 4
1 36 1
1 37 2
1 38 4
1 39 3
1 40 3
1 41 2
1 42 4
1 43 1
2 3 1
2 4 3
2 5 2
2 6 1
2 7 3
2 8 1
2 9 1
2 10 2
2 11 4
2 12 2
2 13 4
2 14 4
2 15 4
2 16 4
2 17 4
2 18 1
2 19 2
2 20 1
2 21 4
2 22 1
2 23 2
2 24 2
2 25 4
2 26 2
2 27 4
2 28 2
2 29 4
2 30 1
2 31 4
2 32 1
2 33 4
2 34 4
2 35 1
2 36 4
2 37 2
2 38 4
2 39 4
2 40 2
2 41 4
2 42 3
2 43 4
3 4 2
3 5 1
3 6 2
3 7 1
3 8 4
3 9 2
3 10 3
3 11 2
3 12 2
3 13 2
3 14 1
3 15 4
3 16 2
3 17 2
3 18 1
3 19 1
3 20 1
3 21 1
3 22 4
3 23 1
3 24 4
3 25 1
3 26 1
3 27 1
3 28 4
3 29 1
3 30 3
3 31 1
3 32 4
3 33 3
3 34 1
3 35 4
3 36 1
3 37 4
3 38 2
3 39 1
3 40 1
3 41 2
3 42 4
3 43 4
4 5 1
4 6 4
4 7 3
4 8 1
4 9 4
4 10 4
4 11 4
4 12 4
4 13 4
4 14 4
4 15 2
4 16 2
4 17 3
4 18 1
4 19 1
4 20 4
4 21 3
4 22 4
4 23 3
4 24 1
4 25 1
4 26 2
4 27 1
4 28 1
4 29 2
4 30 2
4 31 2
4 32 1
4 33 4
4 34 2
4 35 4
4 36 1
4 37 2
4 38 4
4 39 3
4 40 2
4 41 1
4 42 4
4 43 1
5 6 4
5 7 1
5 8 1
5 9 4
5 10 2
5 11 1
5 12 4
5 13 3
5 14 4
5 15 3
5 16 1
5 17 4
5 18 2
5 19 1
5 20 3
5 21 4
5 22 3
5 23 4
5 24 1
5 25 3
5 26 1
5 27 2
5 28 1
5 29 2
5 30 3
5 31 3
5 32 2
5 33 1
5 34 4
5 35 1
5 36 4
5 37 3
5 38 2
5 39 1
5 40 3
5 41 4
5 42 3
5 43 1
6 7 3
6 8 1
6 9 2
6 10 2
6 11 4
6 12 2
6 13 3
6 14 3
6 15 1
6 16 1
6 17 2
6 18 4
6 19 4
6 20 4
6 21 1
6 22 4
6 23 2
6 24 4
6 25 1
6 26 4
6 27 1
6 28 4
6 29 4
6 30 1
6 31 2
6 32 3
6 33 4
6 34 1
6 35 3
6 36 3
6 37 1
6 38 2
6 39 2
6 40 2
6 41 1
6 42 1
6 43 1
7 8 1
7 9 2
7 10 1
7 11 4
7 12 4
7 13 4
7 14 4
7 15 3
7 16 2
7 17 1
7 18 1
7 19 4
7 20 2
7 21 1
7 22 2
7 23 3
7 24 3
7 25 1
7 26 4
7 27 1
7 28 3
7 29 1
7 30 3
7 31 1
7 32 2
7 33 1
7 34 2
7 35 3
7 36 2
7 37 3
7 38 2
7 39 3
7 40 2
7 41 1
7 42 2
7 43 3
8 9 3
8 10 2
8 11 2
8 12 2
8 13 2
8 14 4
8 15 3
8 16 3
8 17 1
8 18 1
8 19 2
8 20 3
8 21 2
8 22 4
8 23 3
8 24 4
8 25 1
8 26 4
8 27 3
8 28 2
8 29 2
8 30 2
8 31 4
8 32 3
8 33 4
8 34 1
8 35 3
8 36 1
8 37 2
8 38 3
8 39 1
8 40 3
8 41 1
8 42 4
8 43 4
9 10 3
9 11 1
9 12 3
9 13 2
9 14 2
9 15 4
9 16 3
9 17 3
9 18 1
9 19 2
9 20 3
9 21 2
9 22 4
9 23 2
9 24 3
9 25 1
9 26 1
9 27 1
9 28 1
9 29 1
9 30 4
9 31 1
9 32 1
9 33 2
9 34 3
9 35 4
9 36 2
9 37 4
9 38 3
9 39 2
9 40 4
9 41 2
9 42 3
9 43 3
10 11 4
10 12 2
10 13 1
10 14 2
10 15 1
10 16 3
10 17 4
10 18 4
10 19 1
10 20 1
10 21 4
10 22 3
10 23 3
10 24 4
10 25 1
10 26 1
10 27 4
10 28 1
10 29 4
10 30 1
10 31 2
10 32 2
10 33 4
10 34 4
10 35 4
10 36 4
10 37 2
10 38 3
10 39 3
10 40 4
10 41 4
10 42 1
10 43 2
11 12 2
11 13 2
11 14 1
11 15 3
11 16 1
11 17 3
11 18 3
11 19 1
11 20 4
11 21 2
11 22 2
11 23 3
11 24 1
11 25 4
11 26 1
11 27 2
11 28 2
11 29 3
11 30 1
11 31 2
11 32 3
11 33 3
11 34 1
11 35 2
11 36 4
11 37 2
11 38 1
11 39 2
11 40 1
11 41 4
11 42 3
11 43 1
12 13 3
12 14 2
12 15 1
12 16 1
12 17 2
12 18 2
12 19 3
12 20 3
12 21 4
12 22 4
12 23 1
12 24 3
12 25 3
12 26 1
12 27 3
12 28 2
12 29 1
12 30 4
12 31 1
12 32 4
12 33 1
12 34 2
12 35 3
12 36 2
12 37 4
12 38 3
12 39 3
12 40 3
12 41 4
12 42 3
12 43 4
13 14 4
13 15 4
13 16 1
13 17 1
13 18 4
13 19 4
13 20 2
13 21 2
13 22 1
13 23 3
13 24 3
13 25 4
13 26 2
13 27 2
13 28 4
13 29 2
13 30 2
13 31 3
13 32 2
13 33 2
13 34 3
13 35 4
13 36 3
13 37 3
13 38 2
13 39 3
13 40 4
13 41 4
13 42 1
13 43 1
14 15 1
14 16 4
14 17 4
14 18 2
14 19 1
14 20 4
14 21 4
14 22 2
14 23 1
14 24 3
14 25 4
14 26 4
14 27 4
14 28 3
14 29 3
14 30 3
14 31 1
14 32 2
14 33 3
14 34 3
14 35 1
14 36 1
14 37 2
14 38 1
14 39 4
14 40 2
14 41 1
14 42 4
14 43 4
15 16 3
15 17 3
15 18 1
15 19 3
15 20 3
15 21 4
15 22 4
15 23 1
15 24 2
15 25 4
15 26 1
15 27 4
15 28 1
15 29 4
15 30 2
15 31 1
15 32 2
15 33 4
15 34 4
15 35 3
15 36 3
15 37 3
15 38 4
15 39 1
15 40 1
15 41 4
15 42 2
15 43 1
16 17 2
16 18 2
16 19 2
16 20 4
16 21 1
16 22 2
16 23 3
16 24 2
16 25 2
16 26 2
16 27 4
16 28 4
16 29 2
16 30 2
16 31 3
16 32 1
16 33 3
16 34 1
16 35 4
16 36 1
16 37 3
16 38 4
16 39 1
16 40 4
16 41 2
16 42 2
16 43 4
17 18 3
17 19 4
17 20 4
17 21 1
17 22 1
17 23 3
17 24 3
17 25 3
17 26 2
17 27 3
17 28 1
17 29 4
17 30 2
17 31 1
17 32 3
17 33 4
17 34 4
17 35 3
17 36 4
17 37 2
17 38 4
17 39 3
17 40 4
17 41 2
17 42 1
17 43 2
18 19 1
18 20 2
18 21 1
18 22 4
18 23 1
18 24 4
18 25 1
18 26 4
18 27 4
18 28 3
18 29 4
18 30 1
18 31 2
18 32 2
18 33 1
18 34 1
18 35 3
18 36 2
18 37 1
18 38 2
18 39 1
18 40 1
18 41 2
18 42 4
18 43 4
19 20 4
19 21 2
19 22 2
19 23 3
19 24 1
19 25 3
19 26 1
19 27 4
19 28 4
19 29 4
19 30 3
19 31 3
19 32 3
19 33 4
19 34 4
19 35 4
19 36 4
19 37 2
19 38 1
19 39 3
19 40 2
19 41 1
19 42 1
19 43 3
20 21 2
20 22 4
20 23 4
20 24 2
20 25 3
20 26 1
20 27 3
20 28 1
20 29 3
20 30 4
20 31 3
20 32 2
20 33 4
20 34 1
20 35 4
20 36 2
20 37 3
20 38 1
20 39 3
20 40 3
20 41 1
20 42 3
20 43 4
21 22 4
21 23 3
21 24 4
21 25 3
21 26 4
21 27 3
21 28 3
21 29 1
21 30 2
21 31 3
21 32 2
21 33 4
21 34 3
21 35 1
21 36 2
21 37 3
21 38 4
21 39 3
21 40 3
21 41 1
21 42 2
21 43 4
22 23 2
22 24 3
22 25 2
22 26 1
22 27 2
22 28 1
22 29 4
22 30 1
22 31 2
22 32 4
22 33 3
22 34 3
22 35 3
22 36 4
22 37 3
22 38 1
22 39 2
22 40 1
22 41 1
22 42 3
22 43 4
23 24 2
23 25 1
23 26 4
23 27 2
23 28 3
23 29 2
23 30 4
23 31 3
23 32 3
23 33 4
23 34 3
23 35 3
23 36 4
23 37 3
23 38 4
23 39 4
23 40 3
23 41 1
23 42 2
23 43 2
24 25 2
24 26 1
24 27 3
24 28 2
24 29 3
24 30 4
24 31 2
24 32 4
24 33 1
24 34 2
24 35 2
24 36 3
24 37 1
24 38 3
24 39 4
24 40 2
24 41 4
24 42 2
24 43 3
25 26 1
25 27 4
25 28 2
25 29 4
25 30 1
25 31 3
25 32 3
25 33 4
25 34 3
25 35 2
25 36 2
25 37 4
25 38 1
25 39 4
25 40 4
25 41 2
25 42 2
25 43 3
26 27 3
26 28 1
26 29 4
26 30 4
26 31 3
26 32 4
26 33 2
26 34 4
26 35 3
26 36 2
26 37 2
26 38 3
26 39 3
26 40 1
26 41 2
26 42 3
26 43 3
27 28 3
27 29 1
27 30 2
27 31 2
27 32 4
27 33 3
27 34 3
27 35 3
27 36 4
27 37 4
27 38 2
27 39 4
27 40 2
27 41 1
27 42 4
27 43 3
28 29 2
28 30 3
28 31 2
28 32 1
28 33 1
28 34 2
28 35 2
28 36 3
28 37 1
28 38 2
28 39 3
28 40 4
28 41 2
28 42 3
28 43 1
29 30 1
29 31 2
29 32 2
29 33 2
29 34 1
29 35 4
29 36 1
29 37 3
29 38 2
29 39 2
29 40 1
29 41 3
29 42 4
29 43 1
30 31 3
30 32 3
30 33 2
30 34 4
30 35 4
30 36 4
30 37 3
30 38 2
30 39 2
30 40 3
30 41 2
30 42 3
30 43 2
31 32 3
31 33 4
31 34 1
31 35 2
31 36 3
31 37 2
31 38 3
31 39 2
31 40 1
31 41 4
31 42 2
31 43 3
32 33 2
32 34 4
32 35 2
32 36 4
32 37 4
32 38 1
32 39 3
32 40 2
32 41 1
32 42 1
32 43 2
33 34 1
33 35 2
33 36 1
33 37 1
33 38 4
33 39 2
33 40 2
33 41 1
33 42 4
33 43 4
34 35 2
34 36 4
34 37 4
34 38 1
34 39 4
34 40 2
34 41 2
34 42 2
34 43 1
35 36 2
35 37 2
35 38 3
35 39 4
35 40 2
35 41 4
35 42 4
35 43 2
36 37 3
36 38 1
36 39 4
36 40 2
36 41 2
36 42 1
36 43 3
37 38 3
37 39 1
37 40 3
37 41 2
37 42 3
37 43 3
38 39 2
38 40 1
38 41 3
38 42 4
38 43 3
39 40 2
39 41 2
39 42 1
39 43 2
40 41 3
40 42 3
40 43 3
41 42 1
41 43 3
42 43 4
