44 946 1000
1 2 470
1 3 4
1 4 575
1 5 87
1 6 480
1 7 89
1 8 965
1 9 615
1 10 284
1 11 350
1 12 538
1 13 320
1 14 490
1 15 548
1 16 26
1 17 196
1 18 219
1 19 981
1 20 680
1 21 613
1 22 297
1 23 291
1 24 914
1 25 340
1 26 184
1 27 208
1 28 622
1 29 204
1 30 424
1 31 881
1 32 692
1 33 240
1 34 716
1 35 524
1 36 172
1 37 426
1 38 198
1 39 704
1 40 938
1 41 115
1 42 121
1 43 815
1 44 485
2 3 309
2 4 886
2 5 956
2 6 997
2 7 874
2 8 406
2 9 517
2 10 288
2 11 854
2 12 855
2 13 62
2 14 669
2 15 323
2 16 980
2 17 938
2 18 414
2 19 8
2 20 823
2 21 318
2 22 258
2 23 49
2 24 296
2 25 865
2 26 433
2 27 974
2 28 502
2 29 874
2 30 827
2 31 616
2 32 241
2 33 790
2 34 308
2 35 992
2 36 72
2 37 771
2 38 49
2 39 50
2 40 244
2 41 806
2 42 717
2 43 283
2 44 689
3 4 666
3 5 236
3 6 777
3 7 361
3 8 956
3 9 576
3 10 526
3 11 823
3 12 172
3 13 364
3 14 265
3 15 387
3 16 297
3 17 780
3 18 673
3 19 331
3 20 396
3 21 466
3 22 975
3 23 685
3 24 163
3 25 510
3 26 676
3 27 1000
3 28 222
3 29 176
3 30 311
3 31 900
3 32 938
3 33 836
3 34 316
3 35 475
3 36 474
3 37 683
3 38 5
3 39 102
3 40 185
3 41 826
3 42 836
3 43 573
3 44 212
4 5 42
4 6 510
4 7 709
4 8 719
4 9 97
4 10 527
4 11 465
4 12 565
4 13 356
4 14 514
4 15 580
4 16 68
4 17 386
4 18 192
4 19 140
4 20 305
4 21 362
4 22 637
4 23 948
4 24 13
4 25 448
4 26 402
4 27 96
4 28 761
4 29 820
4 30 832
4 31 432
4 32 161
4 33 761
4 34 393
4 35 719
4 36 863
4 37 43
4 38 809
4 39 998
4 40 535
4 41 971
4 42 991
4 43 73
4 44 220
5 6 507
5 7 173
5 8 900
5 9 590
5 10 357
5 11 430
5 12 130
5 13 747
5 14 761
5 15 701
5 16 51
5 17 593
5 18 884
5 19 334
5 20 341
5 21 865
5 22 569
5 23 408
5 24 726
5 25 838
5 26 295
5 27 503
5 28 277
5 29 729
5 30 542
5 31 663
5 32 286
5 33 884
5 34 755
5 35 619
5 36 439
5 37 995
5 38 86
5 39 272
5 40 169
5 41 398
5 42 910
5 43 243
5 44 404
6 7 65
6 8 623
6 9 380
6 10 124
6 11 28
6 12 52
6 13 49
6 14 30
6 15 694
6 16 216
6 17 223
6 18 306
6 19 486
6 20 645
6 21 825
6 22 159
6 23 149
6 24 730
6 25 891
6 26 412
6 27 983
6 28 941
6 29 585
6 30 932
6 31 256
6 32 227
6 33 930
6 34 762
6 35 716
6 36 48
6 37 479
6 38 365
6 39 908
6 40 513
6 41 793
6 42 554
6 43 716
6 44 447
7 8 544
7 9 419
7 10 536
7 11 536
7 12 84
7 13 750
7 14 814
7 15 265
7 16 168
7 17 423
7 18 221
7 19 280
7 20 951
7 21 840
7 22 72
7 23 582
7 24 254
7 25 322
7 26 61
7 27 474
7 28 246
7 29 1
7 30 621
7 31 295
7 32 40
7 33 941
7 34 460
7 35 83
7 36 504
7 37 797
7 38 800
7 39 935
7 40 912
7 41 900
7 42 690
7 43 173
7 44 617
8 9 150
8 10 421
8 11 758
8 12 553
8 13 252
8 14 600
8 15 18
8 16 926
8 17 492
8 18 128
8 19 69
8 20 231
8 21 622
8 22 183
8 23 969
8 24 586
8 25 350
8 26 822
8 27 887
8 28 987
8 29 330
8 30 375
8 31 118
8 32 225
8 33 824
8 34 476
8 35 858
8 36 698
8 37 993
8 38 541
8 39 386
8 40 571
8 41 553
8 42 894
8 43 91
8 44 794
9 10 453
9 11 830
9 12 353
9 13 477
9 14 634
9 15 76
9 16 994
9 17 747
9 18 194
9 19 191
9 20 601
9 21 672
9 22 692
9 23 864
9 24 390
9 25 737
9 26 922
9 27 848
9 28 453
9 29 499
9 30 983
9 31 759
9 32 317
9 33 615
9 34 666
9 35 175
9 36 191
9 37 841
9 38 162
9 39 421
9 40 962
9 41 131
9 42 55
9 43 240
9 44 624
10 11 573
10 12 130
10 13 178
10 14 109
10 15 998
10 16 160
10 17 18
10 18 435
10 19 878
10 20 258
10 21 277
10 22 600
10 23 460
10 24 558
10 25 39
10 26 54
10 27 457
10 28 418
10 29 716
10 30 555
10 31 147
10 32 712
10 33 518
10 34 665
10 35 337
10 36 168
10 37 545
10 38 20
10 39 121
10 40 859
10 41 488
10 42 743
10 43 122
10 44 518
11 12 822
11 13 111
11 14 525
11 15 722
11 16 454
11 17 963
11 18 991
11 19 563
11 20 646
11 21 539
11 22 488
11 23 19
11 24 548
11 25 419
11 26 261
11 27 236
11 28 654
11 29 121
11 30 862
11 31 643
11 32 635
11 33 90
11 34 491
11 35 258
11 36 821
11 37 607
11 38 901
11 39 961
11 40 782
11 41 140
11 42 673
11 43 33
11 44 283
12 13 946
12 14 96
12 15 803
12 16 804
12 17 330
12 18 466
12 19 252
12 20 337
12 21 195
12 22 17
12 23 109
12 24 735
12 25 10
12 26 250
12 27 817
12 28 733
12 29 929
12 30 569
12 31 193
12 32 736
12 33 182
12 34 29
12 35 446
12 36 379
12 37 510
12 38 625
12 39 397
12 40 441
12 41 297
12 42 274
12 43 597
12 44 451
13 14 553
13 15 349
13 16 966
13 17 445
13 18 15
13 19 385
13 20 576
13 21 616
13 22 366
13 23 262
13 24 987
13 25 160
13 26 738
13 27 401
13 28 628
13 29 751
13 30 971
13 31 706
13 32 187
13 33 92
13 34 173
13 35 191
13 36 718
13 37 20
13 38 440
13 39 970
13 40 862
13 41 961
13 42 590
13 43 601
13 44 608
14 15 357
14 16 393
14 17 862
14 18 387
14 19 618
14 20 90
14 21 36
14 22 510
14 23 603
14 24 66
14 25 456
14 26 494
14 27 974
14 28 760
14 29 754
14 30 605
14 31 200
14 32 111
14 33 692
14 34 230
14 35 124
14 36 785
14 37 163
14 38 710
14 39 72
14 40 57
14 41 44
14 42 623
14 43 290
14 44 27
15 16 406
15 17 310
15 18 95
15 19 995
15 20 771
15 21 562
15 22 318
15 23 433
15 24 16
15 25 501
15 26 630
15 27 424
15 28 138
15 29 204
15 30 587
15 31 909
15 32 614
15 33 497
15 34 140
15 35 606
15 36 7
15 37 139
15 38 19
15 39 519
15 40 851
15 41 695
15 42 983
15 43 875
15 44 982
16 17 783
16 18 750
16 19 904
16 20 591
16 21 196
16 22 677
16 23 623
16 24 882
16 25 291
16 26 309
16 27 745
16 28 902
16 29 797
16 30 836
16 31 458
16 32 432
16 33 129
16 34 183
16 35 532
16 36 822
16 37 76
16 38 365
16 39 760
16 40 135
16 41 973
16 42 546
16 43 443
16 44 764
17 18 219
17 19 60
17 20 162
17 21 523
17 22 664
17 23 424
17 24 957
17 25 727
17 26 724
17 27 151
17 28 809
17 29 224
17 30 518
17 31 5
17 32 662
17 33 360
17 34 928
17 35 335
17 36 527
17 37 320
17 38 52
17 39 841
17 40 466
17 41 956
17 42 813
17 43 293
17 44 485
18 19 346
18 20 168
18 21 293
18 22 898
18 23 621
18 24 200
18 25 478
18 26 150
18 27 644
18 28 264
18 29 517
18 30 328
18 31 169
18 32 973
18 33 666
18 34 940
18 35 184
18 36 635
18 37 369
18 38 215
18 39 95
18 40 457
18 41 235
18 42 214
18 43 731
18 44 15
19 20 150
19 21 727
19 22 568
19 23 571
19 24 879
19 25 27
19 26 201
19 27 624
19 28 774
19 29 334
19 30 858
19 31 648
19 32 332
19 33 773
19 34 603
19 35 247
19 36 727
19 37 146
19 38 20
19 39 165
19 40 213
19 41 551
19 42 10
19 43 366
19 44 926
20 21 271
20 22 407
20 23 104
20 24 915
20 25 982
20 26 860
20 27 512
20 28 277
20 29 776
20 30 54
20 31 441
20 32 226
20 33 118
20 34 906
20 35 857
20 36 508
20 37 675
20 38 971
20 39 156
20 40 871
20 41 285
20 42 926
20 43 336
20 44 738
21 22 92
21 23 269
21 24 6
21 25 338
21 26 179
21 27 888
21 28 64
21 29 43
21 30 241
21 31 581
21 32 430
21 33 423
21 34 694
21 35 842
21 36 834
21 37 412
21 38 901
21 39 639
21 40 670
21 41 325
21 42 28
21 43 366
21 44 353
22 23 18
22 24 477
22 25 226
22 26 1
22 27 419
22 28 528
22 29 435
22 30 720
22 31 693
22 32 47
22 33 565
22 34 539
22 35 937
22 36 188
22 37 516
22 38 324
22 39 792
22 40 530
22 41 672
22 42 407
22 43 545
22 44 45
23 24 616
23 25 709
23 26 947
23 27 834
23 28 3
23 29 195
23 30 79
23 31 329
23 32 319
23 33 997
23 34 838
23 35 837
23 36 396
23 37 986
23 38 425
23 39 108
23 40 780
23 41 533
23 42 157
23 43 165
23 44 951
24 25 382
24 26 873
24 27 834
24 28 848
24 29 336
24 30 65
24 31 959
24 32 348
24 33 825
24 34 39
24 35 627
24 36 788
24 37 983
24 38 598
24 39 515
24 40 617
24 41 871
24 42 590
24 43 783
24 44 131
25 26 909
25 27 940
25 28 241
25 29 563
25 30 318
25 31 903
25 32 426
25 33 768
25 34 882
25 35 921
25 36 299
25 37 109
25 38 919
25 39 112
25 40 191
25 41 984
25 42 277
25 43 931
25 44 989
26 27 465
26 28 455
26 29 274
26 30 438
26 31 360
26 32 405
26 33 808
26 34 26
26 35 353
26 36 646
26 37 103
26 38 964
26 39 917
26 40 915
26 41 483
26 42 820
26 43 411
26 44 940
27 28 575
27 29 877
27 30 124
27 31 537
27 32 709
27 33 671
27 34 207
27 35 573
27 36 832
27 37 819
27 38 261
27 39 784
27 40 163
27 41 571
27 42 96
27 43 936
27 44 19
28 29 982
28 30 853
28 31 884
28 32 555
28 33 623
28 34 816
28 35 353
28 36 558
28 37 929
28 38 724
28 39 542
28 40 91
28 41 130
28 42 180
28 43 674
28 44 400
29 30 303
29 31 409
29 32 836
29 33 753
29 34 66
29 35 715
29 36 997
29 37 899
29 38 382
29 39 907
29 40 110
29 41 198
29 42 494
29 43 679
29 44 902
30 31 179
30 32 683
30 33 329
30 34 838
30 35 991
30 36 547
30 37 217
30 38 435
30 39 968
30 40 620
30 41 366
30 42 676
30 43 601
30 44 505
31 32 846
31 33 455
31 34 10
31 35 93
31 36 261
31 37 92
31 38 840
31 39 133
31 40 43
31 41 83
31 42 875
31 43 531
31 44 714
32 33 369
32 34 418
32 35 111
32 36 744
32 37 771
32 38 271
32 39 397
32 40 466
32 41 106
32 42 649
32 43 943
32 44 398
33 34 375
33 35 811
33 36 815
33 37 776
33 38 31
33 39 493
33 40 787
33 41 304
33 42 557
33 43 410
33 44 810
34 35 775
34 36 945
34 37 21
34 38 390
34 39 94
34 40 810
34 41 346
34 42 931
34 43 231
34 44 427
35 36 955
35 37 549
35 38 452
35 39 898
35 40 2
35 41 334
35 42 5
35 43 427
35 44 75
36 37 804
36 38 737
36 39 35
36 40 313
36 41 620
36 42 361
36 43 632
36 44 382
37 38 640
37 39 842
37 40 795
37 41 431
37 42 148
37 43 183
37 44 97
38 39 174
38 40 251
38 41 250
38 42 234
38 43 989
38 44 887
39 40 888
39 41 218
39 42 358
39 43 578
39 44 437
40 41 705
40 42 452
40 43 222
40 44 11
41 42 828
41 43 900
41 44 414
42 43 468
42 44 979
43 44 223
