600 900 900
1 2 1
2 3 2
3 4 3
4 5 4
5 6 5
6 7 6
7 8 7
8 9 8
9 10 9
10 11 10
11 12 11
12 13 12
13 14 13
14 15 14
15 16 15
16 17 16
17 18 17
18 19 18
19 20 19
20 21 20
21 22 21
22 23 22
23 24 23
24 25 24
25 26 25
26 27 26
27 28 27
28 29 28
29 30 29
30 31 30
31 32 31
32 33 32
33 34 33
34 35 34
35 36 35
36 37 36
37 38 37
38 39 38
39 40 39
40 41 40
41 42 41
42 43 42
43 44 43
44 45 44
45 46 45
46 47 46
47 48 47
48 49 48
49 50 49
50 51 50
51 52 51
52 53 52
53 54 53
54 55 54
55 56 55
56 57 56
57 58 57
58 59 58
59 60 59
60 61 60
61 62 61
62 63 62
63 64 63
64 65 64
65 66 65
66 67 66
67 68 67
68 69 68
69 70 69
70 71 70
71 72 71
72 73 72
73 74 73
74 75 74
75 76 75
76 77 76
77 78 77
78 79 78
79 80 79
80 81 80
81 82 81
82 83 82
83 84 83
84 85 84
85 86 85
86 87 86
87 88 87
88 89 88
89 90 89
90 91 90
91 92 91
92 93 92
93 94 93
94 95 94
95 96 95
96 97 96
97 98 97
98 99 98
99 100 99
100 101 100
101 102 101
102 103 102
103 104 103
104 105 104
105 106 105
106 107 106
107 108 107
108 109 108
109 110 109
110 111 110
111 112 111
112 113 112
113 114 113
114 115 114
115 116 115
116 117 116
117 118 117
118 119 118
119 120 119
120 121 120
121 122 121
122 123 122
123 124 123
124 125 124
125 126 125
126 127 126
127 128 127
128 129 128
129 130 129
130 131 130
131 132 131
132 133 132
133 134 133
134 135 134
135 136 135
136 137 136
137 138 137
138 139 138
139 140 139
140 141 140
141 142 141
142 143 142
143 144 143
144 145 144
145 146 145
146 147 146
147 148 147
148 149 148
149 150 149
150 151 150
151 152 151
152 153 152
153 154 153
154 155 154
155 156 155
156 157 156
157 158 157
158 159 158
159 160 159
160 161 160
161 162 161
162 163 162
163 164 163
164 165 164
165 166 165
166 167 166
167 168 167
168 169 168
169 170 169
170 171 170
171 172 171
172 173 172
173 174 173
174 175 174
175 176 175
176 177 176
177 178 177
178 179 178
179 180 179
180 181 180
181 182 181
182 183 182
183 184 183
184 185 184
185 186 185
186 187 186
187 188 187
188 189 188
189 190 189
190 191 190
191 192 191
192 193 192
193 194 193
194 195 194
195 196 195
196 197 196
197 198 197
198 199 198
199 200 199
200 201 200
201 202 201
202 203 202
203 204 203
204 205 204
205 206 205
206 207 206
207 208 207
208 209 208
209 210 209
210 211 210
211 212 211
212 213 212
213 214 213
214 215 214
215 216 215
216 217 216
217 218 217
218 219 218
219 220 219
220 221 220
221 222 221
222 223 222
223 224 223
224 225 224
225 226 225
226 227 226
227 228 227
228 229 228
229 230 229
230 231 230
231 232 231
232 233 232
233 234 233
234 235 234
235 236 235
236 237 236
237 238 237
238 239 238
239 240 239
240 241 240
241 242 241
242 243 242
243 244 243
244 245 244
245 246 245
246 247 246
247 248 247
248 249 248
249 250 249
250 251 250
251 252 251
252 253 252
253 254 253
254 255 254
255 256 255
256 257 256
257 258 257
258 259 258
259 260 259
260 261 260
261 262 261
262 263 262
263 264 263
264 265 264
265 266 265
266 267 266
267 268 267
268 269 268
269 270 269
270 271 270
271 272 271
272 273 272
273 274 273
274 275 274
275 276 275
276 277 276
277 278 277
278 279 278
279 280 279
280 281 280
281 282 281
282 283 282
283 284 283
284 285 284
285 286 285
286 287 286
287 288 287
288 289 288
289 290 289
290 291 290
291 292 291
292 293 292
293 294 293
294 295 294
295 296 295
296 297 296
297 298 297
298 299 298
299 300 299
300 301 300
301 302 301
302 303 302
303 304 303
304 305 304
305 306 305
306 307 306
307 308 307
308 309 308
309 310 309
310 311 310
311 312 311
312 313 312
313 314 313
314 315 314
315 316 315
316 317 316
317 318 317
318 319 318
319 320 319
320 321 320
321 322 321
322 323 322
323 324 323
324 325 324
325 326 325
326 327 326
327 328 327
328 329 328
329 330 329
330 331 330
331 332 331
332 333 332
333 334 333
334 335 334
335 336 335
336 337 336
337 338 337
338 339 338
339 340 339
340 341 340
341 342 341
342 343 342
343 344 343
344 345 344
345 346 345
346 347 346
347 348 347
348 349 348
349 350 349
350 351 350
351 352 351
352 353 352
353 354 353
354 355 354
355 356 355
356 357 356
357 358 357
358 359 358
359 360 359
360 361 360
361 362 361
362 363 362
363 364 363
364 365 364
365 366 365
366 367 366
367 368 367
368 369 368
369 370 369
370 371 370
371 372 371
372 373 372
373 374 373
374 375 374
375 376 375
376 377 376
377 378 377
378 379 378
379 380 379
380 381 380
381 382 381
382 383 382
383 384 383
384 385 384
385 386 385
386 387 386
387 388 387
388 389 388
389 390 389
390 391 390
391 392 391
392 393 392
393 394 393
394 395 394
395 396 395
396 397 396
397 398 397
398 399 398
399 400 399
400 401 400
401 402 401
402 403 402
403 404 403
404 405 404
405 406 405
406 407 406
407 408 407
408 409 408
409 410 409
410 411 410
411 412 411
412 413 412
413 414 413
414 415 414
415 416 415
416 417 416
417 418 417
418 419 418
419 420 419
420 421 420
421 422 421
422 423 422
423 424 423
424 425 424
425 426 425
426 427 426
427 428 427
428 429 428
429 430 429
430 431 430
431 432 431
432 433 432
433 434 433
434 435 434
435 436 435
436 437 436
437 438 437
438 439 438
439 440 439
440 441 440
441 442 441
442 443 442
443 444 443
444 445 444
445 446 445
446 447 446
447 448 447
448 449 448
449 450 449
450 451 450
451 452 451
452 453 452
453 454 453
454 455 454
455 456 455
456 457 456
457 458 457
458 459 458
459 460 459
460 461 460
461 462 461
462 463 462
463 464 463
464 465 464
465 466 465
466 467 466
467 468 467
468 469 468
469 470 469
470 471 470
471 472 471
472 473 472
473 474 473
474 475 474
475 476 475
476 477 476
477 478 477
478 479 478
479 480 479
480 481 480
481 482 481
482 483 482
483 484 483
484 485 484
485 486 485
486 487 486
487 488 487
488 489 488
489 490 489
490 491 490
491 492 491
492 493 492
493 494 493
494 495 494
495 496 495
496 497 496
497 498 497
498 499 498
499 500 499
500 501 500
501 502 501
502 503 502
503 504 503
504 505 504
505 506 505
506 507 506
507 508 507
508 509 508
509 510 509
510 511 510
511 512 511
512 513 512
513 514 513
514 515 514
515 516 515
516 517 516
517 518 517
518 519 518
519 520 519
520 521 520
521 522 521
522 523 522
523 524 523
524 525 524
525 526 525
526 527 526
527 528 527
528 529 528
529 530 529
530 531 530
531 532 531
532 533 532
533 534 533
534 535 534
535 536 535
536 537 536
537 538 537
538 539 538
539 540 539
540 541 540
541 542 541
542 543 542
543 544 543
544 545 544
545 546 545
546 547 546
547 548 547
548 549 548
549 550 549
550 551 550
551 552 551
552 553 552
553 554 553
554 555 554
555 556 555
556 557 556
557 558 557
558 559 558
559 560 559
560 561 560
561 562 561
562 563 562
563 564 563
564 565 564
565 566 565
566 567 566
567 568 567
568 569 568
569 570 569
570 571 570
571 572 571
572 573 572
573 574 573
574 575 574
575 576 575
576 577 576
577 578 577
578 579 578
579 580 579
580 581 580
581 582 581
582 583 582
583 584 583
584 585 584
585 586 585
586 587 586
587 588 587
588 589 588
589 590 589
590 591 590
591 592 591
592 593 592
593 594 593
594 595 594
595 596 595
596 597 596
597 598 597
598 599 598
599 600 599
600 1 600
600 599 601
598 597 602
596 595 603
594 593 604
592 591 605
590 589 606
588 587 607
586 585 608
584 583 609
582 581 610
580 579 611
578 577 612
576 575 613
574 573 614
572 571 615
570 569 616
568 567 617
566 565 618
564 563 619
562 561 620
560 559 621
558 557 622
556 555 623
554 553 624
552 551 625
550 549 626
548 547 627
546 545 628
544 543 629
542 541 630
540 539 631
538 537 632
536 535 633
534 533 634
532 531 635
530 529 636
528 527 637
526 525 638
524 523 639
522 521 640
520 519 641
518 517 642
516 515 643
514 513 644
512 511 645
510 509 646
508 507 647
506 505 648
504 503 649
502 501 650
500 499 651
498 497 652
496 495 653
494 493 654
492 491 655
490 489 656
488 487 657
486 485 658
484 483 659
482 481 660
480 479 661
478 477 662
476 475 663
474 473 664
472 471 665
470 469 666
468 467 667
466 465 668
464 463 669
462 461 670
460 459 671
458 457 672
456 455 673
454 453 674
452 451 675
450 449 676
448 447 677
446 445 678
444 443 679
442 441 680
440 439 681
438 437 682
436 435 683
434 433 684
432 431 685
430 429 686
428 427 687
426 425 688
424 423 689
422 421 690
420 419 691
418 417 692
416 415 693
414 413 694
412 411 695
410 409 696
408 407 697
406 405 698
404 403 699
402 401 700
400 399 701
398 397 702
396 395 703
394 393 704
392 391 705
390 389 706
388 387 707
386 385 708
384 383 709
382 381 710
380 379 711
378 377 712
376 375 713
374 373 714
372 371 715
370 369 716
368 367 717
366 365 718
364 363 719
362 361 720
360 359 721
358 357 722
356 355 723
354 353 724
352 351 725
350 349 726
348 347 727
346 345 728
344 343 729
342 341 730
340 339 731
338 337 732
336 335 733
334 333 734
332 331 735
330 329 736
328 327 737
326 325 738
324 323 739
322 321 740
320 319 741
318 317 742
316 315 743
314 313 744
312 311 745
310 309 746
308 307 747
306 305 748
304 303 749
302 301 750
300 299 751
298 297 752
296 295 753
294 293 754
292 291 755
290 289 756
288 287 757
286 285 758
284 283 759
282 281 760
280 279 761
278 277 762
276 275 763
274 273 764
272 271 765
270 269 766
268 267 767
266 265 768
264 263 769
262 261 770
260 259 771
258 257 772
256 255 773
254 253 774
252 251 775
250 249 776
248 247 777
246 245 778
244 243 779
242 241 780
240 239 781
238 237 782
236 235 783
234 233 784
232 231 785
230 229 786
228 227 787
226 225 788
224 223 789
222 221 790
220 219 791
218 217 792
216 215 793
214 213 794
212 211 795
210 209 796
208 207 797
206 205 798
204 203 799
202 201 800
200 199 801
198 197 802
196 195 803
194 193 804
192 191 805
190 189 806
188 187 807
186 185 808
184 183 809
182 181 810
180 179 811
178 177 812
176 175 813
174 173 814
172 171 815
170 169 816
168 167 817
166 165 818
164 163 819
162 161 820
160 159 821
158 157 822
156 155 823
154 153 824
152 151 825
150 149 826
148 147 827
146 145 828
144 143 829
142 141 830
140 139 831
138 137 832
136 135 833
134 133 834
132 131 835
130 129 836
128 127 837
126 125 838
124 123 839
122 121 840
120 119 841
118 117 842
116 115 843
114 113 844
112 111 845
110 109 846
108 107 847
106 105 848
104 103 849
102 101 850
100 99 851
98 97 852
96 95 853
94 93 854
92 91 855
90 89 856
88 87 857
86 85 858
84 83 859
82 81 860
80 79 861
78 77 862
76 75 863
74 73 864
72 71 865
70 69 866
68 67 867
66 65 868
64 63 869
62 61 870
60 59 871
58 57 872
56 55 873
54 53 874
52 51 875
50 49 876
48 47 877
46 45 878
44 43 879
42 41 880
40 39 881
38 37 882
36 35 883
34 33 884
32 31 885
30 29 886
28 27 887
26 25 888
24 23 889
22 21 890
20 19 891
18 17 892
16 15 893
14 13 894
12 11 895
10 9 896
8 7 897
6 5 898
4 3 899
2 1 900
