2
132285 7 159046 
3
88732 5 132285 4 65117 
3
98105 4 132285 8 137978 
4
125939 7 132285 4 7 6 201548 
4
159301 6 7 4 132285 5 69923 
3
43199 7 132285 4 164444 
4
94240 2 7 4 132285 8 6548 
3
2736 7 132285 4 128442 
3
123339 4 132285 4 105900 
3
201750 8 132285 8 90664 
3
127120 5 132285 4 54004 
3
74604 4 132285 4 99176 
3
120457 4 132285 8 201483 
3
9413 4 132285 4 29533 
4
48044 2 7 4 132285 8 84704 
3
119606 4 132285 4 146004 
3
175844 4 132285 4 23892 
3
30668 5 132285 5 93121 
3
111490 5 132285 5 174520 
3
78457 4 132285 4 53367 
3
7012 5 132285 5 2059 
3
181131 4 132285 4 13308 
3
189949 8 132285 7 141870 
3
179126 4 132285 7 170432 
3
195751 5 132285 5 115137 
3
9523 4 132285 8 37069 
3
57241 4 132285 4 178511 
3
63710 5 132285 8 134363 
3
121226 5 132285 4 23709 
3
44200 5 132285 7 79493 
3
168776 4 132285 4 191986 
3
58251 4 132285 4 174745 
3
74489 5 132285 7 51439 
3
99550 7 132285 5 107002 
3
59386 4 132285 7 32840 
3
97321 7 132285 4 35604 
3
181765 4 132285 4 193887 
3
45061 4 132285 4 105202 
3
78052 4 132285 5 23308 
4
84681 4 132285 4 7 2 80962 
3
127519 7 132285 7 7065 
3
1984 5 132285 4 190307 
3
100302 4 132285 7 74289 
3
95963 4 132285 4 203374 
3
113424 4 132285 7 173216 
3
68886 4 132285 4 51767 
3
153727 4 132285 5 100689 
3
61468 4 132285 4 122321 
3
74202 4 132285 4 133901 
4
156034 6 7 4 132285 4 73102 
3
173013 4 132285 5 155293 
4
193671 2 7 4 132285 5 27032 
3
83507 5 132285 4 193918 
3
28399 4 132285 7 82104 
3
48594 4 132285 5 127101 
3
21893 4 132285 5 146646 
3
28452 4 132285 8 77970 
3
17573 4 132285 5 156518 
3
77040 4 132285 4 3454 
3
84184 4 132285 8 34981 
3
132682 5 132285 4 78259 
3
126358 4 132285 5 197785 
3
126676 4 132285 5 171026 
3
155044 5 132285 5 141911 
4
88499 4 132285 4 16 3 200534 
3
99109 5 132285 5 188656 
3
201159 4 132285 8 114003 
3
156043 7 132285 4 166579 
4
82666 2 7 4 132285 5 118186 
3
66761 8 132285 4 98098 
3
87426 4 132285 8 110165 
3
72179 4 132285 4 190784 
3
129322 8 132285 8 196969 
3
51355 8 132285 5 64359 
3
62384 5 132285 5 151323 
3
152606 5 132285 4 172608 
3
53845 7 132285 7 68355 
3
98331 4 132285 5 153682 
3
110724 8 132285 7 145749 
3
37816 4 132285 7 112619 
3
152258 4 132285 4 79907 
3
19015 7 132285 4 9881 
3
200598 4 132285 5 180470 
4
122508 5 132285 4 7 2 195424 
3
83019 8 132285 7 195276 
3
153230 7 132285 4 10530 
3
124005 4 132285 4 199248 
3
85016 4 132285 4 119680 
3
59072 4 132285 8 83107 
3
80102 4 132285 4 109663 
3
80250 5 132285 4 98566 
3
59390 4 132285 4 112160 
3
56087 5 132285 4 27684 
4
129326 5 132285 4 7 2 20856 
3
126929 7 132285 5 146822 
3
125727 4 132285 4 106383 
3
59260 7 132285 5 27074 
3
94597 4 132285 4 169534 
3
43175 7 132285 5 85443 
3
145643 5 132285 4 135557 
3
189936 4 132285 4 122977 
3
135988 5 132285 5 107722 
3
54568 4 132285 4 54305 
3
151259 4 132285 7 105646 
4
193885 2 7 4 132285 4 35410 
3
181305 5 132285 4 34829 
3
186468 5 132285 7 80127 
3
166863 4 132285 4 82489 
3
139344 4 132285 4 74106 
3
131210 4 132285 8 197717 
3
86226 7 132285 5 95142 
3
112517 5 132285 4 107567 
3
97806 4 132285 4 96091 
3
11018 8 132285 4 60037 
3
197260 4 132285 5 78615 
3
76834 4 132285 5 104343 
3
151107 5 132285 5 149582 
3
89609 4 132285 4 157549 
4
78251 6 7 4 132285 5 25834 
3
75681 7 132285 8 202210 
4
118003 2 7 4 132285 5 37170 
3
27419 5 132285 4 164856 
3
84340 5 132285 4 55605 
3
118608 7 132285 8 138981 
3
56773 4 132285 5 97005 
3
70310 5 132285 8 81813 
3
74251 8 132285 8 193683 
3
116297 4 132285 5 69838 
3
141456 4 132285 4 69778 
3
80654 8 132285 4 43052 
3
17547 7 132285 4 90097 
3
64689 4 132285 5 172157 
3
95532 8 132285 8 102647 
3
106868 4 132285 8 14489 
3
199365 4 132285 4 91660 
3
198231 4 132285 5 40368 
3
15506 5 132285 4 130404 
3
145742 8 132285 5 69885 
4
159220 6 7 4 132285 7 1416 
3
198353 7 132285 5 35578 
3
56459 8 132285 4 198688 
3
133046 4 132285 5 149266 
3
33736 7 132285 5 98117 
3
33792 5 132285 4 136237 
3
25282 5 132285 4 76167 
3
50447 5 132285 7 73559 
3
196481 4 132285 4 199910 
3
92315 5 132285 4 147505 
3
173252 4 132285 5 193787 
3
21960 4 132285 4 70566 
3
23776 4 132285 4 68895 
3
87318 4 132285 4 135276 
3
110258 8 132285 4 126270 
3
113984 4 132285 4 122250 
3
165540 5 132285 4 110503 
3
152321 4 132285 4 143343 
3
89729 4 132285 5 172160 
3
155806 7 132285 4 141551 
3
128188 4 132285 4 159487 
3
45134 5 132285 5 140060 
3
127994 4 132285 5 53513 
3
57914 5 132285 4 184119 
3
171195 7 132285 5 154648 
3
178130 4 132285 4 60270 
3
187838 5 132285 4 192486 
3
175153 8 132285 4 131666 
3
96411 4 132285 5 197143 
5
16235 6 7 4 132285 4 7 2 72549 
3
39380 5 132285 8 7572 
3
165154 4 132285 4 52442 
3
136216 4 132285 4 73431 
3
61781 4 132285 5 92150 
3
109221 8 132285 4 73702 
3
115164 5 132285 4 143942 
3
144858 4 132285 4 51445 
3
78081 4 132285 4 41527 
3
77859 4 132285 4 186972 
3
48525 5 132285 5 88010 
3
18056 4 132285 4 25936 
4
71738 2 7 4 132285 5 196378 
3
57437 8 132285 7 160332 
3
186148 5 132285 4 31384 
3
204384 4 132285 4 52081 
3
132136 7 132285 4 97720 
3
5998 4 132285 5 1713 
3
121251 4 132285 7 118213 
3
103144 4 132285 4 193571 
3
186855 5 132285 7 132972 
3
191558 4 132285 4 61015 
3
16932 5 132285 8 197978 
3
170108 8 132285 4 42986 
3
3797 4 132285 4 165824 
3
203688 4 132285 7 142977 
3
42106 4 132285 4 121989 
3
13904 4 132285 4 96572 
3
63044 4 132285 4 75289 
3
40789 4 132285 4 55272 
3
30601 4 132285 5 12169 
3
151322 4 132285 5 155719 
3
106940 8 132285 4 100327 
3
8298 5 132285 5 179704 
3
70544 8 132285 5 156690 
3
102208 4 132285 5 110820 
3
150121 4 132285 8 155863 
3
8306 4 132285 4 116843 
3
181118 4 132285 4 36526 
3
90348 4 132285 7 85481 
3
134620 8 132285 5 34966 
3
184457 4 132285 4 17272 
3
22886 4 132285 4 105300 
3
180146 7 132285 4 138405 
3
134117 5 132285 5 35625 
3
173167 4 132285 4 42458 
3
43949 4 132285 7 70514 
3
74095 4 132285 5 10825 
3
182767 7 132285 5 53103 
3
25186 4 132285 7 37364 
3
147590 8 132285 8 137300 
4
64527 5 132285 4 7 2 43029 
3
155692 7 132285 4 147950 
3
149402 5 132285 8 111779 
3
183246 4 132285 4 131272 
3
202980 5 132285 5 134919 
4
159675 2 7 4 132285 4 175394 
3
77680 4 132285 4 4726 
3
182013 4 132285 7 25324 
3
168320 5 132285 4 185474 
3
93604 4 132285 4 191688 
3
136843 4 132285 4 138404 
3
95439 4 132285 4 80203 
3
39651 8 132285 4 150103 
3
134258 4 132285 4 59492 
3
1593 4 132285 4 134998 
3
38035 5 132285 8 68494 
3
118608 7 132285 4 57403 
3
196515 5 132285 5 155711 
3
159229 4 132285 4 152108 
3
151672 4 132285 8 71837 
3
92500 8 132285 5 83004 
3
68800 4 132285 4 123492 
3
74208 4 132285 4 70143 
3
124205 4 132285 4 189251 
4
109748 5 132285 4 7 2 182727 
3
32022 4 132285 5 81785 
3
60995 5 132285 4 186562 
3
67037 4 132285 4 197827 
3
122622 4 132285 8 90589 
3
38519 5 132285 4 88082 
3
102588 5 132285 5 32186 
4
7253 6 7 4 132285 4 148232 
3
91070 5 132285 4 6842 
3
186263 4 132285 4 28484 
3
106948 4 132285 4 58816 
3
74336 7 132285 4 27470 
3
194289 8 132285 4 168109 
3
107097 5 132285 4 189454 
3
102432 7 132285 4 53396 
3
204061 8 132285 4 90125 
3
52133 5 132285 4 56883 
3
193039 4 132285 5 67418 
3
31603 4 132285 5 173576 
3
99726 7 132285 5 100445 
3
200433 4 132285 4 74716 
3
61179 5 132285 7 24106 
3
170092 5 132285 7 17197 
3
4389 5 132285 4 185648 
3
94170 5 132285 8 178789 
3
100778 4 132285 4 147727 
3
202726 4 132285 4 174713 
3
2257 4 132285 4 105061 
3
10115 5 132285 4 142248 
3
87507 4 132285 4 104913 
3
76857 5 132285 4 128919 
3
195162 4 132285 7 158188 
3
26228 5 132285 4 201809 
3
172965 4 132285 4 12346 
3
16840 4 132285 4 174013 
3
30560 4 132285 4 160123 
3
103057 4 132285 4 203996 
3
49945 4 132285 5 112874 
3
130897 5 132285 4 8605 
3
102319 4 132285 5 150948 
3
74788 4 132285 4 194121 
3
196106 7 132285 7 50906 
3
189345 5 132285 7 54747 
3
3683 5 132285 7 158109 
3
150662 4 132285 5 59821 
3
197918 4 132285 4 33803 
3
109533 4 132285 4 63705 
3
145733 4 132285 4 47674 
3
190767 4 132285 7 194237 
3
191554 5 132285 4 126365 
3
56970 4 132285 4 47519 
3
36477 5 132285 4 165037 
4
19304 4 132285 4 7 6 32942 
3
73024 7 132285 7 67336 
4
82380 7 132285 4 16 3 133436 
3
23910 4 132285 5 60220 
3
93140 4 132285 4 26987 
3
41859 8 132285 4 29868 
3
94061 5 132285 4 203192 
3
159019 4 132285 4 131052 
3
72497 7 132285 4 44558 
3
149445 4 132285 4 21127 
3
51660 7 132285 5 29007 
3
24732 5 132285 4 202228 
3
109638 4 132285 4 114368 
3
73684 5 132285 4 147002 
3
54829 7 132285 7 96469 
3
39515 4 132285 4 30906 
3
173485 4 132285 8 172365 
3
165546 4 132285 8 82243 
4
117048 4 132285 4 7 6 34810 
4
44044 5 132285 4 7 6 179219 
3
17708 4 132285 4 15105 
3
78526 4 132285 5 203610 
3
91192 8 132285 5 186998 
3
121701 4 132285 5 114233 
3
68000 5 132285 4 186364 
3
130610 7 132285 4 60571 
3
129405 5 132285 4 93680 
3
84718 4 132285 5 107063 
3
15833 4 132285 4 45310 
3
123697 8 132285 5 107322 
3
141717 8 132285 7 183989 
3
58934 4 132285 7 187674 
3
66924 4 132285 5 163072 
3
190566 5 132285 4 169941 
3
46824 4 132285 5 33121 
3
195414 4 132285 7 14565 
3
88877 4 132285 4 81413 
3
84385 4 132285 4 91938 
3
200938 4 132285 5 28767 
3
64222 4 132285 5 23988 
3
98794 7 132285 4 173802 
3
32901 4 132285 7 104581 
3
123971 7 132285 4 156726 
4
195246 6 7 4 132285 4 60063 
3
43118 5 132285 5 117058 
3
151865 5 132285 4 156414 
3
24934 4 132285 4 89150 
3
144092 5 132285 4 133090 
4
17052 4 132285 4 7 6 76384 
3
194192 4 132285 4 124323 
3
40752 4 132285 5 23769 
3
124578 4 132285 8 175731 
3
181220 7 132285 5 90433 
4
114019 5 132285 4 7 2 94435 
3
157969 4 132285 5 42428 
3
133128 4 132285 4 131134 
3
127262 5 132285 5 7562 
3
133267 4 132285 4 178846 
3
17207 7 132285 4 127497 
3
12853 4 132285 4 111346 
3
180766 5 132285 5 188360 
3
112806 7 132285 8 169089 
3
74023 4 132285 4 182706 
3
37989 5 132285 4 6243 
3
104652 8 132285 5 112673 
3
70786 4 132285 4 100487 
3
155856 4 132285 4 74247 
3
193622 4 132285 5 51083 
3
177175 8 132285 5 158018 
3
36029 4 132285 4 204960 
3
176858 4 132285 4 92402 
3
197463 8 132285 4 93118 
3
170722 4 132285 4 171141 
3
45873 4 132285 4 160020 
3
70042 4 132285 4 18280 
3
51451 4 132285 7 196641 
3
186910 7 132285 7 6144 
3
52341 5 132285 4 26540 
3
152208 4 132285 8 124843 
3
197875 5 132285 5 9121 
3
47276 8 132285 4 55630 
3
62272 8 132285 4 116576 
3
26715 5 132285 7 91508 
3
129013 4 132285 4 26101 
3
167068 4 132285 4 114267 
3
109830 5 132285 4 87458 
3
135000 4 132285 4 80378 
3
91912 5 132285 4 138942 
3
19498 8 132285 8 175932 
3
50298 4 132285 8 88843 
3
127777 4 132285 4 175435 
3
128445 4 132285 7 39147 
3
194058 4 132285 4 65854 
3
70366 4 132285 5 107824 
3
182005 4 132285 4 164861 
3
70492 7 132285 4 107989 
3
42463 4 132285 4 113714 
3
24614 4 132285 5 83411 
3
64886 8 132285 4 36867 
3
169879 4 132285 7 63902 
3
31688 4 132285 5 182567 
3
59966 5 132285 4 169382 
3
119590 4 132285 4 73457 
3
79020 4 132285 5 117668 
3
102711 4 132285 5 17545 
3
4589 4 132285 4 105105 
3
27979 5 132285 4 142993 
3
108062 5 132285 8 130466 
3
24408 8 132285 4 42926 
3
128577 5 132285 4 169311 
3
151149 5 132285 4 107938 
3
167024 5 132285 4 168235 
3
56807 4 132285 4 38992 
3
115545 5 132285 5 91315 
3
148537 8 132285 4 100158 
3
76127 5 132285 5 61538 
3
98188 7 132285 5 102193 
3
31757 4 132285 5 52287 
3
124531 5 132285 4 185282 
3
202592 4 132285 4 99901 
3
61126 8 132285 4 113211 
3
179459 5 132285 5 64030 
3
134116 4 132285 5 152248 
3
136323 4 132285 4 195301 
3
195171 4 132285 7 142758 
3
144493 7 132285 5 27459 
3
43728 4 132285 4 192489 
4
168987 8 132285 4 7 6 169055 
3
138178 5 132285 4 165848 
3
83095 8 132285 4 65257 
3
85678 4 132285 4 28940 
3
164597 4 132285 4 38251 
4
77837 4 132285 4 7 6 180073 
3
153107 4 132285 4 35048 
3
33551 4 132285 4 198969 
3
199330 7 132285 4 27885 
3
54006 5 132285 4 87639 
3
190673 4 132285 4 37666 
3
176706 4 132285 4 46054 
3
170880 4 132285 8 80246 
3
42975 4 132285 5 169640 
4
103026 8 132285 4 7 2 174097 
3
3747 5 132285 4 122961 
3
128548 4 132285 4 74802 
4
58994 6 7 4 132285 4 7305 
3
97282 4 132285 7 76182 
3
186301 4 132285 4 197867 
3
172538 4 132285 5 116059 
4
53058 5 132285 4 7 6 71050 
3
76854 4 132285 4 28918 
3
26437 4 132285 4 146407 
3
30561 4 132285 8 110862 
3
96297 4 132285 4 68910 
4
49790 2 7 4 132285 4 28477 
3
75059 4 132285 4 17826 
3
40998 4 132285 5 176321 
3
53907 4 132285 5 62563 
3
62297 8 132285 4 48414 
3
11001 4 132285 7 89498 
3
152375 7 132285 4 158239 
3
113728 8 132285 5 81872 
3
90964 7 132285 4 102858 
3
190756 4 132285 5 2302 
3
166670 4 132285 5 59966 
3
84478 4 132285 4 2767 
3
139554 5 132285 4 19740 
3
86888 5 132285 4 43947 
3
74390 5 132285 4 144408 
3
94552 5 132285 4 72310 
3
204299 4 132285 4 155282 
3
169910 4 132285 5 75989 
3
27882 8 132285 5 181538 
3
105200 4 132285 5 67999 
3
192235 4 132285 4 90191 
3
96208 4 132285 4 133789 
3
200996 4 132285 5 178959 
3
90889 5 132285 8 8318 
3
90176 4 132285 5 68143 
3
200391 5 132285 4 48507 
3
64398 4 132285 4 96955 
3
84564 5 132285 5 78958 
3
120677 4 132285 7 174177 
3
119394 4 132285 4 201051 
3
18692 4 132285 4 160470 
3
22892 4 132285 5 10733 
3
65208 8 132285 4 188358 
3
24407 5 132285 4 167228 
3
81278 8 132285 7 26054 
3
190847 4 132285 4 151992 
3
187371 4 132285 4 72132 
3
142537 4 132285 4 8856 
3
32626 4 132285 7 28736 
3
87371 4 132285 8 65627 
3
104645 5 132285 5 152929 
3
106944 5 132285 5 170033 
3
70563 4 132285 4 48191 
3
100724 8 132285 5 88989 
3
203555 4 132285 4 152169 
3
108913 5 132285 4 109322 
3
100037 4 132285 5 92816 
3
175121 4 132285 7 148683 
3
137194 4 132285 4 5951 
3
154343 4 132285 4 10097 
3
140085 7 132285 5 79209 
3
130476 5 132285 5 204213 
3
106405 4 132285 7 13473 
3
18062 7 132285 4 32272 
3
79864 8 132285 4 153423 
3
55347 4 132285 4 204929 
3
135900 7 132285 5 156952 
3
32245 4 132285 4 40219 
3
98598 4 132285 5 110543 
3
161385 5 132285 5 130398 
3
172826 8 132285 4 35385 
3
72281 5 132285 4 111562 
3
164881 5 132285 4 69086 
3
202682 4 132285 4 122675 
3
134743 5 132285 4 164327 
3
22257 4 132285 4 84394 
3
91046 4 132285 8 59773 
3
61187 4 132285 4 195974 
3
91406 4 132285 4 187282 
3
140890 5 132285 4 143838 
3
38264 4 132285 5 181408 
3
70001 4 132285 4 10913 
3
125156 8 132285 4 41714 
3
79607 4 132285 4 182196 
3
138257 4 132285 4 18877 
3
53704 4 132285 4 41926 
3
83049 4 132285 4 41805 
3
83036 4 132285 4 145439 
3
197557 5 132285 4 46467 
3
109759 4 132285 4 84332 
3
127590 4 132285 4 36404 
3
38618 7 132285 5 194762 
3
71941 8 132285 4 48326 
3
3062 4 132285 5 133082 
3
185950 4 132285 5 36848 
3
80703 4 132285 4 12737 
3
171271 8 132285 4 133863 
3
1455 4 132285 4 102887 
3
132631 4 132285 5 165162 
3
20335 4 132285 4 161410 
3
157706 4 132285 5 126921 
3
48259 4 132285 4 8700 
3
31746 4 132285 8 45206 
3
40885 4 132285 4 107046 
3
181721 5 132285 8 135755 
3
159336 5 132285 4 152079 
3
18516 7 132285 5 132640 
3
45408 4 132285 4 101814 
3
30454 4 132285 4 50745 
3
146389 4 132285 4 10538 
3
29478 4 132285 4 133722 
3
182365 4 132285 4 136241 
3
162954 7 132285 4 20970 
3
177388 4 132285 4 4597 
4
195618 4 132285 4 7 2 82116 
3
26410 4 132285 4 112544 
3
116020 4 132285 5 71839 
3
190570 4 132285 4 43072 
3
122493 5 132285 7 199978 
3
86416 4 132285 8 111783 
3
86120 4 132285 4 5717 
3
39249 5 132285 5 65884 
3
67303 7 132285 5 134944 
3
25115 4 132285 4 172464 
3
162641 5 132285 5 27699 
4
196786 7 132285 4 7 2 127897 
3
200199 5 132285 5 23821 
4
43546 8 132285 4 7 6 27515 
3
114641 5 132285 4 65019 
3
120436 5 132285 5 64854 
3
28015 5 132285 4 79585 
3
94774 4 132285 4 109165 
3
103619 4 132285 4 4055 
3
132260 4 132285 4 12321 
3
152238 5 132285 5 82420 
3
128384 4 132285 5 119234 
3
18608 7 132285 5 400 
3
187235 4 132285 8 92942 
3
45110 4 132285 4 12698 
3
138790 4 132285 5 10955 
3
175597 4 132285 5 139884 
3
152110 4 132285 4 152777 
4
82904 7 132285 4 7 6 111166 
3
25748 4 132285 4 21805 
3
22224 4 132285 4 136661 
3
189251 4 132285 5 80462 
3
124449 5 132285 4 30750 
3
70795 5 132285 4 16641 
3
165991 5 132285 5 140952 
3
202590 5 132285 5 200945 
3
37001 5 132285 4 95214 
3
98180 4 132285 4 29208 
3
52275 4 132285 5 202402 
3
52616 4 132285 4 83474 
4
83463 2 7 4 132285 5 190179 
3
150924 4 132285 4 190818 
3
55985 5 132285 4 11043 
4
41947 7 132285 4 7 6 122524 
3
56653 4 132285 4 17707 
3
191458 7 132285 4 132045 
3
170773 4 132285 7 155878 
3
44844 8 132285 8 13815 
3
4898 4 132285 8 81704 
3
150900 4 132285 5 169134 
3
43872 4 132285 4 181105 
4
33319 4 132285 4 7 6 44473 
3
151373 4 132285 4 45635 
3
182463 4 132285 5 22321 
3
59386 4 132285 4 192809 
3
25728 4 132285 8 122527 
3
136840 5 132285 5 112202 
3
14253 4 132285 4 158834 
3
176539 4 132285 4 99898 
3
2055 4 132285 4 104568 
3
188746 5 132285 5 79587 
5
143317 6 7 4 132285 4 7 6 23254 
3
35957 7 132285 4 128806 
3
34890 5 132285 4 180820 
3
126528 4 132285 4 24614 
3
73031 4 132285 4 44508 
3
23858 4 132285 7 52288 
3
93742 4 132285 5 169903 
3
200854 5 132285 4 82190 
3
99039 8 132285 4 34548 
3
135078 7 132285 5 17594 
3
150816 4 132285 4 64149 
3
181292 5 132285 5 159658 
3
70607 4 132285 4 105251 
3
91909 4 132285 4 72804 
3
32739 4 132285 4 166216 
3
179853 8 132285 4 87573 
3
10274 7 132285 5 29809 
3
126104 4 132285 8 63809 
3
174175 4 132285 4 203025 
3
27665 4 132285 8 1081 
3
164963 4 132285 4 95835 
3
112424 4 132285 4 149915 
3
65786 7 132285 4 110496 
3
48533 4 132285 5 18161 
3
201121 4 132285 4 23247 
3
178520 5 132285 7 121633 
3
105254 5 132285 8 118204 
3
120203 4 132285 4 72751 
3
50672 4 132285 4 167595 
3
155200 5 132285 5 149206 
3
188893 4 132285 4 1012 
3
152890 4 132285 4 188508 
3
105384 4 132285 5 114801 
3
118126 4 132285 4 55282 
3
113482 4 132285 4 200247 
3
126666 4 132285 4 201599 
4
189599 4 132285 4 7 2 51392 
3
147426 5 132285 5 72201 
3
133974 4 132285 5 173915 
3
111842 4 132285 4 9008 
3
14584 5 132285 8 200070 
3
161695 4 132285 7 101325 
3
174564 4 132285 5 199440 
4
108094 7 132285 4 7 2 97780 
3
22865 4 132285 4 168661 
3
3215 5 132285 8 97911 
3
114607 5 132285 8 13973 
3
46794 4 132285 5 40672 
4
99951 4 132285 4 7 2 196089 
3
172969 8 132285 5 170076 
3
196830 4 132285 4 100588 
3
84392 4 132285 5 41610 
3
131039 4 132285 5 11112 
4
95358 2 7 4 132285 8 61224 
3
56488 5 132285 5 189276 
3
200622 4 132285 4 127510 
3
124647 4 132285 8 66031 
3
159927 4 132285 4 170290 
3
196930 8 132285 7 69705 
3
58841 4 132285 4 27745 
3
181477 7 132285 8 64710 
3
13237 4 132285 4 33197 
3
43704 4 132285 4 150917 
3
71564 4 132285 4 107411 
3
23365 4 132285 7 134308 
3
92077 5 132285 4 48414 
3
187445 4 132285 4 20352 
3
114846 4 132285 4 146699 
3
86046 4 132285 4 109724 
3
168196 8 132285 8 124790 
3
72304 5 132285 4 109392 
3
68184 4 132285 5 53918 
3
153834 4 132285 5 184996 
3
123287 4 132285 4 100956 
3
121147 4 132285 8 100974 
3
97815 4 132285 4 43280 
3
170342 4 132285 4 61035 
3
47431 4 132285 5 154697 
3
104014 5 132285 4 141433 
3
141580 4 132285 4 130549 
3
92371 4 132285 8 192405 
3
187061 4 132285 4 178387 
3
192858 4 132285 4 197258 
4
168671 4 132285 4 7 2 8961 
3
70947 8 132285 4 116760 
3
107683 5 132285 8 153244 
3
57633 4 132285 4 106438 
3
108074 4 132285 4 23360 
3
90509 5 132285 4 45173 
3
83233 7 132285 4 105930 
3
130185 8 132285 7 39771 
3
65790 7 132285 4 21871 
3
135006 5 132285 4 174181 
3
60319 4 132285 4 94138 
3
105963 4 132285 4 159162 
3
67193 4 132285 4 200371 
3
134533 4 132285 4 84736 
3
134393 5 132285 4 163580 
3
140347 4 132285 8 60611 
3
59711 4 132285 5 79191 
3
45788 5 132285 8 155687 
3
36415 4 132285 4 191420 
3
138088 4 132285 4 94790 
3
125425 8 132285 4 67038 
3
124594 5 132285 5 151856 
3
77672 4 132285 5 109400 
3
146345 5 132285 4 56933 
3
145292 4 132285 5 191293 
3
49984 7 132285 4 1096 
3
204138 4 132285 4 96572 
3
83021 4 132285 4 182821 
3
189064 4 132285 5 41370 
3
178899 4 132285 4 65484 
3
81698 5 132285 5 190149 
3
36844 5 132285 7 109031 
3
146663 8 132285 4 21675 
3
173110 4 132285 4 172708 
3
6386 4 132285 4 9495 
3
97011 4 132285 4 4492 
3
50936 7 132285 4 96321 
3
36855 4 132285 5 200602 
4
168794 8 132285 4 7 2 144669 
3
12660 4 132285 4 196327 
3
64972 7 132285 4 139684 
3
190119 7 132285 5 115687 
3
74875 8 132285 5 128793 
3
176764 4 132285 4 41941 
3
32638 4 132285 4 159581 
3
3214 4 132285 5 185482 
3
53723 4 132285 5 55325 
3
111787 4 132285 4 189632 
3
122414 4 132285 5 95389 
3
23725 4 132285 8 150316 
3
70986 4 132285 4 72331 
3
164949 4 132285 4 118734 
3
192583 4 132285 4 63139 
3
143532 7 132285 4 50469 
3
135720 4 132285 4 4285 
3
108403 4 132285 4 168944 
3
93761 4 132285 5 188256 
3
185306 7 132285 4 125443 
3
15826 8 132285 4 203086 
3
3851 4 132285 4 20868 
3
198291 5 132285 8 178463 
3
55181 4 132285 4 93970 
4
41576 2 7 4 132285 5 181189 
3
161626 4 132285 7 118021 
3
75408 5 132285 4 125032 
3
141067 4 132285 4 38324 
3
43624 5 132285 4 125804 
3
152398 4 132285 4 1466 
3
150764 8 132285 4 24088 
3
204963 4 132285 5 138177 
4
125840 1 12 4 132285 8 69412 
3
113234 5 132285 4 80995 
3
8901 4 132285 7 105176 
3
151314 5 132285 5 163732 
3
196325 4 132285 4 38184 
3
51091 4 132285 8 92763 
3
62283 4 132285 4 55199 
3
86576 7 132285 5 153654 
3
196475 5 132285 4 70227 
3
162415 4 132285 4 60654 
3
27033 4 132285 5 203939 
3
191703 5 132285 4 15182 
3
76196 8 132285 4 18166 
3
3931 4 132285 4 22673 
4
21569 5 132285 4 7 6 60069 
3
184212 4 132285 8 194600 
3
92115 4 132285 4 8329 
3
174186 8 132285 4 175235 
3
62692 4 132285 8 64116 
3
173811 4 132285 4 186236 
3
155057 5 132285 4 35825 
3
16090 5 132285 4 28341 
3
167211 4 132285 4 130844 
3
82905 5 132285 4 143688 
3
6156 4 132285 4 29522 
3
1687 4 132285 8 169656 
3
152483 7 132285 4 95910 
3
177483 4 132285 5 123109 
3
94936 4 132285 4 156095 
3
12839 4 132285 4 28530 
3
38910 5 132285 4 64905 
3
73368 5 132285 4 54014 
3
76354 7 132285 4 137118 
3
68299 4 132285 4 82681 
3
14702 7 132285 5 47632 
3
49644 4 132285 4 130990 
3
165800 5 132285 4 112668 
3
176924 4 132285 5 178627 
3
45966 8 132285 4 63905 
3
59009 5 132285 4 118292 
3
175529 8 132285 7 195686 
3
9163 4 132285 4 43676 
3
9842 4 132285 4 145072 
3
113221 4 132285 4 104629 
3
74881 4 132285 8 190612 
3
48256 4 132285 7 47653 
3
100620 4 132285 4 126561 
3
146792 5 132285 5 101796 
3
87054 4 132285 7 99372 
3
180221 4 132285 5 48084 
3
146592 4 132285 5 70356 
3
204178 5 132285 7 190853 
3
172738 7 132285 5 110669 
3
14502 4 132285 4 130294 
3
139468 4 132285 4 33018 
3
191212 4 132285 4 168258 
3
163675 7 132285 4 86347 
3
47019 5 132285 4 136202 
3
110220 4 132285 4 54960 
3
73530 4 132285 5 51437 
3
185406 4 132285 4 57877 
3
7311 4 132285 5 96385 
3
93940 4 132285 4 67850 
3
137738 4 132285 7 204068 
3
33268 5 132285 5 5939 
3
64740 7 132285 5 190126 
3
120926 4 132285 4 103902 
3
28280 4 132285 4 91350 
3
172547 5 132285 5 42967 
3
119015 4 132285 5 63677 
3
41899 4 132285 7 170324 
3
165677 4 132285 4 145550 
3
187247 4 132285 4 32269 
3
11992 4 132285 5 127137 
3
190548 7 132285 4 58969 
3
163276 4 132285 8 59285 
3
117075 7 132285 4 29070 
3
60430 8 132285 4 22947 
4
93718 4 132285 4 7 2 44255 
3
109717 4 132285 5 175237 
3
110489 5 132285 4 51878 
3
180532 5 132285 4 136323 
3
130108 4 132285 7 156031 
3
178740 7 132285 8 20394 
3
4949 5 132285 4 196905 
3
19164 4 132285 7 6209 
4
187226 2 7 4 132285 4 142957 
3
155658 4 132285 8 186901 
3
175246 5 132285 4 146266 
3
61113 4 132285 4 165921 
3
31491 4 132285 4 109591 
3
158818 4 132285 4 3906 
3
115416 4 132285 4 64716 
4
169491 4 132285 4 7 2 59242 
3
36223 8 132285 7 197275 
3
31673 4 132285 7 124510 
3
50919 4 132285 4 45294 
3
153939 4 132285 4 138491 
3
112556 4 132285 4 160551 
3
149245 4 132285 4 28435 
3
118562 4 132285 8 9020 
3
65062 8 132285 4 85026 
3
105670 5 132285 5 147601 
3
53287 4 132285 5 142473 
3
81544 4 132285 8 72488 
3
35154 4 132285 5 143669 
3
196975 4 132285 5 22713 
3
116059 5 132285 4 129332 
3
106668 5 132285 4 88954 
4
199766 4 132285 4 7 2 145143 
3
46841 4 132285 5 51920 
3
13531 5 132285 4 65491 
3
77213 4 132285 4 105494 
3
159082 4 132285 4 53445 
3
16734 4 132285 5 146971 
3
191843 5 132285 5 26323 
3
25015 4 132285 4 110851 
3
130122 4 132285 4 186664 
3
118716 5 132285 5 89795 
3
121311 5 132285 5 170504 
3
59696 4 132285 7 32528 
3
151898 5 132285 7 189351 
3
40278 5 132285 4 60340 
4
150427 6 7 4 132285 7 39108 
4
61703 8 132285 4 7 2 139232 
3
116875 4 132285 4 43483 
3
43150 4 132285 5 196242 
3
97568 5 132285 5 86778 
3
169150 4 132285 4 100289 
3
7674 4 132285 7 188156 
3
111978 5 132285 4 168491 
4
95242 2 7 4 132285 4 11220 
3
96175 5 132285 4 7570 
3
60807 5 132285 5 116221 
3
94431 4 132285 4 137804 
3
88875 4 132285 4 58537 
3
38818 4 132285 4 140813 
3
84036 4 132285 4 159070 
3
81331 4 132285 4 86194 
3
26271 7 132285 5 199807 
3
84567 8 132285 4 86298 
3
171182 4 132285 7 91607 
3
193868 4 132285 7 197988 
3
40147 4 132285 4 102684 
3
146347 7 132285 5 162298 
3
12248 4 132285 4 181248 
3
56473 5 132285 7 81044 
3
186118 4 132285 8 119529 
3
59141 5 132285 5 21470 
3
46139 7 132285 5 148849 
3
65602 4 132285 5 145246 
3
6765 5 132285 5 78027 
3
14930 7 132285 5 196221 
3
82434 4 132285 5 31429 
3
23595 4 132285 4 74061 
3
39391 8 132285 4 627 
3
11908 4 132285 4 204134 
4
18329 2 7 4 132285 5 179969 
3
123078 8 132285 4 94438 
3
154169 7 132285 7 10031 
3
108876 5 132285 4 78937 
3
188945 5 132285 5 82270 
3
13145 5 132285 4 99678 
3
86882 5 132285 4 42794 
3
86434 5 132285 4 175747 
3
91974 5 132285 5 44944 
3
194515 4 132285 4 12694 
3
163373 4 132285 5 174254 
3
74954 4 132285 4 152310 
3
128421 5 132285 4 50443 
3
133291 4 132285 7 25539 
3
86818 4 132285 5 122991 
3
176406 4 132285 4 32785 
3
74811 7 132285 7 132683 
3
194307 4 132285 4 153464 
3
172752 5 132285 4 74704 
3
4434 7 132285 4 52955 
3
177208 4 132285 4 141137 
3
63953 5 132285 4 77493 
3
72141 4 132285 4 88661 
3
29829 4 132285 8 133657 
3
74400 4 132285 4 73987 
3
53443 4 132285 4 182608 
3
4983 5 132285 4 39729 
3
50346 4 132285 4 19345 
3
202530 5 132285 7 153342 
3
12181 4 132285 4 6598 
3
180663 4 132285 4 122444 
3
28211 8 132285 4 143814 
3
173943 4 132285 4 58902 
3
95036 8 132285 5 23554 
3
148899 5 132285 4 9335 
3
116884 5 132285 8 190357 
3
47729 8 132285 4 58317 
3
155332 4 132285 4 45173 
3
134 4 132285 8 116741 
3
10849 4 132285 7 382 
4
197165 7 132285 4 7 2 60990 
3
189428 4 132285 4 204000 
4
97511 2 7 4 132285 4 71973 
3
67832 4 132285 7 185879 
3
21812 4 132285 5 46363 
3
13303 5 132285 4 156171 
3
9427 4 132285 4 18333 
3
94278 5 132285 5 141441 
3
141369 4 132285 4 32153 
3
70326 8 132285 8 99390 
3
24149 4 132285 4 175836 
3
86705 4 132285 8 187420 
3
168359 4 132285 4 3565 
3
5526 4 132285 4 65815 
3
1388 4 132285 4 132673 
3
99382 4 132285 5 116762 
3
55161 8 132285 4 88527 
3
2669 4 132285 4 139397 
3
183861 4 132285 4 5702 
3
28602 4 132285 4 178441 
3
187557 4 132285 8 148655 
3
182852 4 132285 7 63033 
3
183598 4 132285 4 186684 
3
32373 4 132285 8 63850 
3
115128 4 132285 4 15275 
3
198384 4 132285 5 200242 
3
161150 5 132285 5 103821 
3
84911 8 132285 4 28580 
3
174127 4 132285 4 131407 
3
159842 4 132285 8 121476 
3
80211 4 132285 7 153700 
4
3125 2 7 4 132285 5 81165 
3
117366 4 132285 4 29884 
3
190142 4 132285 5 197033 
3
186328 5 132285 4 76964 
3
24604 8 132285 5 186129 
3
164583 4 132285 4 103494 
3
10634 5 132285 4 23294 
3
14880 4 132285 4 86442 
3
59629 4 132285 4 18353 
3
198772 5 132285 4 202334 
3
137594 4 132285 4 140278 
3
146536 4 132285 4 8795 
3
96659 5 132285 5 85908 
3
140165 4 132285 4 114177 
4
117246 6 7 4 132285 4 110479 
3
85061 4 132285 4 191975 
3
33401 7 132285 4 93019 
4
172229 4 132285 4 7 2 199395 
3
112269 4 132285 4 43262 
3
146411 4 132285 5 158069 
3
3457 4 132285 5 50038 
3
12792 5 132285 4 53818 
3
26924 4 132285 5 102725 
3
112267 8 132285 7 5080 
3
158080 4 132285 5 108992 
3
101762 4 132285 4 195277 
3
7667 4 132285 4 113766 
3
93217 4 132285 4 138525 
3
140339 4 132285 4 132253 
3
25041 4 132285 7 3114 
4
17483 2 7 4 132285 5 142904 
3
31362 4 132285 4 132094 
3
195804 7 132285 5 136784 
3
69987 4 132285 4 152156 
4
62770 2 7 4 132285 7 127600 
3
59068 8 132285 4 186869 
3
188948 4 132285 4 176399 
3
202207 4 132285 5 193819 
3
91979 4 132285 4 38316 
3
189053 5 132285 4 4910 
3
196770 5 132285 4 144576 
3
157894 7 132285 7 168236 
3
118854 8 132285 4 192 
3
19814 4 132285 5 100880 
3
159055 7 132285 8 97654 
3
91225 7 132285 5 153696 
3
135749 4 132285 5 70107 
3
144094 7 132285 5 194498 
3
9381 4 132285 4 55031 
3
53582 4 132285 4 55996 
3
51379 4 132285 4 126767 
3
92601 5 132285 8 96427 
3
2704 4 132285 8 191236 
3
192424 5 132285 4 15383 
3
72897 5 132285 4 178038 
3
131359 4 132285 4 83979 
3
137562 4 132285 4 121397 
3
70982 7 132285 7 16044 
3
94956 4 132285 4 194171 
3
100138 4 132285 5 52280 
3
127184 8 132285 4 4790 
3
13695 4 132285 5 40895 
3
62675 4 132285 5 33477 
3
154140 5 132285 4 36545 
3
128940 5 132285 4 23696 
3
31827 5 132285 4 93911 
3
91072 8 132285 4 40778 
3
44168 4 132285 4 88671 
3
140404 4 132285 4 113884 
3
107809 5 132285 7 185151 
3
51790 4 132285 4 142325 
3
7467 8 132285 8 186621 
3
1171 5 132285 5 63934 
3
132951 4 132285 4 56714 
3
163587 4 132285 7 132692 
3
71879 8 132285 4 203603 
3
136417 5 132285 4 113112 
4
110336 4 132285 4 7 6 145248 
3
198008 5 132285 5 42677 
3
87690 7 132285 7 36910 
3
162488 7 132285 4 129057 
3
159815 4 132285 4 182481 
3
118507 4 132285 8 42036 
3
193694 5 132285 4 40911 
3
186523 4 132285 4 195176 
3
64022 4 132285 5 24744 
3
127443 4 132285 4 25121 
3
173854 4 132285 4 77287 
3
126284 4 132285 4 66438 
4
40737 4 132285 4 7 6 31487 
3
91506 4 132285 5 98117 
3
172922 8 132285 5 50742 
3
43591 4 132285 4 6176 
3
166740 4 132285 5 192838 
3
46927 4 132285 7 75522 
3
75046 5 132285 4 12695 
3
100696 4 132285 4 106482 
3
454 8 132285 4 186168 
3
175411 4 132285 7 188475 
3
137854 4 132285 4 3134 
-1
3
57491 4 132285 4 54177 
3
139205 4 132285 8 50470 
3
153844 4 132285 4 25014 
4
134969 4 132285 4 7 6 74361 
3
119808 4 132285 5 118491 
3
13465 4 132285 8 90083 
3
131742 4 132285 5 55406 
3
142614 4 132285 4 98483 
3
52627 5 132285 4 12174 
3
147739 5 132285 4 203511 
3
36488 4 132285 4 184523 
3
2692 4 132285 4 72429 
3
94653 4 132285 4 145785 
3
84512 4 132285 4 148780 
4
115552 6 7 4 132285 4 134070 
3
10748 4 132285 4 193057 
3
60690 4 132285 4 26644 
3
72575 5 132285 8 18916 
3
107986 5 132285 4 27310 
3
8935 4 132285 7 98770 
3
29143 4 132285 7 17901 
3
45166 4 132285 4 14821 
3
194969 4 132285 5 197477 
3
83783 4 132285 5 51087 
3
52604 4 132285 4 61024 
3
197619 5 132285 5 44117 
3
118056 4 132285 4 37560 
3
45150 4 132285 4 47085 
3
32690 5 132285 5 92600 
3
88834 4 132285 8 112417 
3
22787 4 132285 7 157121 
3
99746 7 132285 5 171953 
3
8051 5 132285 4 5925 
3
13060 5 132285 4 175230 
3
44714 4 132285 4 47456 
3
180268 4 132285 4 4023 
3
150493 4 132285 5 201400 
3
163995 8 132285 5 93296 
3
33644 4 132285 5 174328 
3
106025 4 132285 4 143009 
3
3069 4 132285 4 77363 
3
120929 4 132285 5 56880 
3
93415 4 132285 4 160798 
3
9477 4 132285 4 114735 
3
69910 4 132285 4 80493 
3
40997 4 132285 4 36471 
3
73518 8 132285 4 174200 
3
202595 5 132285 5 103514 
3
21278 7 132285 8 87012 
3
39977 4 132285 7 61311 
3
189254 4 132285 8 69527 
3
94842 5 132285 4 22335 
3
150339 8 132285 4 164929 
3
163969 5 132285 4 114246 
3
97094 5 132285 5 110221 
3
192026 4 132285 4 166452 
3
89140 5 132285 4 76718 
3
175542 4 132285 5 23487 
3
203654 4 132285 4 179581 
3
14035 4 132285 4 102320 
3
169083 5 132285 5 441 
3
175179 4 132285 4 192755 
3
72924 7 132285 8 159788 
3
158036 4 132285 4 13452 
3
12290 5 132285 4 125301 
3
147428 4 132285 4 111180 
3
152790 4 132285 4 5535 
3
146960 4 132285 4 81409 
3
2454 4 132285 8 152989 
3
186276 4 132285 7 123907 
3
182581 7 132285 4 173761 
4
145943 2 7 4 132285 8 92785 
3
29908 5 132285 8 46136 
3
179601 5 132285 4 101767 
3
85758 4 132285 4 31297 
3
176408 7 132285 8 177907 
4
2377 2 7 4 132285 4 102660 
3
54288 4 132285 4 157007 
3
56970 4 132285 4 132093 
3
177352 4 132285 8 123146 
3
18418 4 132285 5 27276 
3
71856 4 132285 8 77427 
3
148184 7 132285 8 72174 
3
100692 4 132285 4 37810 
3
87084 4 132285 4 138927 
4
125940 4 132285 4 7 2 177243 
4
104942 4 132285 4 7 2 135224 
3
169096 5 132285 4 843 
3
131988 4 132285 4 159499 
3
151608 4 132285 4 116816 
3
200968 4 132285 7 45037 
3
61295 4 132285 4 44683 
3
112616 5 132285 5 3554 
3
70456 4 132285 4 131315 
3
193396 4 132285 5 75294 
3
180648 7 132285 4 150200 
3
176623 5 132285 4 156937 
3
71610 4 132285 4 39427 
3
9512 4 132285 4 136147 
3
102379 4 132285 4 169447 
3
19501 4 132285 7 82911 
3
139914 4 132285 4 98444 
3
52479 5 132285 5 57895 
4
164349 7 132285 4 7 2 174605 
3
3444 8 132285 4 8152 
3
54927 4 132285 4 53168 
3
180503 4 132285 5 71939 
3
66451 5 132285 4 160529 
3
110803 4 132285 8 10375 
3
192364 4 132285 4 110342 
3
121979 4 132285 5 47289 
3
120738 4 132285 5 2988 
3
4368 4 132285 4 96260 
3
181682 4 132285 5 129171 
3
65243 5 132285 8 92729 
3
39527 4 132285 4 176886 
3
114209 4 132285 5 90307 
3
110344 5 132285 4 167683 
4
65961 8 132285 4 7 2 11612 
3
54505 8 132285 8 76368 
3
114999 8 132285 5 144943 
3
64786 8 132285 5 30476 
3
65813 4 132285 4 134333 
3
11635 4 132285 4 185778 
3
177976 4 132285 4 19653 
3
113450 4 132285 5 40076 
3
83068 8 132285 4 77979 
4
186467 2 7 4 132285 5 37133 
3
10 8 132285 4 46292 
3
13652 7 132285 4 201535 
3
21052 7 132285 4 137736 
3
155939 4 132285 4 94884 
3
67181 4 132285 4 136457 
3
147243 5 132285 5 78593 
3
171296 4 132285 4 156560 
3
148977 4 132285 5 132411 
3
36781 4 132285 4 24892 
3
75669 4 132285 4 108448 
3
68519 8 132285 5 24302 
3
521 4 132285 4 76780 
3
170770 7 132285 4 123584 
3
19138 5 132285 5 121298 
3
75284 4 132285 5 21950 
3
172372 5 132285 4 74751 
3
11242 4 132285 4 169086 
3
163296 4 132285 4 7782 
3
110674 8 132285 4 203429 
3
150796 4 132285 4 202062 
3
17883 7 132285 4 26451 
3
58571 4 132285 4 96886 
3
177702 4 132285 5 198049 
3
27753 8 132285 4 171686 
3
37581 5 132285 8 202004 
3
123341 4 132285 5 185328 
3
173064 5 132285 4 150983 
4
109544 4 132285 4 7 6 25756 
3
180338 4 132285 4 125971 
3
28870 4 132285 4 148088 
3
24418 4 132285 7 103576 
3
52311 4 132285 5 87490 
3
29700 4 132285 5 75446 
3
90250 5 132285 4 15187 
3
44641 5 132285 4 68041 
3
76292 4 132285 4 186646 
3
145548 4 132285 5 107006 
3
26324 5 132285 5 134106 
3
105304 8 132285 7 124611 
3
180821 4 132285 7 113758 
3
203594 8 132285 8 130620 
3
66545 7 132285 4 9828 
3
195680 4 132285 4 58278 
3
831 5 132285 4 3154 
3
136079 4 132285 5 167959 
3
33426 4 132285 4 46031 
3
148601 4 132285 4 180287 
3
38616 5 132285 5 176151 
3
16301 4 132285 4 93030 
3
74656 5 132285 7 167990 
3
101987 8 132285 5 89082 
3
202973 4 132285 4 202664 
3
178906 4 132285 5 139141 
3
200987 4 132285 4 201351 
3
36802 8 132285 4 27888 
3
71751 4 132285 5 34065 
3
63288 4 132285 4 59042 
3
107306 5 132285 4 77106 
3
140984 7 132285 4 81628 
3
40150 7 132285 4 35037 
3
185412 7 132285 4 191240 
3
105435 7 132285 4 41611 
3
68763 4 132285 4 93379 
3
28220 4 132285 8 8284 
3
195415 4 132285 4 171209 
3
158661 7 132285 4 132699 
3
24833 5 132285 4 15497 
3
199118 4 132285 4 156900 
3
45948 4 132285 4 79671 
3
26905 5 132285 8 7429 
3
37809 4 132285 7 62103 
3
160342 4 132285 5 112841 
3
91004 4 132285 4 32159 
3
201506 4 132285 7 2078 
3
164920 4 132285 5 91311 
3
39062 7 132285 5 58444 
3
101752 4 132285 4 5565 
3
67686 4 132285 4 10829 
3
137434 4 132285 5 5339 
3
154450 4 132285 4 198243 
3
183587 5 132285 8 98536 
3
140150 8 132285 8 203547 
3
158690 5 132285 4 177030 
4
63092 10 12 4 132285 8 110841 
3
60824 8 132285 4 165603 
3
166912 5 132285 4 60572 
3
93138 4 132285 4 113774 
3
8309 4 132285 4 45900 
3
122631 7 132285 4 149776 
3
154294 5 132285 4 68605 
3
82716 5 132285 8 14139 
4
94899 4 132285 4 7 6 65774 
4
190868 4 132285 4 7 2 200725 
3
125972 4 132285 4 101785 
3
132004 4 132285 4 37730 
3
37360 4 132285 4 4379 
4
21781 2 7 4 132285 4 104727 
3
82333 4 132285 4 614 
3
99211 4 132285 4 44978 
3
131223 4 132285 7 116355 
3
115174 8 132285 5 46611 
3
147694 4 132285 4 172363 
4
27965 4 132285 4 7 6 15601 
3
15472 4 132285 7 157467 
3
130295 8 132285 4 30229 
3
84103 4 132285 5 107828 
3
97251 4 132285 5 154486 
3
105142 8 132285 4 117486 
3
85401 4 132285 4 116228 
3
169158 5 132285 7 82104 
3
96802 5 132285 7 125135 
3
177749 4 132285 4 186728 
4
200637 2 7 4 132285 5 184566 
3
94794 5 132285 4 188699 
3
155915 4 132285 4 54362 
3
42846 5 132285 5 55134 
3
76351 8 132285 5 87849 
3
21092 5 132285 4 149171 
3
173879 5 132285 4 9415 
3
102101 8 132285 8 121747 
3
201379 4 132285 4 192326 
3
160916 4 132285 4 186446 
3
42630 4 132285 4 145171 
3
39985 5 132285 4 45052 
3
203388 4 132285 5 202961 
3
12595 4 132285 4 193645 
3
101034 8 132285 5 2008 
3
201148 5 132285 4 111956 
3
122424 5 132285 5 80629 
3
108116 5 132285 8 14971 
3
116841 4 132285 8 140539 
3
193143 4 132285 4 72356 
3
50164 4 132285 5 56785 
3
65878 5 132285 4 67910 
3
29871 8 132285 4 137555 
3
69376 5 132285 4 199329 
3
171076 4 132285 4 127297 
4
55271 6 7 4 132285 5 203764 
3
56850 4 132285 7 40534 
3
98041 5 132285 8 203301 
3
86265 4 132285 4 134813 
3
194589 7 132285 4 25173 
3
134766 4 132285 8 70225 
3
4320 4 132285 8 98324 
3
54425 4 132285 4 82574 
3
85272 5 132285 7 152280 
3
198392 4 132285 4 133179 
4
178118 4 132285 4 7 2 8301 
4
2208 4 132285 4 7 6 77490 
3
44856 7 132285 4 175392 
3
203634 5 132285 4 199106 
3
13869 5 132285 4 111184 
3
158218 4 132285 7 192798 
3
60485 4 132285 4 165063 
3
129805 4 132285 4 133398 
3
120028 4 132285 4 80579 
3
190523 4 132285 5 76612 
3
116015 4 132285 4 164320 
3
187663 4 132285 4 77757 
3
84616 4 132285 4 62415 
3
159176 7 132285 4 11351 
3
117207 4 132285 4 21785 
3
125546 8 132285 5 87749 
3
97633 5 132285 4 171237 
3
199158 4 132285 4 8493 
3
163745 4 132285 4 125047 
3
173287 5 132285 8 13188 
3
187907 4 132285 4 204276 
4
10020 4 132285 4 7 2 95850 
3
20988 4 132285 4 73898 
3
130769 5 132285 4 21167 
3
72924 7 132285 4 18582 
4
146937 6 7 4 132285 7 17664 
3
144502 4 132285 5 58621 
3
26721 4 132285 5 163509 
3
10350 8 132285 5 12887 
4
99343 2 7 4 132285 8 175075 
4
75894 6 7 4 132285 4 36669 
3
61133 7 132285 5 25047 
3
104553 4 132285 4 188901 
3
13115 4 132285 4 193709 
3
201650 4 132285 5 82808 
3
170685 5 132285 5 155618 
3
93781 4 132285 5 194605 
3
97624 4 132285 4 65319 
3
194907 4 132285 4 3539 
3
10572 4 132285 4 72724 
3
105879 4 132285 4 26469 
3
82196 4 132285 4 130433 
3
61663 4 132285 4 158066 
3
194196 8 132285 4 135053 
3
80159 4 132285 4 50669 
3
132160 7 132285 4 43807 
3
141846 4 132285 4 81133 
3
29506 5 132285 8 163381 
3
30889 4 132285 4 122875 
3
151767 7 132285 4 186229 
3
48108 4 132285 8 138509 
3
117244 5 132285 8 83090 
3
52447 7 132285 4 132967 
3
4419 4 132285 4 198872 
3
28115 8 132285 4 139109 
3
19252 5 132285 4 170938 
3
158525 4 132285 5 131005 
3
1675 4 132285 5 149931 
3
134553 7 132285 4 117424 
3
192954 5 132285 8 92103 
3
55522 5 132285 4 97610 
3
56831 5 132285 5 147954 
3
170404 4 132285 4 73742 
3
83615 4 132285 4 17105 
3
12047 4 132285 4 157880 
3
78240 4 132285 4 40868 
3
28902 8 132285 4 110507 
3
67036 4 132285 8 16904 
3
88606 4 132285 7 95716 
3
129370 4 132285 8 53549 
3
74407 5 132285 4 38451 
3
195511 5 132285 5 29506 
4
195284 6 7 4 132285 5 123546 
4
187245 6 7 4 132285 5 134889 
3
107609 5 132285 4 100275 
5
72782 2 7 4 132285 4 7 2 79495 
3
63875 8 132285 4 170870 
3
92392 4 132285 4 184336 
3
102754 4 132285 4 6562 
3
174906 4 132285 4 64636 
3
65263 4 132285 4 38406 
3
67665 4 132285 5 154645 
3
178129 7 132285 5 32876 
3
142233 5 132285 4 30154 
3
183199 8 132285 5 105720 
3
9804 4 132285 4 193389 
3
202074 7 132285 4 1936 
4
100330 4 132285 4 7 2 94011 
3
164735 4 132285 8 41130 
3
72608 5 132285 5 86007 
3
161624 7 132285 4 157942 
3
23689 4 132285 4 78301 
3
202237 4 132285 4 173848 
3
48037 4 132285 4 172454 
3
159897 7 132285 5 185998 
3
102546 5 132285 4 67511 
3
54426 4 132285 4 26819 
3
132811 4 132285 7 197385 
3
62900 5 132285 4 202777 
3
67495 4 132285 4 14887 
3
27408 4 132285 4 87753 
3
105563 4 132285 5 179604 
3
108114 5 132285 4 60501 
3
5777 4 132285 5 174751 
3
94973 7 132285 5 3620 
3
135563 4 132285 4 69770 
3
159933 4 132285 8 33711 
3
80946 4 132285 4 20619 
3
18898 4 132285 5 29573 
3
170471 4 132285 7 44658 
3
39080 4 132285 5 114918 
3
19966 4 132285 5 170310 
3
77788 5 132285 5 126141 
3
82112 4 132285 4 150360 
4
48954 6 7 4 132285 7 84722 
4
79959 4 132285 4 7 2 139765 
3
29228 4 132285 8 24164 
3
136129 5 132285 5 123867 
3
47358 8 132285 4 199981 
3
52649 7 132285 7 32930 
3
134421 4 132285 4 139417 
3
79324 5 132285 5 193570 
3
141934 8 132285 4 6653 
3
76665 4 132285 7 190943 
3
54847 8 132285 7 87174 
3
69577 5 132285 5 109797 
3
129065 4 132285 4 88424 
3
26755 4 132285 4 199771 
3
66990 4 132285 4 156964 
3
134337 8 132285 5 144069 
3
3235 4 132285 8 122673 
3
52558 5 132285 5 154499 
3
123858 4 132285 5 192293 
3
151295 4 132285 7 201818 
3
23795 5 132285 8 125386 
3
193712 4 132285 4 182825 
3
69513 4 132285 8 123366 
3
58983 4 132285 4 33229 
3
199650 4 132285 4 176068 
3
173405 5 132285 4 191644 
3
1533 7 132285 5 201682 
3
91825 5 132285 4 100176 
3
121171 4 132285 7 91039 
3
155969 4 132285 4 57183 
3
94410 5 132285 4 110038 
3
204602 5 132285 4 198993 
3
135089 4 132285 8 48358 
3
122712 4 132285 5 19635 
3
178034 8 132285 4 33970 
3
144427 5 132285 5 164590 
3
31419 4 132285 4 192233 
3
107759 7 132285 5 188898 
3
67933 8 132285 4 101650 
3
105188 4 132285 4 167182 
3
181894 4 132285 5 7891 
3
96865 7 132285 7 117391 
4
193610 5 132285 4 7 2 74344 
3
92805 4 132285 4 139098 
3
66621 5 132285 7 21111 
3
108479 4 132285 5 107283 
3
1055 4 132285 4 109993 
3
37549 5 132285 4 177400 
3
12998 4 132285 8 17117 
3
181798 8 132285 4 56236 
3
119136 4 132285 5 2059 
3
58516 4 132285 4 176332 
3
56773 4 132285 5 152767 
3
66564 5 132285 4 193468 
3
172397 4 132285 4 186242 
3
118571 4 132285 4 140824 
3
85369 8 132285 5 15881 
3
107157 4 132285 4 91165 
4
90496 6 7 4 132285 4 66975 
3
126663 8 132285 4 92802 
3
40410 5 132285 5 75799 
3
33119 4 132285 8 151360 
3
82409 4 132285 4 63576 
4
4497 5 132285 4 7 2 111040 
3
32900 4 132285 4 101093 
3
12450 4 132285 5 184060 
3
196201 4 132285 4 3299 
3
42546 4 132285 4 184735 
3
124041 7 132285 7 197277 
3
114439 4 132285 4 158184 
3
132475 5 132285 5 97364 
3
36827 5 132285 8 30438 
3
152867 5 132285 4 59936 
3
76059 8 132285 5 146750 
3
5470 4 132285 4 203762 
3
146621 4 132285 7 196882 
3
152240 5 132285 5 101425 
3
132312 5 132285 4 59352 
3
174212 4 132285 4 22742 
3
102219 4 132285 4 70928 
3
152992 5 132285 4 122827 
4
28632 4 132285 4 7 6 162479 
3
139701 4 132285 4 157806 
5
60753 2 7 4 132285 4 7 6 181615 
3
103474 5 132285 5 91543 
3
156053 8 132285 5 76271 
3
201814 5 132285 5 94105 
3
159840 4 132285 7 21772 
3
22749 4 132285 5 13760 
3
177614 4 132285 4 27548 
4
139990 2 7 4 132285 8 114588 
3
79663 4 132285 8 82700 
3
20672 4 132285 4 165263 
3
88681 4 132285 4 41550 
3
61311 7 132285 5 8356 
3
181008 4 132285 4 13602 
3
156789 8 132285 5 199917 
3
30858 4 132285 4 152173 
3
960 5 132285 4 154116 
3
111160 8 132285 4 57107 
3
25207 4 132285 5 92840 
3
165545 4 132285 4 74882 
3
2519 7 132285 4 143240 
3
203528 4 132285 4 49832 
3
16687 4 132285 7 29437 
3
107499 4 132285 4 15431 
3
181054 4 132285 4 27358 
3
68118 4 132285 4 197095 
3
156992 4 132285 4 134232 
3
80343 5 132285 4 48896 
3
81724 4 132285 4 23446 
3
90073 5 132285 7 40623 
3
175438 4 132285 4 144106 
3
142355 4 132285 4 156055 
4
4645 4 132285 4 7 2 16780 
3
163701 8 132285 4 84478 
3
161564 7 132285 5 169148 
3
176811 5 132285 4 102314 
3
126945 4 132285 4 104983 
4
141596 4 132285 4 12 9 107203 
3
63511 4 132285 8 159717 
3
14530 4 132285 4 107175 
3
1048 4 132285 5 198843 
3
166691 4 132285 8 138238 
3
96344 5 132285 5 71156 
3
138598 4 132285 7 84900 
3
40000 8 132285 4 148833 
3
8275 5 132285 5 154918 
4
78810 4 132285 4 7 6 8613 
3
89985 8 132285 4 417 
4
150737 6 7 4 132285 5 130869 
3
198375 4 132285 4 14365 
3
187033 5 132285 4 154957 
3
10845 7 132285 4 32550 
3
191711 4 132285 5 122930 
3
120963 4 132285 4 26066 
3
180642 4 132285 5 65922 
3
203318 4 132285 4 72394 
3
2306 8 132285 4 175230 
3
195643 4 132285 4 180381 
3
127687 4 132285 4 169642 
4
101888 2 7 4 132285 4 108179 
3
99852 4 132285 4 111506 
3
87937 4 132285 4 31522 
3
38739 5 132285 7 11527 
3
144156 5 132285 4 177695 
3
91674 4 132285 5 49127 
3
10437 4 132285 5 146444 
3
49427 4 132285 5 161976 
4
45377 5 132285 4 7 2 72703 
3
117472 5 132285 4 66072 
3
11840 8 132285 5 29285 
3
73118 7 132285 5 103799 
4
17257 4 132285 4 7 6 62787 
3
177536 4 132285 4 70373 
3
146905 4 132285 4 25225 
3
53372 4 132285 4 79332 
3
191890 7 132285 4 159155 
3
33104 4 132285 4 35921 
3
139775 4 132285 4 74585 
3
54263 4 132285 4 25382 
3
70823 5 132285 5 138585 
3
62923 4 132285 7 191390 
3
117145 4 132285 4 185154 
3
89356 4 132285 4 125761 
3
14356 4 132285 5 107667 
3
180322 4 132285 8 175277 
3
1858 4 132285 7 183093 
4
154170 6 7 4 132285 5 18360 
3
37806 8 132285 8 30612 
3
115197 4 132285 4 95524 
3
90309 8 132285 8 117457 
3
102499 4 132285 4 109328 
3
95133 8 132285 4 21110 
3
70556 4 132285 4 51412 
3
85469 5 132285 5 66963 
3
169967 5 132285 7 200660 
4
22484 4 132285 4 7 6 126095 
3
120243 5 132285 5 151448 
3
27838 4 132285 4 182950 
3
79103 4 132285 4 37529 
3
2739 4 132285 4 8644 
3
99318 5 132285 8 162970 
3
201250 5 132285 5 109033 
3
9018 7 132285 5 158602 
3
24943 4 132285 7 162305 
3
3635 7 132285 4 3056 
3
154111 8 132285 4 148894 
3
112148 4 132285 4 103915 
3
167850 4 132285 4 146447 
4
193991 2 7 4 132285 5 124810 
3
80379 7 132285 7 179251 
3
5561 8 132285 8 168316 
3
31628 5 132285 5 40925 
3
63816 4 132285 4 51853 
3
72122 8 132285 4 14887 
3
115729 4 132285 8 124747 
3
95393 5 132285 4 33301 
3
182971 4 132285 5 86041 
3
108474 4 132285 5 179186 
3
103125 7 132285 8 204978 
3
106122 4 132285 5 189277 
3
135071 7 132285 7 55299 
3
170669 4 132285 5 109838 
3
41899 4 132285 5 46562 
3
204265 4 132285 7 138920 
3
140022 4 132285 4 181660 
3
132114 4 132285 5 98439 
3
198720 4 132285 4 159124 
3
56441 8 132285 4 196499 
3
25339 4 132285 4 106720 
4
132612 6 7 4 132285 5 151315 
4
95079 7 132285 4 7 6 141764 
3
131456 4 132285 5 7025 
3
177645 5 132285 4 60550 
3
63387 8 132285 8 60934 
3
117197 5 132285 8 94199 
3
71171 5 132285 4 109102 
3
8827 7 132285 4 53405 
4
97432 6 7 4 132285 4 116927 
3
59291 5 132285 7 123092 
3
114995 5 132285 4 22319 
3
23828 4 132285 4 93610 
3
103940 8 132285 4 52894 
3
179329 7 132285 5 191552 
3
68869 4 132285 4 122461 
3
57347 5 132285 4 10032 
3
198629 4 132285 8 22154 
3
12360 4 132285 5 93377 
3
16297 7 132285 5 164159 
3
184737 7 132285 5 68753 
3
334 5 132285 7 53827 
3
21492 5 132285 5 184276 
3
12694 4 132285 5 125146 
3
151386 4 132285 4 88737 
3
191398 4 132285 4 67638 
3
49456 5 132285 4 94524 
3
163416 4 132285 4 43341 
3
120391 7 132285 4 171607 
4
76952 1 12 4 132285 5 148345 
3
170425 4 132285 5 185458 
3
151098 4 132285 4 163225 
3
54306 7 132285 4 197709 
3
76102 5 132285 4 38611 
3
188352 4 132285 4 24371 
3
60926 7 132285 4 28690 
3
30848 4 132285 4 173120 
3
171240 5 132285 4 155582 
3
18867 4 132285 4 184918 
3
18895 5 132285 8 50192 
3
131974 8 132285 4 149332 
3
200641 5 132285 4 187 
3
54354 7 132285 8 120040 
4
81084 6 7 4 132285 4 175695 
3
48015 4 132285 4 107871 
3
68461 8 132285 7 145447 
3
140460 5 132285 4 123402 
3
142380 4 132285 4 53743 
4
32182 6 7 4 132285 4 11950 
3
137725 5 132285 5 115592 
4
182034 8 132285 4 7 2 156309 
3
156312 4 132285 4 204815 
3
72288 5 132285 4 116028 
3
68693 4 132285 4 142128 
3
72049 4 132285 8 192219 
3
10550 4 132285 4 44287 
3
180483 7 132285 4 151508 
3
9587 4 132285 5 55263 
3
40135 4 132285 4 189729 
3
155460 8 132285 5 6995 
3
15221 4 132285 5 42564 
3
97708 5 132285 4 4960 
3
163211 7 132285 8 201476 
3
192240 5 132285 8 65266 
3
137889 4 132285 7 193146 
3
138211 4 132285 4 94748 
3
125764 4 132285 5 28337 
3
11816 4 132285 5 118380 
3
148638 5 132285 4 143113 
3
96058 4 132285 5 26051 
3
70054 4 132285 5 148165 
3
182542 4 132285 5 108284 
4
81382 6 7 4 132285 5 147458 
3
160853 7 132285 4 59383 
3
8729 4 132285 5 191319 
3
122859 4 132285 4 163798 
4
72942 2 7 4 132285 4 87723 
3
75175 4 132285 4 3457 
3
31609 4 132285 4 1351 
3
4879 8 132285 5 10981 
3
76551 4 132285 4 34953 
3
160175 4 132285 4 179793 
4
30736 2 7 4 132285 5 27232 
3
135290 8 132285 8 28709 
3
57685 4 132285 7 28502 
3
61785 7 132285 4 5103 
3
159269 8 132285 4 17038 
3
137223 5 132285 4 184541 
3
165032 8 132285 4 74640 
3
68823 5 132285 4 68866 
4
439 8 132285 4 7 2 97828 
3
42522 4 132285 4 185032 
3
86172 5 132285 5 8802 
3
4487 4 132285 8 181840 
3
179352 4 132285 5 87684 
3
192975 5 132285 4 85562 
3
43529 8 132285 4 65719 
3
190103 8 132285 5 132144 
3
67993 4 132285 4 142803 
3
66985 4 132285 5 3776 
3
22246 4 132285 4 155857 
4
80393 6 7 4 132285 4 119795 
3
81393 4 132285 4 71357 
3
150268 8 132285 4 121007 
3
176012 8 132285 4 47687 
3
93736 5 132285 5 188635 
4
161570 5 132285 4 7 6 129412 
3
16765 4 132285 4 182493 
3
194763 5 132285 5 31096 
3
55630 4 132285 4 58825 
3
170825 4 132285 8 128416 
3
68457 4 132285 4 152824 
3
122931 5 132285 4 122054 
3
15551 4 132285 5 170427 
3
27253 4 132285 5 174207 
3
481 4 132285 8 159456 
3
161918 4 132285 4 22867 
3
21294 5 132285 4 31292 
3
52263 7 132285 5 204320 
3
115909 8 132285 5 110227 
3
199908 8 132285 4 196392 
3
108870 5 132285 5 43632 
3
73780 4 132285 4 27574 
3
113445 4 132285 8 180824 
3
186812 4 132285 4 38119 
3
77064 5 132285 8 166181 
3
176814 5 132285 4 57012 
3
121973 7 132285 4 144992 
3
93804 4 132285 5 158952 
3
30409 4 132285 4 183053 
4
8296 6 7 4 132285 4 13412 
3
116175 5 132285 4 116237 
3
130256 7 132285 4 42615 
3
86324 5 132285 4 43739 
3
112229 4 132285 5 40043 
3
83744 4 132285 4 116555 
3
183964 8 132285 5 93618 
3
192651 4 132285 4 155933 
3
76850 7 132285 8 153185 
5
143620 9 12 4 132285 4 7 6 1418 
3
163430 4 132285 5 24055 
3
63344 8 132285 4 95852 
3
39733 5 132285 4 158393 
3
43821 4 132285 8 43372 
3
22134 8 132285 4 24261 
3
68608 4 132285 5 126463 
3
173961 4 132285 5 56352 
3
195716 4 132285 7 53322 
3
137450 4 132285 5 26683 
3
4502 4 132285 4 110359 
3
137639 4 132285 5 13437 
3
40166 5 132285 4 204846 
3
170659 4 132285 5 4966 
3
135179 8 132285 5 32778 
3
114745 4 132285 5 107099 
3
93140 4 132285 4 138160 
3
119504 4 132285 4 136221 
3
181029 4 132285 4 46026 
3
92755 5 132285 4 61709 
3
144491 5 132285 5 186578 
3
159784 5 132285 7 67350 
4
172732 4 132285 4 7 6 51917 
3
13011 8 132285 4 61584 
3
42508 4 132285 4 113817 
3
200704 5 132285 5 104692 
3
133568 4 132285 4 20045 
3
117930 4 132285 4 53643 
3
165701 4 132285 4 26752 
3
197638 4 132285 5 108723 
3
159020 4 132285 4 129559 
3
181396 4 132285 4 64954 
3
117706 4 132285 4 156416 
3
74065 4 132285 4 148328 
3
54613 5 132285 7 183407 
3
114481 5 132285 5 77272 
3
93336 4 132285 4 58697 
3
119885 4 132285 5 74090 
3
190475 5 132285 5 101470 
3
180214 7 132285 4 173457 
3
54041 4 132285 4 70475 
3
136767 4 132285 4 93219 
3
75196 4 132285 5 123084 
3
45285 5 132285 7 101341 
3
135626 4 132285 5 203010 
3
203799 8 132285 4 26473 
3
84057 4 132285 4 144653 
3
70222 5 132285 7 156540 
3
95895 4 132285 4 151745 
3
74424 4 132285 4 144295 
3
137433 5 132285 4 184655 
3
152512 4 132285 5 8171 
3
196118 4 132285 4 194911 
3
25606 4 132285 4 32493 
3
22805 4 132285 4 30619 
3
67150 7 132285 8 157216 
3
29100 4 132285 5 62987 
3
60194 4 132285 4 103087 
3
160930 4 132285 4 110729 
3
127420 7 132285 4 168098 
4
131325 6 7 4 132285 4 169365 
3
157683 4 132285 4 73701 
3
64636 4 132285 4 138166 
3
77086 4 132285 4 36533 
3
132562 4 132285 4 64404 
3
99445 5 132285 7 36016 
3
14033 5 132285 4 18236 
3
153956 4 132285 8 145556 
3
194969 4 132285 4 17185 
3
113331 5 132285 4 76218 
3
62539 4 132285 4 34230 
3
33138 5 132285 4 62651 
3
150360 4 132285 4 128035 
4
168087 5 132285 4 7 6 17726 
3
106316 4 132285 4 105592 
3
37556 4 132285 4 194826 
3
173498 5 132285 4 76009 
3
35836 4 132285 5 147085 
3
16237 5 132285 4 80675 
3
43807 4 132285 4 127905 
3
129104 4 132285 4 36277 
3
141152 4 132285 5 38710 
3
204591 4 132285 5 181224 
3
169199 4 132285 4 149543 
4
35306 2 7 4 132285 4 163785 
3
163202 4 132285 4 87444 
3
44786 7 132285 4 47075 
3
14940 4 132285 8 24489 
3
98565 8 132285 5 106590 
3
178341 4 132285 4 189254 
3
34767 4 132285 5 85888 
3
168283 7 132285 7 78455 
3
3709 4 132285 4 145161 
3
95926 5 132285 4 65226 
3
122537 5 132285 5 143602 
3
152793 4 132285 8 38464 
3
46943 4 132285 4 196908 
3
14787 4 132285 4 44452 
3
56158 4 132285 4 35674 
3
103902 4 132285 4 47542 
3
62203 4 132285 4 93557 
3
2021 7 132285 4 50699 
3
86407 4 132285 8 82362 
3
131904 4 132285 4 174289 
3
76880 4 132285 5 188006 
3
96661 8 132285 4 56444 
3
161781 5 132285 4 120294 
4
11538 4 132285 4 7 2 30107 
3
9451 4 132285 4 72460 
3
124617 5 132285 4 164167 
3
166611 4 132285 4 44985 
3
41412 4 132285 4 148458 
3
16738 4 132285 4 5737 
3
138614 4 132285 8 90968 
3
145904 5 132285 4 78932 
3
41877 4 132285 4 203017 
3
115419 5 132285 7 138 
3
47612 5 132285 8 54059 
3
62383 8 132285 8 97356 
3
9679 4 132285 4 42284 
3
204542 4 132285 5 57686 
3
121387 4 132285 5 9349 
3
171433 7 132285 5 165832 
3
72307 4 132285 4 46178 
3
203995 4 132285 4 145384 
3
184181 8 132285 4 14341 
3
108817 5 132285 4 93990 
3
117140 4 132285 5 196442 
4
49946 6 7 4 132285 4 85768 
3
65391 5 132285 4 127869 
3
70711 4 132285 5 144694 
3
193172 4 132285 5 137931 
3
32514 4 132285 4 197572 
3
112001 8 132285 7 82366 
3
83847 4 132285 8 126570 
3
77613 7 132285 4 134450 
3
138279 4 132285 4 69993 
3
114472 4 132285 4 19133 
3
63182 4 132285 5 170461 
3
197145 4 132285 4 146488 
3
203089 4 132285 7 189680 
4
148111 6 7 4 132285 4 23075 
3
102887 4 132285 5 138809 
3
158915 4 132285 5 149044 
3
11772 4 132285 4 97833 
4
6407 8 132285 4 7 6 36071 
3
157123 4 132285 4 194121 
3
190620 8 132285 4 24853 
3
153967 4 132285 4 115686 
3
135465 5 132285 4 46353 
3
200465 4 132285 4 40841 
3
67573 4 132285 5 111501 
3
117779 7 132285 7 52222 
3
41419 4 132285 5 141871 
3
84915 5 132285 5 19619 
3
187539 4 132285 4 11783 
3
25767 7 132285 4 117199 
3
183981 4 132285 4 101567 
3
36582 5 132285 4 75300 
3
165134 5 132285 4 137610 
3
64105 4 132285 4 16081 
3
135536 5 132285 5 137968 
4
38332 7 132285 4 7 2 152364 
3
42433 5 132285 7 159023 
3
81272 4 132285 4 89867 
3
190183 7 132285 4 97329 
3
147574 4 132285 5 183007 
3
149611 5 132285 4 148435 
3
62920 5 132285 5 185985 
3
79089 4 132285 4 26888 
3
64734 4 132285 7 84386 
3
47833 4 132285 4 204073 
3
155191 5 132285 4 134536 
3
197040 4 132285 4 171213 
3
105741 4 132285 4 128770 
3
112252 4 132285 7 121083 
3
27601 4 132285 5 111447 
3
2493 5 132285 4 70868 
3
164696 5 132285 5 147151 
3
58056 5 132285 7 120293 
4
40006 2 7 4 132285 4 106542 
3
202979 4 132285 4 37614 
3
63570 5 132285 4 163481 
3
131374 5 132285 5 65967 
3
190096 4 132285 5 126582 
3
62488 8 132285 4 151874 
3
175005 4 132285 7 79506 
3
132165 4 132285 8 76043 
3
36181 4 132285 5 204524 
3
3856 4 132285 4 52832 
3
198130 4 132285 5 168190 
3
173391 4 132285 4 197239 
3
39226 5 132285 4 30272 
4
128352 4 132285 4 7 6 180073 
3
202051 5 132285 5 87556 
3
20148 4 132285 4 189096 
3
75607 4 132285 4 98056 
3
199130 4 132285 4 60019 
3
150697 4 132285 7 181195 
3
177725 5 132285 4 162797 
3
66569 4 132285 4 132654 
3
99282 5 132285 4 21803 
3
21375 8 132285 8 79166 
3
2700 8 132285 5 84070 
4
187939 2 7 4 132285 4 165635 
3
76545 5 132285 4 104429 
3
151788 4 132285 5 50020 
3
113095 5 132285 5 166662 
3
116137 4 132285 5 108829 
3
39950 7 132285 4 63385 
3
165716 5 132285 4 27542 
3
132469 4 132285 7 153842 
3
30087 5 132285 5 16608 
3
141247 5 132285 5 27032 
3
142472 7 132285 4 26290 
3
135357 4 132285 7 192932 
3
164158 5 132285 7 138890 
3
5217 4 132285 4 112819 
3
110701 4 132285 4 27442 
3
12016 4 132285 4 32565 
3
115216 4 132285 4 21864 
4
109541 4 132285 4 7 6 2142 
3
11868 4 132285 5 116495 
4
178132 2 7 4 132285 5 59667 
3
198193 4 132285 4 114302 
3
177924 4 132285 4 114584 
3
100714 8 132285 4 13183 
4
120339 2 7 4 132285 4 15209 
3
95874 4 132285 4 97084 
3
57892 4 132285 4 187109 
3
48233 8 132285 8 183818 
3
24961 4 132285 4 19634 
3
102687 4 132285 5 79187 
3
148511 5 132285 5 109882 
3
137870 4 132285 7 36063 
3
181724 5 132285 5 19917 
3
67644 5 132285 5 37678 
3
31458 8 132285 8 76217 
3
119781 4 132285 5 107287 
3
158401 4 132285 5 54254 
3
5324 4 132285 4 151844 
3
21938 4 132285 4 76801 
3
24759 5 132285 4 112215 
3
157856 4 132285 5 30019 
3
94713 5 132285 8 115092 
3
153850 4 132285 5 137256 
3
78860 4 132285 8 14509 
3
78618 4 132285 4 17113 
3
125673 5 132285 7 19739 
3
121378 4 132285 5 159536 
3
39412 4 132285 4 147893 
3
112044 4 132285 4 61149 
3
106658 4 132285 7 133263 
3
15499 8 132285 4 182673 
3
49791 5 132285 4 184720 
3
78132 4 132285 4 97397 
3
52964 5 132285 4 80280 
3
36486 7 132285 4 38080 
3
53057 4 132285 4 188797 
3
14153 4 132285 4 84717 
3
175633 5 132285 4 13462 
3
25663 4 132285 5 182654 
3
64143 4 132285 5 146647 
3
183319 4 132285 4 102978 
3
99676 4 132285 4 36218 
3
100246 8 132285 4 65572 
3
83507 5 132285 4 33094 
3
77353 8 132285 4 117548 
3
154804 4 132285 4 52079 
3
186214 5 132285 7 99247 
3
26191 4 132285 4 14051 
3
109932 4 132285 7 33675 
3
136189 4 132285 4 14419 
3
121473 4 132285 7 56551 
3
80073 4 132285 5 25047 
3
121813 4 132285 5 3985 
3
14650 7 132285 4 158716 
3
128874 4 132285 4 158709 
3
110636 5 132285 5 117762 
3
96786 4 132285 4 96434 
3
180373 4 132285 4 106172 
3
120140 7 132285 4 28905 
3
96513 4 132285 5 177019 
3
22119 5 132285 5 114590 
3
11865 4 132285 5 159987 
3
55362 4 132285 5 16428 
3
27271 4 132285 4 156451 
3
177364 4 132285 8 154993 
3
43011 4 132285 4 48720 
3
142077 4 132285 4 184291 
3
122014 4 132285 4 144598 
3
144446 4 132285 4 80518 
3
38021 4 132285 5 629 
3
2452 4 132285 7 35545 
3
82438 4 132285 4 126355 
3
180877 4 132285 4 190867 
3
33524 5 132285 4 27281 
3
100949 5 132285 5 42382 
3
75237 4 132285 4 87909 
3
37740 5 132285 8 89692 
3
26147 4 132285 4 110921 
3
68368 4 132285 4 39647 
3
41181 5 132285 8 33093 
3
31664 4 132285 8 43839 
3
193707 4 132285 4 136371 
4
51205 2 7 4 132285 4 25346 
3
141478 4 132285 4 70827 
3
194066 4 132285 5 52002 
3
50449 4 132285 4 49174 
3
117196 4 132285 4 29721 
3
134885 4 132285 4 114728 
4
172966 2 7 4 132285 4 53843 
3
183617 4 132285 8 19036 
4
196081 4 132285 4 7 6 45725 
3
60203 8 132285 5 70791 
3
137441 4 132285 5 153843 
3
78776 4 132285 7 132201 
4
99240 4 132285 4 7 2 47694 
3
117281 4 132285 5 129475 
3
74173 4 132285 5 147512 
3
29140 5 132285 4 91258 
3
89638 4 132285 4 188183 
3
79976 8 132285 4 60321 
3
127757 4 132285 4 30171 
3
4880 4 132285 5 34246 
3
57678 8 132285 4 198375 
3
19576 5 132285 5 31368 
3
48981 5 132285 4 22466 
3
52015 4 132285 4 110473 
3
184830 4 132285 5 41288 
3
107878 4 132285 4 112177 
3
68312 4 132285 8 119622 
3
167431 4 132285 8 46032 
3
18503 5 132285 4 134814 
4
55480 4 132285 4 12 9 126476 
3
202527 4 132285 5 101481 
3
166885 5 132285 7 29559 
3
194462 4 132285 4 138835 
3
50710 4 132285 4 23883 
3
177259 4 132285 7 103404 
3
17101 4 132285 4 18851 
3
176040 4 132285 5 22119 
3
95364 4 132285 5 98082 
3
59040 4 132285 4 63334 
3
145913 5 132285 4 65777 
3
89677 7 132285 4 61536 
3
117772 4 132285 4 41052 
3
72671 4 132285 8 11539 
3
133381 5 132285 4 49985 
3
159214 4 132285 4 39011 
3
117845 8 132285 7 129033 
3
194187 8 132285 5 117969 
3
86946 5 132285 4 68282 
4
159082 4 132285 4 7 6 161921 
3
101673 4 132285 5 164422 
3
167691 4 132285 4 121989 
3
187848 4 132285 4 143126 
3
153484 4 132285 5 154657 
3
160998 4 132285 4 141806 
4
17927 6 7 4 132285 4 147487 
3
128429 4 132285 4 116547 
3
65605 4 132285 8 130602 
3
135762 4 132285 5 89788 
3
58404 4 132285 4 103897 
3
119484 7 132285 4 87581 
3
69631 4 132285 5 58059 
3
91825 5 132285 4 105478 
3
125968 4 132285 8 69868 
3
97775 4 132285 4 10007 
3
147669 5 132285 4 104960 
4
89977 6 7 4 132285 5 167275 
3
14417 8 132285 4 11364 
3
5775 5 132285 4 147808 
3
96422 4 132285 5 186775 
4
35295 2 7 4 132285 4 71192 
3
60464 7 132285 4 133727 
3
159784 5 132285 4 730 
3
155393 4 132285 8 190539 
3
14235 4 132285 4 164970 
3
169579 5 132285 8 159891 
3
132487 4 132285 4 146191 
3
111376 8 132285 4 8534 
4
104448 4 132285 4 7 6 44626 
3
83014 4 132285 8 193804 
3
196442 5 132285 4 6305 
3
45614 4 132285 4 7408 
3
193751 5 132285 4 167431 
3
195255 5 132285 5 8726 
3
82988 4 132285 7 79996 
3
89502 8 132285 5 78717 
3
59966 5 132285 7 30160 
3
185835 5 132285 4 182881 
3
59742 8 132285 4 167355 
3
195220 4 132285 4 1619 
3
185548 4 132285 8 188989 
3
95020 4 132285 4 15240 
3
92194 4 132285 4 192858 
3
9767 4 132285 4 14675 
3
80133 4 132285 5 191298 
3
196195 4 132285 4 146676 
3
75838 5 132285 5 22838 
3
33735 4 132285 4 139647 
3
66624 5 132285 4 40871 
3
10594 5 132285 4 130844 
3
13315 4 132285 4 21199 
3
13676 4 132285 4 14086 
3
176865 4 132285 5 200208 
3
84394 4 132285 7 76817 
3
113054 4 132285 4 155734 
3
193886 8 132285 5 38214 
3
193448 4 132285 8 29679 
3
57719 4 132285 4 159863 
4
51839 4 132285 4 7 6 135719 
3
201659 4 132285 4 165068 
3
200958 4 132285 5 179261 
3
164437 4 132285 5 176099 
3
59195 4 132285 4 193457 
3
51782 4 132285 4 117038 
3
7808 8 132285 4 184904 
3
113014 4 132285 4 165969 
3
131731 4 132285 4 95412 
3
120910 4 132285 5 177693 
3
57788 4 132285 5 193985 
3
172333 4 132285 8 115638 
3
171796 4 132285 4 157090 
3
55121 4 132285 4 144911 
3
148638 5 132285 7 39124 
3
180342 4 132285 4 22755 
3
60125 8 132285 7 169022 
3
37820 8 132285 4 129255 
3
45157 4 132285 4 145367 
3
84958 5 132285 4 183290 
3
184204 4 132285 4 163779 
3
149802 4 132285 4 61887 
3
45276 8 132285 4 167174 
3
8711 4 132285 5 87825 
3
160293 4 132285 4 48248 
3
129733 4 132285 7 105587 
4
44413 2 7 4 132285 8 63803 
3
14514 4 132285 4 140908 
3
20287 8 132285 4 183737 
3
104809 4 132285 4 127078 
4
56781 2 7 4 132285 5 169971 
4
5865 2 7 4 132285 4 72342 
3
105483 4 132285 7 120803 
3
103540 5 132285 5 38520 
3
102439 5 132285 5 138463 
3
44145 7 132285 4 196428 
3
110020 5 132285 4 187701 
3
14460 5 132285 5 191010 
4
74988 4 132285 4 7 6 106905 
3
122941 4 132285 4 136474 
3
27 4 132285 4 24391 
3
90284 4 132285 4 172216 
3
151398 8 132285 5 9664 
3
67243 4 132285 4 181373 
3
113483 4 132285 4 152988 
3
195967 4 132285 5 114540 
3
66854 5 132285 4 159825 
3
37347 4 132285 4 23973 
3
126023 4 132285 4 43452 
3
7920 4 132285 4 46191 
3
7710 4 132285 5 6856 
3
32458 4 132285 8 178995 
3
124582 4 132285 4 187552 
3
202804 4 132285 4 117803 
4
111396 2 7 4 132285 4 48024 
3
158684 4 132285 5 142954 
4
46603 5 132285 4 7 6 199042 
3
38434 8 132285 4 45794 
3
163233 4 132285 4 100559 
3
170948 5 132285 4 154395 
3
146756 4 132285 4 138746 
3
185181 5 132285 4 106280 
3
109232 5 132285 8 185481 
3
111977 4 132285 5 30893 
3
131433 5 132285 5 168035 
3
61445 8 132285 4 66985 
3
31160 5 132285 5 166566 
3
8347 4 132285 8 181928 
3
133291 4 132285 8 4282 
3
179527 5 132285 4 112921 
3
167205 8 132285 4 70790 
4
131737 4 132285 4 7 6 91397 
3
16044 7 132285 5 87195 
3
194456 4 132285 7 166351 
3
201343 7 132285 4 174181 
3
187750 4 132285 4 198559 
3
142887 4 132285 7 74149 
4
89192 6 7 4 132285 4 97107 
3
138791 4 132285 4 100527 
3
171817 4 132285 5 1684 
